4.496928526554033 -1.4052639881780744 4.103254827944852 3.734735095518721 7.323009517152179 7.059192338853772 -2.3682415581623717 3.995382874040116 -2.2788045097126095 -1.3427978472793967 2.3827759550917125 3.8809391495853602 1.4536908498595864 3.2915925479543127 3.6456669182055292 
4.648625485438596 6.245055055580965 0.38478669959022443 3.8885103473728018 -2.2414315356532986 -2.4308107632767695 7.140868782193699 4.110505620049859 -3.3237940101146384 5.606117948281755 2.478553557724373 3.9689462940552613 2.32440438468163 3.3737935639229546 3.778939586490362 

0.9267392857870665 2.54084225821348 0.8593126915112551 0.3943116555305672 0.2482451666895297 0.10690707001373113 0.8162734916376615 2.499356381010298 0.765824877073118 0.8986183232098811 0.18380234078531746 0.6694388737684973 1.557732305235369 0.5595791226269147 0.9471010562439814 
1.4858346611607882 -2.2882141054760465 0.07983013478682346 0.4170111516405026 0.45218127278421044 -1.1017423009365261 1.0648004172170802 -1.0596298211120279 1.452813812048187 1.067507637276986 1.0907223536313875 0.2798140377312902 0.5521090697939212 0.22306883595402735 1.2588843056504386 
1.1610749246888925 -1.4562347798349957 0.3015618722623633 1.0430557907357199 0.15738384129666363 -0.23076852117404592 1.4963835767015217 -0.7666705355476922 0.2491168805542601 1.3651321732887152 0.46912227336470413 1.0313682001757205 0.2664435249576357 0.7473694031605437 1.3119200669964672 
1.2005772745428307 1.3150267467854675 0.2555626647403827 1.2253318445350483 0.6494136555692591 0.27989948782284496 0.960139274192777 1.8131518173512877 0.6001252129938652 0.9440101884651824 0.6107960547634222 0.7101906594898351 1.5264526300503354 1.3929315336661556 0.9874133119060352 
0.26997548204143884 -2.791074699105006 0.24001843898372077 0.7401463651707427 0.665649669270121 -1.4571780986095393 0.722219819806662 -2.124002920323432 0.4382305766300825 1.1464386824394666 1.1072776459427245 1.157637301746252 0.730017112691911 1.1176353675369501 1.2365935291590195 
0.859264669742206 -2.789642775896954 -0.49960378828040186 0.48990852145193575 0.16169030737157308 -1.2139851287383157 0.27861403053371814 -2.318237407174858 1.111204640829765 0.4970256595178495 0.8118235691303728 0.870995570235526 1.5460459346051214 0.48378066835955147 1.5107949494359219 
0.9089710618843705 -2.925787330378194 -0.5915181723166723 1.2842888993846293 0.6312300371114659 -0.9235492925170325 1.0426473189455838 -2.3496010941044707 1.3771340832056982 0.5906864279109126 1.2194479834048204 0.1085912066874804 1.2811962208092025 0.8997506728281413 1.4648713355935057 
0.9943225388769346 1.7107277591244245 0.06546557177632359 0.23140164932693263 1.003819002111101 0.4340295193684059 0.7187011436587242 1.9057314845384081 1.4778506515609673 1.3073256442534655 0.9092438701611814 0.2799951661199286 0.19291517334782451 0.2419022484069996 0.713813525131424 
1.3864186700824541 -0.7940817478373842 -4.862504823252811 1.2663927842618161 0.46382799714658923 4.299695263016211 0.2711440032800624 -1.3295903219711676 0.7060222114619135 0.23140312586021003 0.3377241473745833 0.6338948503831332 0.4901051063828884 0.41606356761984636 1.2575708156813963 
1.4479098549410023 -1.589637110352909 -0.5397487625773827 1.5011691784028107 0.4553059820042764 -0.9785934603050221 1.2835501375765472 -1.6692121431927605 1.3721120873116304 1.4003740986397724 1.4619028503451 0.12581209548305122 1.3154531646293597 0.8791166861907547 0.5117494558690393 
1.479251317592058 0.47694085415692217 0.1563234773824204 0.7625420889751192 0.7570250845506946 0.18992507665188496 0.7488284736798714 0.8425856775696763 1.1592671763511548 0.5684963420027778 1.4995986454782286 0.874555513612623 1.1986947466075841 1.0845402951697891 1.2137765805949314 
0.3273059618723491 1.221437061849451 0.08201352976317162 1.5389922228095556 0.7712271959909175 0.6516470497784927 1.3916495156367898 2.035085160949928 0.6413374184011493 0.9831105749307754 0.6036080234117742 0.846945602044374 0.8317823688405112 0.3578454040968262 1.2110021459004587 
0.41954323509869224 -0.22614858550025482 -0.06841740519744839 1.2672830934702242 0.8082089364589157 0.39554674766769854 1.350024562039677 -0.7241193051275094 1.2172387519738452 1.5010337067851771 0.778608509878138 0.4020589908303967 1.3080377084241535 1.0657568719630526 0.8113408553930259 
0.3239712861668689 1.2314550120743597 0.9690796603117433 0.9107705046113734 0.5922502389407278 0.7966545981735681 1.2924211973798712 0.6169077686765418 0.36173474052355603 0.7196864579505499 0.813621745227435 1.2171483094212718 0.4884160568189581 0.6774526980264669 0.6859539697055892 
1.3760860042690775 1.7300157113092804 0.965947351030406 0.264262662538017 1.1683670844516003 0.5636626380535065 0.9532625135219611 0.8227334322524716 0.25913996970692954 1.4467561074699387 0.4862607258494125 0.7972425550445688 1.1260614920870113 1.2773039354389117 1.1407437726085918 

-0.272865506505147 -0.43047197642383894 -0.4752053861920041 
-7.568761520318286 2.097249894243947 6.796097284855858 
7.3862626192194165 5.504164405303858 0.9864849130761848 
0.6437377505319967 0.011262476812041892 -1.4906665646048025 
0.6678026569114428 0.45694812136061214 0.08120868693315952 
-8.373713820184411 -3.849537079274642 2.8590885111366457 
0.17291334130909009 0.23633047406271437 -0.7575971786137997 
-7.115634824605669 1.9721248646082123 5.909484448930967 
-0.5522281405174765 -0.4430727779475452 -1.1184004862770776 
0.41070920242018216 -0.7475268554556794 -1.2801272515376316 
0.13810566760218962 -0.3044056731598449 -0.9900565452021219 
-0.24331542242153706 0.2273963783835456 0.3086880046985737 
-0.48767676649860525 -1.0575607744020612 -1.4841637915622548 
0.7483011780045368 0.1537941178087558 -0.22922122710501672 
0.28927921151547786 -0.40652837980291817 -1.6069469656219537 
