48.0
47.0
48.0
47.0
48.0
48.0
49.0
49.0
49.0
50.0
49.0
48.0
49.0
49.0
49.0
51.0
46.0
63.0
100.0
99.0
56.0
47.0
50.0
48.0
49.0
51.0
50.0
49.0
109.0
132.0
135.0
197.0
100.0
43.0
49.0
49.0
50.0
51.0
52.0
49.0
53.0
89.0
113.0
81.0
47.0
52.0
51.0
51.0
51.0
51.0
50.0
48.0
49.0
49.0
48.0
49.0
50.0
50.0
52.0
53.0
0.0


48.0
47.0
47.0
47.0
48.0
49.0
48.0
48.0
49.0
49.0
49.0
50.0
50.0
49.0
51.0
48.0
52.0
102.0
113.0
148.0
121.0
47.0
49.0
49.0
49.0
51.0
46.0
57.0
120.0
125.0
133.0
190.0
112.0
44.0
50.0
49.0
50.0
50.0
53.0
47.0
79.0
125.0
124.0
154.0
69.0
47.0
53.0
51.0
51.0
51.0
50.0
49.0
49.0
48.0
49.0
50.0
50.0
51.0
52.0
53.0
0.0


48.0
48.0
49.0
48.0
48.0
48.0
48.0
48.0
48.0
49.0
50.0
50.0
50.0
50.0
50.0
47.0
55.0
121.0
123.0
138.0
148.0
54.0
46.0
50.0
49.0
52.0
45.0
66.0
123.0
126.0
138.0
179.0
122.0
45.0
49.0
48.0
49.0
50.0
51.0
48.0
98.0
134.0
125.0
172.0
90.0
44.0
53.0
50.0
50.0
50.0
49.0
49.0
49.0
49.0
49.0
50.0
50.0
50.0
52.0
54.0
0.0


48.0
47.0
49.0
48.0
47.0
48.0
48.0
48.0
48.0
50.0
49.0
49.0
49.0
49.0
51.0
48.0
50.0
116.0
138.0
145.0
152.0
56.0
46.0
52.0
48.0
52.0
46.0
74.0
128.0
129.0
138.0
184.0
117.0
43.0
49.0
49.0
50.0
50.0
49.0
50.0
113.0
141.0
139.0
180.0
84.0
44.0
53.0
49.0
50.0
50.0
50.0
48.0
49.0
50.0
49.0
49.0
51.0
51.0
51.0
54.0
0.0


48.0
47.0
48.0
47.0
48.0
48.0
48.0
48.0
49.0
50.0
50.0
50.0
49.0
50.0
51.0
47.0
48.0
112.0
143.0
147.0
166.0
66.0
45.0
52.0
49.0
52.0
43.0
86.0
148.0
143.0
143.0
199.0
107.0
42.0
52.0
50.0
48.0
51.0
47.0
62.0
131.0
131.0
147.0
184.0
75.0
45.0
54.0
48.0
49.0
50.0
49.0
48.0
48.0
48.0
48.0
50.0
51.0
51.0
52.0
54.0
0.0


49.0
49.0
49.0
48.0
48.0
49.0
47.0
47.0
49.0
49.0
49.0
49.0
49.0
50.0
51.0
47.0
49.0
116.0
144.0
138.0
177.0
83.0
43.0
51.0
49.0
51.0
44.0
97.0
148.0
140.0
146.0
209.0
102.0
44.0
52.0
48.0
48.0
51.0
44.0
84.0
133.0
127.0
149.0
184.0
72.0
44.0
53.0
49.0
49.0
50.0
50.0
49.0
49.0
50.0
50.0
50.0
51.0
53.0
52.0
53.0
0.0


50.0
49.0
49.0
48.0
49.0
49.0
47.0
47.0
49.0
49.0
49.0
49.0
50.0
49.0
51.0
47.0
52.0
122.0
138.0
134.0
181.0
104.0
44.0
49.0
49.0
51.0
46.0
108.0
141.0
136.0
141.0
201.0
101.0
43.0
50.0
48.0
49.0
49.0
47.0
105.0
127.0
136.0
150.0
180.0
68.0
45.0
52.0
49.0
49.0
50.0
51.0
49.0
49.0
50.0
50.0
50.0
51.0
53.0
52.0
53.0
0.0


50.0
50.0
50.0
49.0
48.0
49.0
48.0
48.0
49.0
49.0
50.0
49.0
48.0
48.0
48.0
45.0
54.0
123.0
133.0
134.0
177.0
122.0
46.0
48.0
50.0
48.0
52.0
120.0
140.0
140.0
143.0
199.0
92.0
43.0
50.0
48.0
50.0
47.0
57.0
129.0
129.0
144.0
154.0
168.0
59.0
48.0
51.0
49.0
50.0
50.0
51.0
50.0
50.0
50.0
51.0
51.0
51.0
52.0
52.0
53.0
0.0


49.0
50.0
50.0
49.0
49.0
49.0
49.0
49.0
51.0
49.0
49.0
49.0
48.0
49.0
50.0
46.0
50.0
120.0
135.0
136.0
176.0
138.0
50.0
47.0
52.0
46.0
57.0
129.0
142.0
143.0
148.0
197.0
84.0
43.0
50.0
48.0
50.0
43.0
81.0
149.0
141.0
151.0
172.0
147.0
47.0
50.0
50.0
50.0
50.0
50.0
51.0
51.0
52.0
51.0
51.0
51.0
51.0
52.0
52.0
54.0
0.0


48.0
49.0
49.0
49.0
49.0
50.0
50.0
50.0
51.0
50.0
49.0
48.0
49.0
49.0
50.0
46.0
46.0
114.0
151.0
146.0
180.0
155.0
54.0
46.0
53.0
45.0
67.0
141.0
141.0
143.0
154.0
192.0
74.0
44.0
51.0
49.0
49.0
44.0
107.0
135.0
139.0
153.0
214.0
114.0
42.0
54.0
50.0
50.0
51.0
50.0
51.0
52.0
51.0
51.0
52.0
51.0
52.0
52.0
52.0
53.0
0.0


49.0
50.0
49.0
50.0
49.0
50.0
50.0
51.0
51.0
48.0
49.0
49.0
48.0
48.0
49.0
48.0
43.0
106.0
157.0
142.0
169.0
168.0
58.0
45.0
53.0
43.0
76.0
150.0
141.0
146.0
157.0
183.0
65.0
45.0
51.0
50.0
47.0
56.0
123.0
128.0
146.0
154.0
227.0
85.0
43.0
52.0
50.0
50.0
50.0
51.0
50.0
51.0
51.0
51.0
51.0
51.0
52.0
53.0
53.0
54.0
0.0


50.0
49.0
49.0
49.0
50.0
50.0
51.0
52.0
49.0
47.0
47.0
48.0
48.0
48.0
48.0
49.0
41.0
96.0
155.0
146.0
167.0
179.0
63.0
44.0
52.0
44.0
89.0
151.0
145.0
151.0
167.0
170.0
57.0
46.0
51.0
51.0
43.0
80.0
133.0
131.0
150.0
167.0
192.0
62.0
47.0
51.0
50.0
50.0
50.0
51.0
51.0
52.0
52.0
51.0
51.0
51.0
51.0
52.0
53.0
53.0
0.0


49.0
49.0
49.0
49.0
50.0
50.0
51.0
51.0
49.0
48.0
48.0
48.0
48.0
48.0
48.0
48.0
41.0
89.0
150.0
148.0
165.0
191.0
71.0
43.0
52.0
48.0
108.0
161.0
158.0
157.0
170.0
166.0
56.0
46.0
52.0
51.0
49.0
108.0
132.0
135.0
150.0
184.0
157.0
50.0
51.0
51.0
50.0
50.0
52.0
52.0
50.0
53.0
52.0
50.0
51.0
51.0
51.0
52.0
53.0
53.0
0.0


49.0
48.0
48.0
49.0
50.0
50.0
49.0
50.0
48.0
48.0
48.0
48.0
48.0
47.0
45.0
48.0
41.0
86.0
147.0
146.0
160.0
205.0
83.0
46.0
51.0
55.0
132.0
164.0
159.0
159.0
182.0
169.0
56.0
48.0
54.0
45.0
69.0
126.0
132.0
147.0
154.0
210.0
129.0
45.0
51.0
50.0
50.0
50.0
52.0
52.0
51.0
50.0
51.0
50.0
51.0
51.0
51.0
52.0
52.0
53.0
0.0


48.0
49.0
48.0
49.0
50.0
49.0
48.0
49.0
48.0
47.0
48.0
47.0
47.0
48.0
47.0
47.0
39.0
84.0
146.0
145.0
156.0
211.0
99.0
44.0
49.0
63.0
147.0
158.0
156.0
157.0
202.0
160.0
53.0
51.0
52.0
48.0
103.0
142.0
139.0
155.0
160.0
232.0
102.0
43.0
53.0
50.0
51.0
51.0
50.0
51.0
50.0
50.0
50.0
52.0
52.0
50.0
51.0
53.0
52.0
53.0
0.0


49.0
49.0
49.0
49.0
49.0
49.0
49.0
49.0
48.0
47.0
48.0
48.0
48.0
47.0
48.0
49.0
41.0
84.0
145.0
147.0
156.0
195.0
126.0
46.0
47.0
68.0
145.0
135.0
137.0
149.0
194.0
134.0
49.0
52.0
51.0
60.0
139.0
151.0
159.0
160.0
165.0
232.0
81.0
44.0
53.0
52.0
51.0
51.0
51.0
50.0
49.0
50.0
50.0
51.0
50.0
50.0
51.0
52.0
52.0
52.0
0.0


49.0
49.0
48.0
49.0
50.0
50.0
50.0
49.0
49.0
48.0
49.0
48.0
49.0
48.0
48.0
49.0
40.0
85.0
144.0
150.0
169.0
187.0
156.0
54.0
46.0
73.0
150.0
128.0
135.0
149.0
203.0
118.0
45.0
53.0
48.0
79.0
140.0
149.0
156.0
164.0
186.0
196.0
64.0
47.0
53.0
53.0
52.0
52.0
50.0
50.0
49.0
49.0
50.0
49.0
49.0
51.0
51.0
51.0
53.0
54.0
0.0


49.0
49.0
49.0
49.0
50.0
50.0
50.0
49.0
49.0
50.0
49.0
48.0
48.0
48.0
48.0
49.0
40.0
84.0
153.0
155.0
174.0
183.0
187.0
66.0
45.0
79.0
155.0
131.0
143.0
154.0
203.0
105.0
47.0
54.0
53.0
105.0
129.0
135.0
151.0
166.0
233.0
142.0
50.0
53.0
53.0
52.0
53.0
52.0
50.0
51.0
50.0
51.0
50.0
50.0
50.0
51.0
52.0
51.0
51.0
53.0
0.0


49.0
49.0
49.0
49.0
49.0
50.0
50.0
50.0
51.0
50.0
48.0
48.0
49.0
50.0
48.0
50.0
41.0
82.0
154.0
150.0
164.0
164.0
198.0
77.0
44.0
84.0
155.0
134.0
147.0
155.0
201.0
94.0
48.0
54.0
67.0
121.0
124.0
134.0
144.0
164.0
231.0
89.0
44.0
56.0
53.0
52.0
52.0
51.0
51.0
51.0
51.0
50.0
51.0
51.0
51.0
50.0
51.0
52.0
52.0
53.0
0.0


49.0
49.0
49.0
49.0
50.0
50.0
50.0
50.0
51.0
49.0
50.0
50.0
50.0
49.0
48.0
51.0
43.0
78.0
138.0
133.0
150.0
151.0
201.0
87.0
42.0
85.0
155.0
134.0
146.0
159.0
194.0
82.0
51.0
55.0
90.0
127.0
124.0
142.0
153.0
191.0
171.0
57.0
49.0
55.0
53.0
53.0
52.0
51.0
50.0
51.0
50.0
49.0
52.0
51.0
51.0
50.0
51.0
52.0
52.0
53.0
0.0


49.0
49.0
49.0
48.0
49.0
50.0
50.0
50.0
49.0
50.0
50.0
49.0
49.0
49.0
49.0
50.0
43.0
64.0
136.0
133.0
147.0
152.0
201.0
93.0
42.0
87.0
164.0
142.0
151.0
170.0
172.0
69.0
52.0
60.0
113.0
124.0
132.0
150.0
161.0
219.0
118.0
46.0
54.0
53.0
54.0
52.0
52.0
50.0
50.0
50.0
49.0
50.0
50.0
52.0
52.0
51.0
51.0
52.0
52.0
52.0
0.0


48.0
48.0
48.0
49.0
49.0
50.0
49.0
50.0
50.0
50.0
50.0
50.0
50.0
50.0
48.0
50.0
45.0
55.0
129.0
137.0
147.0
153.0
203.0
98.0
44.0
89.0
171.0
156.0
164.0
184.0
151.0
61.0
54.0
70.0
126.0
128.0
144.0
153.0
168.0
214.0
78.0
44.0
56.0
52.0
54.0
53.0
51.0
51.0
51.0
49.0
50.0
50.0
51.0
51.0
51.0
53.0
52.0
51.0
52.0
53.0
0.0


48.0
48.0
48.0
48.0
49.0
49.0
49.0
49.0
50.0
50.0
50.0
50.0
49.0
49.0
48.0
50.0
48.0
48.0
119.0
144.0
150.0
155.0
203.0
103.0
45.0
96.0
156.0
143.0
153.0
178.0
130.0
57.0
51.0
85.0
141.0
139.0
149.0
154.0
186.0
160.0
54.0
51.0
55.0
53.0
53.0
53.0
52.0
50.0
51.0
50.0
51.0
51.0
50.0
51.0
52.0
51.0
51.0
53.0
52.0
52.0
0.0


48.0
48.0
49.0
49.0
48.0
49.0
49.0
49.0
49.0
49.0
50.0
50.0
49.0
49.0
51.0
46.0
47.0
37.0
95.0
153.0
155.0
162.0
200.0
118.0
49.0
121.0
159.0
151.0
156.0
186.0
115.0
52.0
59.0
108.0
148.0
145.0
150.0
158.0
220.0
111.0
44.0
56.0
53.0
54.0
54.0
53.0
51.0
52.0
51.0
50.0
49.0
50.0
50.0
51.0
51.0
51.0
52.0
52.0
52.0
52.0
0.0


48.0
50.0
48.0
49.0
48.0
48.0
49.0
49.0
50.0
50.0
50.0
49.0
49.0
51.0
47.0
60.0
103.0
104.0
114.0
150.0
152.0
150.0
180.0
156.0
92.0
120.0
141.0
153.0
146.0
148.0
108.0
57.0
93.0
142.0
150.0
156.0
161.0
172.0
207.0
72.0
48.0
55.0
53.0
53.0
53.0
52.0
50.0
51.0
50.0
50.0
50.0
49.0
50.0
51.0
50.0
51.0
52.0
52.0
52.0
52.0
0.0


49.0
49.0
48.0
49.0
47.0
47.0
49.0
49.0
49.0
49.0
48.0
49.0
50.0
49.0
54.0
139.0
168.0
165.0
179.0
137.0
110.0
128.0
151.0
137.0
116.0
117.0
124.0
125.0
121.0
101.0
88.0
87.0
105.0
120.0
133.0
146.0
164.0
197.0
157.0
53.0
55.0
55.0
54.0
54.0
53.0
53.0
53.0
50.0
50.0
51.0
50.0
50.0
51.0
51.0
50.0
51.0
52.0
51.0
52.0
51.0
0.0


48.0
48.0
48.0
48.0
48.0
48.0
49.0
49.0
48.0
50.0
48.0
48.0
52.0
44.0
81.0
168.0
135.0
137.0
153.0
113.0
114.0
138.0
139.0
138.0
116.0
122.0
128.0
122.0
117.0
105.0
87.0
91.0
104.0
111.0
123.0
132.0
148.0
224.0
120.0
45.0
56.0
54.0
55.0
54.0
53.0
52.0
51.0
51.0
50.0
51.0
51.0
50.0
51.0
51.0
51.0
52.0
52.0
50.0
51.0
52.0
0.0


49.0
48.0
48.0
49.0
49.0
49.0
49.0
49.0
49.0
49.0
50.0
48.0
52.0
44.0
99.0
161.0
136.0
141.0
143.0
123.0
141.0
141.0
145.0
160.0
147.0
125.0
127.0
121.0
116.0
110.0
95.0
98.0
110.0
120.0
128.0
129.0
153.0
229.0
99.0
47.0
57.0
54.0
55.0
54.0
53.0
52.0
51.0
51.0
50.0
50.0
50.0
50.0
50.0
50.0
50.0
51.0
52.0
51.0
50.0
52.0
0.0


49.0
49.0
49.0
48.0
49.0
49.0
49.0
49.0
49.0
49.0
48.0
49.0
52.0
47.0
125.0
157.0
133.0
136.0
145.0
143.0
157.0
156.0
158.0
156.0
167.0
168.0
124.0
124.0
122.0
104.0
104.0
115.0
120.0
136.0
133.0
138.0
168.0
231.0
88.0
48.0
57.0
56.0
55.0
55.0
53.0
51.0
51.0
52.0
51.0
50.0
50.0
50.0
51.0
50.0
51.0
51.0
51.0
51.0
50.0
53.0
0.0


49.0
48.0
49.0
48.0
48.0
49.0
49.0
50.0
50.0
49.0
48.0
51.0
47.0
58.0
151.0
156.0
142.0
136.0
149.0
159.0
166.0
171.0
168.0
156.0
182.0
218.0
164.0
133.0
121.0
114.0
123.0
128.0
130.0
138.0
122.0
158.0
169.0
224.0
79.0
50.0
57.0
57.0
56.0
55.0
53.0
53.0
52.0
51.0
51.0
50.0
50.0
50.0
51.0
50.0
51.0
51.0
52.0
52.0
52.0
52.0
0.0


49.0
48.0
49.0
49.0
49.0
49.0
49.0
50.0
49.0
50.0
49.0
52.0
44.0
74.0
155.0
153.0
161.0
142.0
144.0
168.0
166.0
166.0
169.0
176.0
203.0
189.0
198.0
173.0
115.0
122.0
132.0
133.0
144.0
123.0
124.0
155.0
159.0
206.0
68.0
55.0
60.0
56.0
57.0
53.0
52.0
52.0
52.0
51.0
51.0
50.0
50.0
50.0
50.0
51.0
51.0
51.0
53.0
51.0
52.0
52.0
0.0


50.0
50.0
49.0
49.0
48.0
48.0
48.0
49.0
50.0
49.0
49.0
53.0
45.0
90.0
149.0
158.0
181.0
156.0
150.0
163.0
186.0
165.0
172.0
184.0
187.0
183.0
188.0
212.0
153.0
122.0
135.0
141.0
145.0
124.0
154.0
136.0
184.0
172.0
59.0
56.0
66.0
64.0
57.0
55.0
54.0
51.0
52.0
51.0
52.0
52.0
51.0
50.0
50.0
51.0
50.0
51.0
52.0
51.0
52.0
51.0
0.0


49.0
50.0
49.0
49.0
48.0
48.0
48.0
47.0
48.0
49.0
49.0
51.0
48.0
106.0
154.0
179.0
213.0
179.0
158.0
163.0
183.0
192.0
174.0
184.0
187.0
186.0
192.0
194.0
206.0
153.0
147.0
152.0
126.0
148.0
137.0
151.0
208.0
141.0
56.0
59.0
58.0
61.0
57.0
55.0
54.0
53.0
52.0
51.0
52.0
51.0
51.0
49.0
51.0
50.0
51.0
51.0
51.0
51.0
51.0
51.0
0.0


50.0
49.0
49.0
49.0
48.0
49.0
49.0
49.0
48.0
50.0
50.0
48.0
51.0
122.0
165.0
175.0
185.0
196.0
167.0
166.0
145.0
149.0
188.0
187.0
197.0
199.0
200.0
198.0
206.0
209.0
145.0
118.0
123.0
109.0
130.0
161.0
169.0
137.0
55.0
59.0
58.0
55.0
57.0
55.0
52.0
52.0
52.0
51.0
52.0
52.0
51.0
50.0
51.0
52.0
51.0
50.0
51.0
52.0
51.0
52.0
0.0


49.0
49.0
49.0
49.0
49.0
49.0
48.0
49.0
50.0
49.0
52.0
47.0
55.0
131.0
142.0
146.0
165.0
182.0
184.0
164.0
132.0
98.0
151.0
204.0
190.0
196.0
201.0
206.0
205.0
218.0
165.0
100.0
99.0
126.0
171.0
148.0
177.0
141.0
57.0
61.0
58.0
57.0
54.0
55.0
54.0
52.0
52.0
51.0
51.0
51.0
50.0
50.0
50.0
51.0
50.0
50.0
50.0
51.0
50.0
52.0
0.0


50.0
50.0
49.0
49.0
49.0
49.0
49.0
49.0
49.0
48.0
51.0
50.0
53.0
127.0
148.0
150.0
148.0
162.0
197.0
172.0
135.0
104.0
103.0
174.0
205.0
192.0
192.0
200.0
204.0
205.0
223.0
143.0
125.0
166.0
159.0
149.0
180.0
152.0
60.0
59.0
58.0
57.0
55.0
55.0
55.0
53.0
53.0
52.0
51.0
52.0
53.0
51.0
51.0
52.0
52.0
50.0
51.0
51.0
52.0
53.0
0.0


49.0
50.0
50.0
49.0
49.0
49.0
48.0
49.0
49.0
49.0
50.0
51.0
48.0
112.0
144.0
132.0
137.0
164.0
190.0
205.0
142.0
120.0
109.0
143.0
190.0
198.0
195.0
193.0
200.0
202.0
198.0
203.0
162.0
157.0
163.0
153.0
173.0
173.0
66.0
59.0
58.0
57.0
55.0
53.0
52.0
53.0
53.0
52.0
52.0
50.0
51.0
51.0
51.0
52.0
51.0
50.0
52.0
51.0
51.0
53.0
0.0


51.0
50.0
50.0
50.0
50.0
50.0
50.0
50.0
49.0
51.0
49.0
52.0
47.0
92.0
133.0
127.0
149.0
171.0
181.0
183.0
178.0
157.0
161.0
172.0
176.0
181.0
200.0
195.0
195.0
199.0
196.0
195.0
197.0
176.0
157.0
152.0
167.0
194.0
74.0
58.0
59.0
57.0
56.0
54.0
54.0
53.0
52.0
52.0
52.0
52.0
51.0
51.0
51.0
51.0
50.0
52.0
51.0
51.0
52.0
51.0
0.0


51.0
51.0
51.0
51.0
50.0
50.0
51.0
50.0
50.0
50.0
50.0
52.0
45.0
74.0
135.0
138.0
145.0
146.0
154.0
163.0
176.0
179.0
178.0
184.0
178.0
150.0
167.0
196.0
190.0
192.0
194.0
192.0
192.0
188.0
167.0
157.0
167.0
206.0
81.0
57.0
60.0
57.0
57.0
54.0
53.0
53.0
52.0
52.0
51.0
52.0
52.0
52.0
52.0
51.0
52.0
51.0
51.0
51.0
51.0
50.0
0.0


50.0
49.0
50.0
50.0
49.0
50.0
51.0
50.0
50.0
51.0
50.0
53.0
48.0
65.0
132.0
123.0
121.0
133.0
142.0
161.0
173.0
174.0
176.0
179.0
169.0
143.0
150.0
183.0
190.0
189.0
191.0
192.0
194.0
191.0
187.0
176.0
169.0
225.0
87.0
55.0
60.0
57.0
56.0
54.0
53.0
53.0
53.0
52.0
52.0
52.0
51.0
51.0
52.0
52.0
52.0
51.0
51.0
50.0
49.0
48.0
0.0


50.0
50.0
51.0
51.0
52.0
52.0
50.0
50.0
50.0
51.0
50.0
52.0
49.0
63.0
126.0
119.0
127.0
130.0
138.0
152.0
166.0
173.0
179.0
182.0
167.0
148.0
152.0
165.0
179.0
188.0
188.0
191.0
190.0
188.0
188.0
189.0
176.0
233.0
89.0
54.0
60.0
57.0
56.0
55.0
53.0
53.0
52.0
52.0
52.0
52.0
52.0
52.0
52.0
52.0
51.0
52.0
51.0
50.0
49.0
47.0
0.0


50.0
51.0
51.0
52.0
51.0
51.0
50.0
50.0
50.0
52.0
51.0
52.0
49.0
61.0
124.0
124.0
129.0
127.0
131.0
144.0
159.0
164.0
171.0
185.0
170.0
150.0
141.0
156.0
168.0
177.0
185.0
185.0
185.0
185.0
190.0
198.0
183.0
227.0
86.0
55.0
60.0
57.0
56.0
54.0
54.0
52.0
52.0
52.0
52.0
52.0
52.0
52.0
51.0
51.0
52.0
52.0
51.0
50.0
49.0
48.0
0.0


50.0
51.0
51.0
51.0
51.0
52.0
50.0
51.0
50.0
52.0
51.0
53.0
51.0
56.0
122.0
126.0
126.0
126.0
124.0
136.0
151.0
157.0
168.0
181.0
156.0
146.0
130.0
135.0
157.0
170.0
183.0
182.0
181.0
182.0
191.0
206.0
191.0
204.0
78.0
58.0
59.0
57.0
55.0
53.0
54.0
54.0
52.0
53.0
52.0
52.0
52.0
52.0
52.0
52.0
51.0
52.0
51.0
49.0
50.0
50.0
0.0


51.0
52.0
52.0
51.0
51.0
52.0
52.0
51.0
51.0
52.0
51.0
53.0
52.0
53.0
120.0
127.0
124.0
122.0
120.0
128.0
145.0
148.0
162.0
166.0
140.0
141.0
124.0
111.0
138.0
166.0
187.0
184.0
176.0
183.0
199.0
208.0
200.0
194.0
73.0
59.0
62.0
57.0
54.0
55.0
54.0
52.0
53.0
53.0
52.0
51.0
51.0
51.0
53.0
53.0
52.0
50.0
51.0
50.0
49.0
50.0
0.0


51.0
52.0
52.0
53.0
52.0
52.0
52.0
52.0
52.0
51.0
53.0
54.0
54.0
52.0
114.0
132.0
124.0
122.0
114.0
122.0
139.0
143.0
157.0
145.0
135.0
138.0
122.0
117.0
124.0
157.0
174.0
192.0
188.0
197.0
213.0
205.0
207.0
189.0
71.0
60.0
61.0
58.0
56.0
56.0
55.0
52.0
53.0
53.0
52.0
52.0
51.0
51.0
52.0
52.0
51.0
51.0
50.0
50.0
50.0
50.0
0.0


52.0
52.0
52.0
52.0
52.0
53.0
52.0
52.0
52.0
53.0
53.0
53.0
57.0
49.0
100.0
143.0
123.0
122.0
115.0
124.0
134.0
137.0
152.0
130.0
138.0
136.0
120.0
129.0
127.0
143.0
171.0
189.0
205.0
215.0
217.0
203.0
214.0
182.0
68.0
60.0
61.0
57.0
55.0
54.0
54.0
54.0
54.0
53.0
51.0
51.0
51.0
52.0
50.0
50.0
50.0
51.0
50.0
50.0
50.0
51.0
0.0


52.0
53.0
52.0
52.0
53.0
53.0
53.0
52.0
53.0
54.0
54.0
54.0
57.0
51.0
82.0
150.0
126.0
124.0
119.0
126.0
129.0
132.0
145.0
124.0
148.0
131.0
123.0
126.0
142.0
142.0
161.0
189.0
203.0
215.0
218.0
205.0
219.0
179.0
67.0
62.0
62.0
58.0
55.0
54.0
54.0
53.0
53.0
53.0
52.0
51.0
51.0
50.0
52.0
51.0
50.0
50.0
50.0
49.0
50.0
51.0
0.0


52.0
53.0
53.0
53.0
53.0
54.0
56.0
54.0
54.0
54.0
55.0
54.0
55.0
56.0
68.0
147.0
135.0
129.0
125.0
128.0
124.0
129.0
136.0
128.0
153.0
127.0
129.0
130.0
137.0
152.0
162.0
176.0
196.0
210.0
219.0
205.0
229.0
172.0
67.0
61.0
59.0
58.0
55.0
54.0
54.0
53.0
52.0
52.0
50.0
50.0
50.0
49.0
50.0
50.0
49.0
49.0
50.0
51.0
50.0
51.0
0.0


53.0
54.0
54.0
53.0
54.0
55.0
55.0
54.0
54.0
54.0
55.0
54.0
55.0
57.0
56.0
124.0
148.0
132.0
135.0
130.0
124.0
122.0
121.0
125.0
148.0
127.0
134.0
136.0
139.0
148.0
167.0
189.0
201.0
213.0
215.0
201.0
244.0
161.0
66.0
65.0
60.0
58.0
56.0
55.0
54.0
53.0
52.0
51.0
51.0
49.0
49.0
49.0
50.0
49.0
49.0
49.0
49.0
50.0
50.0
51.0
0.0


52.0
54.0
54.0
53.0
54.0
54.0
55.0
55.0
54.0
55.0
55.0
56.0
56.0
59.0
55.0
92.0
161.0
133.0
138.0
136.0
125.0
119.0
113.0
126.0
150.0
135.0
138.0
144.0
152.0
159.0
170.0
193.0
213.0
217.0
218.0
199.0
253.0
141.0
64.0
65.0
60.0
58.0
55.0
55.0
53.0
52.0
51.0
51.0
51.0
50.0
49.0
48.0
49.0
49.0
48.0
49.0
50.0
50.0
50.0
51.0
0.0


53.0
53.0
54.0
54.0
54.0
54.0
54.0
55.0
55.0
56.0
55.0
55.0
57.0
60.0
59.0
66.0
145.0
146.0
137.0
136.0
128.0
121.0
113.0
125.0
156.0
141.0
147.0
154.0
164.0
171.0
184.0
198.0
209.0
214.0
214.0
202.0
255.0
103.0
60.0
64.0
60.0
58.0
56.0
54.0
53.0
52.0
52.0
52.0
52.0
51.0
49.0
50.0
50.0
50.0
50.0
49.0
51.0
51.0
50.0
51.0
0.0


52.0
53.0
54.0
54.0
55.0
55.0
55.0
55.0
56.0
56.0
57.0
56.0
57.0
60.0
63.0
58.0
101.0
163.0
140.0
139.0
139.0
132.0
119.0
124.0
157.0
153.0
155.0
164.0
171.0
180.0
193.0
205.0
212.0
217.0
206.0
224.0
210.0
79.0
64.0
66.0
61.0
59.0
58.0
55.0
53.0
53.0
53.0
53.0
52.0
52.0
52.0
49.0
50.0
49.0
49.0
50.0
51.0
51.0
51.0
51.0
0.0


52.0
53.0
53.0
54.0
55.0
57.0
57.0
56.0
57.0
56.0
56.0
56.0
58.0
60.0
65.0
62.0
69.0
140.0
154.0
144.0
149.0
144.0
132.0
133.0
150.0
164.0
162.0
172.0
181.0
188.0
198.0
206.0
215.0
219.0
201.0
250.0
157.0
68.0
66.0
65.0
61.0
59.0
57.0
57.0
55.0
54.0
54.0
53.0
52.0
54.0
53.0
51.0
51.0
51.0
50.0
50.0
53.0
51.0
51.0
52.0
0.0


53.0
53.0
54.0
54.0
55.0
56.0
56.0
57.0
56.0
56.0
56.0
58.0
59.0
61.0
62.0
66.0
62.0
100.0
159.0
146.0
151.0
148.0
146.0
146.0
149.0
164.0
173.0
184.0
192.0
201.0
205.0
214.0
217.0
215.0
202.0
252.0
147.0
69.0
66.0
66.0
62.0
60.0
58.0
57.0
57.0
55.0
56.0
54.0
54.0
54.0
53.0
52.0
52.0
53.0
51.0
52.0
51.0
51.0
52.0
52.0
0.0


52.0
53.0
53.0
54.0
56.0
56.0
56.0
56.0
56.0
57.0
57.0
58.0
61.0
62.0
64.0
66.0
67.0
69.0
138.0
153.0
150.0
152.0
157.0
158.0
158.0
164.0
174.0
192.0
202.0
205.0
211.0
214.0
218.0
217.0
211.0
235.0
178.0
82.0
68.0
67.0
65.0
62.0
59.0
57.0
56.0
56.0
55.0
54.0
55.0
54.0
53.0
53.0
53.0
53.0
52.0
52.0
52.0
53.0
53.0
53.0
0.0


53.0
53.0
53.0
54.0
55.0
56.0
57.0
57.0
56.0
57.0
57.0
59.0
63.0
64.0
66.0
67.0
71.0
64.0
94.0
179.0
161.0
167.0
164.0
165.0
166.0
175.0
187.0
190.0
201.0
205.0
210.0
217.0
223.0
223.0
220.0
214.0
222.0
101.0
67.0
68.0
65.0
63.0
61.0
60.0
58.0
58.0
56.0
56.0
56.0
55.0
54.0
53.0
54.0
54.0
53.0
53.0
54.0
53.0
52.0
53.0
0.0


53.0
54.0
55.0
54.0
54.0
56.0
56.0
57.0
58.0
57.0
57.0
59.0
63.0
65.0
67.0
67.0
69.0
72.0
69.0
132.0
196.0
179.0
184.0
184.0
184.0
186.0
189.0
191.0
194.0
201.0
206.0
216.0
221.0
222.0
222.0
208.0
244.0
132.0
68.0
68.0
65.0
64.0
61.0
59.0
59.0
59.0
57.0
56.0
56.0
56.0
55.0
54.0
55.0
54.0
55.0
55.0
55.0
55.0
54.0
54.0
0.0


53.0
53.0
53.0
53.0
54.0
56.0
56.0
57.0
57.0
57.0
58.0
61.0
64.0
66.0
67.0
67.0
69.0
71.0
72.0
76.0
157.0
203.0
196.0
200.0
195.0
193.0
194.0
195.0
197.0
200.0
205.0
213.0
218.0
219.0
220.0
209.0
228.0
172.0
77.0
66.0
65.0
64.0
61.0
59.0
59.0
59.0
58.0
57.0
56.0
57.0
55.0
56.0
55.0
55.0
56.0
56.0
56.0
55.0
54.0
54.0
0.0


54.0
53.0
53.0
54.0
55.0
56.0
56.0
57.0
57.0
56.0
60.0
63.0
64.0
66.0
67.0
68.0
69.0
70.0
75.0
72.0
98.0
189.0
188.0
196.0
197.0
198.0
201.0
197.0
198.0
204.0
206.0
214.0
216.0
218.0
219.0
217.0
207.0
223.0
99.0
65.0
67.0
63.0
62.0
61.0
59.0
60.0
59.0
57.0
57.0
56.0
56.0
56.0
55.0
56.0
55.0
55.0
56.0
56.0
54.0
55.0
0.0


54.0
54.0
55.0
55.0
55.0
56.0
56.0
56.0
57.0
57.0
59.0
62.0
64.0
66.0
68.0
67.0
70.0
72.0
74.0
76.0
76.0
139.0
199.0
187.0
197.0
192.0
194.0
192.0
194.0
197.0
198.0
208.0
212.0
218.0
215.0
218.0
205.0
242.0
127.0
64.0
67.0
64.0
61.0
61.0
60.0
59.0
59.0
57.0
58.0
57.0
57.0
56.0
55.0
54.0
55.0
56.0
54.0
55.0
55.0
54.0
0.0


0.0
0.0
0.0
0.0
0.0
0.0
0.0
0.0
0.0
0.0
0.0
0.0
0.0
0.0
0.0
0.0
0.0
0.0
0.0
0.0
0.0
0.0
0.0
0.0
0.0
0.0
0.0
0.0
0.0
0.0
0.0
0.0
0.0
0.0
0.0
0.0
0.0
0.0
0.0
0.0
0.0
0.0
0.0
0.0
0.0
0.0
0.0
0.0
0.0
0.0
0.0
0.0
0.0
0.0
0.0
0.0
0.0
0.0
0.0
0.0
0.0


