49.0
49.0
48.0
49.0
49.0
49.0
49.0
50.0
51.0
51.0
52.0
52.0
52.0
53.0
52.0
49.0
51.0
53.0
52.0
53.0
53.0
53.0
53.0
54.0
54.0
52.0
53.0
53.0
54.0
56.0
0.0


48.0
49.0
48.0
48.0
49.0
50.0
50.0
50.0
51.0
51.0
51.0
51.0
52.0
51.0
55.0
85.0
66.0
51.0
50.0
54.0
53.0
52.0
53.0
52.0
53.0
53.0
55.0
55.0
56.0
56.0
0.0


48.0
49.0
49.0
47.0
49.0
49.0
50.0
51.0
51.0
51.0
51.0
51.0
51.0
48.0
63.0
164.0
95.0
45.0
51.0
51.0
55.0
53.0
51.0
52.0
52.0
52.0
51.0
52.0
53.0
56.0
0.0


48.0
49.0
50.0
48.0
49.0
50.0
51.0
51.0
52.0
47.0
75.0
109.0
54.0
45.0
69.0
160.0
97.0
45.0
52.0
52.0
116.0
90.0
47.0
53.0
52.0
50.0
49.0
49.0
52.0
55.0
0.0


49.0
49.0
51.0
50.0
49.0
50.0
50.0
51.0
52.0
45.0
85.0
156.0
61.0
42.0
78.0
169.0
103.0
45.0
48.0
59.0
157.0
105.0
47.0
53.0
52.0
50.0
49.0
50.0
52.0
55.0
0.0


49.0
50.0
50.0
50.0
49.0
50.0
51.0
51.0
52.0
47.0
84.0
155.0
71.0
41.0
91.0
183.0
99.0
45.0
48.0
77.0
162.0
95.0
46.0
52.0
51.0
51.0
49.0
50.0
53.0
55.0
0.0


49.0
50.0
51.0
50.0
50.0
49.0
46.0
49.0
51.0
46.0
84.0
171.0
85.0
42.0
101.0
179.0
94.0
45.0
51.0
103.0
182.0
84.0
46.0
51.0
51.0
52.0
51.0
52.0
54.0
54.0
0.0


50.0
50.0
50.0
50.0
50.0
50.0
70.0
55.0
50.0
46.0
79.0
184.0
92.0
44.0
115.0
186.0
87.0
44.0
60.0
124.0
168.0
67.0
48.0
52.0
51.0
52.0
52.0
52.0
53.0
53.0
0.0


50.0
50.0
50.0
50.0
49.0
50.0
138.0
91.0
46.0
48.0
75.0
178.0
99.0
51.0
143.0
195.0
84.0
43.0
85.0
153.0
146.0
56.0
51.0
52.0
52.0
52.0
52.0
52.0
52.0
53.0
0.0


50.0
50.0
50.0
50.0
51.0
45.0
125.0
135.0
49.0
46.0
76.0
180.0
117.0
60.0
139.0
175.0
78.0
50.0
120.0
190.0
127.0
49.0
53.0
52.0
51.0
51.0
51.0
52.0
52.0
52.0
0.0


49.0
50.0
50.0
50.0
51.0
44.0
100.0
194.0
66.0
43.0
80.0
173.0
136.0
71.0
135.0
165.0
69.0
65.0
123.0
176.0
93.0
49.0
54.0
51.0
52.0
52.0
51.0
51.0
51.0
51.0
0.0


50.0
50.0
50.0
51.0
50.0
46.0
68.0
178.0
101.0
42.0
74.0
143.0
135.0
77.0
151.0
161.0
62.0
87.0
143.0
158.0
62.0
52.0
53.0
49.0
49.0
48.0
51.0
51.0
51.0
51.0
0.0


50.0
50.0
50.0
49.0
49.0
48.0
51.0
133.0
165.0
57.0
65.0
146.0
146.0
91.0
162.0
143.0
61.0
120.0
181.0
122.0
51.0
56.0
50.0
56.0
90.0
77.0
47.0
50.0
51.0
51.0
0.0


50.0
50.0
49.0
49.0
49.0
50.0
45.0
95.0
167.0
85.0
58.0
147.0
149.0
110.0
131.0
113.0
90.0
126.0
179.0
88.0
52.0
55.0
52.0
96.0
139.0
98.0
44.0
51.0
51.0
51.0
0.0


50.0
50.0
50.0
49.0
49.0
50.0
46.0
65.0
127.0
114.0
76.0
111.0
124.0
121.0
125.0
112.0
113.0
124.0
163.0
79.0
55.0
53.0
81.0
122.0
137.0
59.0
46.0
51.0
51.0
51.0
0.0


50.0
50.0
50.0
50.0
49.0
49.0
50.0
53.0
109.0
119.0
86.0
95.0
129.0
130.0
133.0
123.0
135.0
146.0
164.0
75.0
55.0
62.0
116.0
143.0
114.0
42.0
50.0
49.0
51.0
51.0
0.0


50.0
50.0
50.0
50.0
50.0
50.0
52.0
48.0
91.0
111.0
91.0
116.0
132.0
139.0
135.0
134.0
124.0
127.0
160.0
86.0
53.0
83.0
129.0
181.0
76.0
45.0
50.0
50.0
51.0
51.0
0.0


50.0
50.0
50.0
50.0
50.0
51.0
53.0
50.0
79.0
115.0
105.0
124.0
138.0
138.0
136.0
125.0
101.0
106.0
142.0
110.0
59.0
108.0
162.0
143.0
50.0
52.0
51.0
51.0
51.0
52.0
0.0


50.0
50.0
50.0
50.0
51.0
52.0
55.0
52.0
70.0
130.0
123.0
130.0
139.0
142.0
130.0
118.0
107.0
100.0
97.0
112.0
95.0
122.0
189.0
90.0
48.0
54.0
53.0
51.0
52.0
52.0
0.0


51.0
51.0
51.0
52.0
52.0
53.0
56.0
56.0
61.0
127.0
126.0
122.0
143.0
138.0
123.0
110.0
99.0
91.0
81.0
84.0
95.0
124.0
169.0
65.0
52.0
54.0
53.0
52.0
52.0
51.0
0.0


51.0
52.0
52.0
52.0
53.0
55.0
57.0
58.0
58.0
112.0
129.0
118.0
136.0
129.0
110.0
89.0
86.0
83.0
84.0
87.0
109.0
173.0
149.0
54.0
56.0
54.0
52.0
52.0
50.0
48.0
0.0


52.0
53.0
53.0
53.0
53.0
55.0
58.0
59.0
57.0
105.0
137.0
114.0
132.0
119.0
90.0
81.0
89.0
94.0
102.0
118.0
166.0
200.0
78.0
56.0
57.0
54.0
53.0
52.0
50.0
49.0
0.0


53.0
53.0
53.0
53.0
54.0
56.0
58.0
62.0
58.0
89.0
153.0
127.0
129.0
110.0
91.0
93.0
104.0
117.0
132.0
158.0
195.0
86.0
58.0
62.0
56.0
53.0
53.0
51.0
50.0
51.0
0.0


53.0
54.0
54.0
54.0
55.0
56.0
57.0
63.0
62.0
70.0
147.0
150.0
127.0
112.0
106.0
106.0
124.0
144.0
164.0
222.0
100.0
63.0
69.0
61.0
56.0
53.0
51.0
50.0
52.0
53.0
0.0


55.0
55.0
55.0
54.0
55.0
56.0
58.0
61.0
66.0
64.0
106.0
163.0
141.0
135.0
132.0
136.0
150.0
174.0
217.0
121.0
71.0
77.0
70.0
62.0
58.0
55.0
53.0
52.0
55.0
55.0
0.0


55.0
54.0
55.0
55.0
56.0
58.0
59.0
60.0
67.0
71.0
77.0
148.0
163.0
157.0
157.0
165.0
189.0
232.0
183.0
85.0
85.0
82.0
74.0
68.0
65.0
62.0
61.0
60.0
59.0
58.0
0.0


54.0
55.0
55.0
55.0
56.0
57.0
59.0
61.0
67.0
74.0
73.0
108.0
203.0
188.0
186.0
188.0
200.0
226.0
205.0
102.0
87.0
84.0
76.0
71.0
69.0
66.0
64.0
63.0
62.0
61.0
0.0


54.0
55.0
55.0
55.0
55.0
57.0
59.0
61.0
67.0
74.0
78.0
80.0
147.0
210.0
188.0
185.0
190.0
203.0
242.0
125.0
86.0
84.0
75.0
73.0
71.0
68.0
68.0
67.0
65.0
63.0
0.0


55.0
55.0
55.0
55.0
55.0
57.0
58.0
61.0
66.0
74.0
80.0
79.0
117.0
181.0
167.0
175.0
177.0
190.0
235.0
158.0
89.0
84.0
78.0
76.0
73.0
71.0
70.0
69.0
67.0
65.0
0.0


55.0
55.0
55.0
55.0
57.0
58.0
60.0
62.0
67.0
73.0
80.0
81.0
110.0
167.0
159.0
167.0
170.0
185.0
204.0
202.0
101.0
83.0
82.0
77.0
74.0
71.0
70.0
69.0
67.0
66.0
0.0


0.0
0.0
0.0
0.0
0.0
0.0
0.0
0.0
0.0
0.0
0.0
0.0
0.0
0.0
0.0
0.0
0.0
0.0
0.0
0.0
0.0
0.0
0.0
0.0
0.0
0.0
0.0
0.0
0.0
0.0
0.0


