51.0
49.0
48.0
49.0
50.0
50.0
50.0
51.0
51.0
50.0
50.0
51.0
52.0
51.0
51.0
53.0
52.0
52.0
51.0
111.0
153.0
120.0
46.0
51.0
51.0
52.0
51.0
51.0
54.0
49.0
51.0
52.0
52.0
50.0
49.0
49.0
48.0
48.0
49.0
51.0
0.0


51.0
51.0
48.0
49.0
49.0
49.0
49.0
50.0
50.0
51.0
50.0
52.0
47.0
51.0
51.0
51.0
51.0
52.0
53.0
114.0
156.0
131.0
49.0
51.0
51.0
52.0
50.0
56.0
98.0
79.0
49.0
53.0
52.0
52.0
49.0
48.0
48.0
48.0
49.0
51.0
0.0


50.0
51.0
49.0
49.0
50.0
50.0
50.0
49.0
51.0
48.0
60.0
108.0
91.0
50.0
50.0
51.0
52.0
50.0
58.0
120.0
145.0
147.0
54.0
50.0
50.0
52.0
47.0
83.0
144.0
140.0
55.0
50.0
51.0
51.0
50.0
48.0
48.0
48.0
49.0
51.0
0.0


50.0
50.0
49.0
48.0
50.0
50.0
50.0
49.0
51.0
45.0
78.0
139.0
150.0
60.0
48.0
51.0
52.0
49.0
62.0
133.0
148.0
148.0
53.0
49.0
50.0
52.0
47.0
101.0
151.0
141.0
55.0
51.0
51.0
51.0
50.0
48.0
48.0
50.0
50.0
52.0
0.0


50.0
49.0
49.0
50.0
49.0
49.0
49.0
50.0
50.0
46.0
66.0
146.0
166.0
78.0
45.0
50.0
51.0
47.0
66.0
150.0
155.0
153.0
52.0
49.0
51.0
49.0
56.0
118.0
149.0
138.0
52.0
51.0
51.0
51.0
50.0
49.0
49.0
50.0
52.0
54.0
0.0


50.0
49.0
50.0
51.0
50.0
48.0
49.0
50.0
50.0
47.0
57.0
141.0
167.0
113.0
45.0
50.0
51.0
46.0
72.0
146.0
148.0
152.0
52.0
49.0
51.0
47.0
72.0
133.0
150.0
131.0
51.0
51.0
50.0
50.0
50.0
51.0
50.0
51.0
52.0
54.0
0.0


50.0
50.0
50.0
50.0
50.0
49.0
49.0
49.0
50.0
47.0
54.0
133.0
149.0
150.0
55.0
48.0
51.0
45.0
82.0
152.0
153.0
149.0
52.0
49.0
52.0
47.0
99.0
146.0
172.0
110.0
46.0
51.0
50.0
50.0
50.0
52.0
52.0
51.0
52.0
53.0
0.0


50.0
50.0
49.0
49.0
50.0
50.0
48.0
49.0
50.0
48.0
48.0
119.0
153.0
181.0
70.0
44.0
50.0
43.0
91.0
157.0
159.0
142.0
49.0
50.0
50.0
55.0
120.0
140.0
201.0
84.0
44.0
50.0
49.0
49.0
50.0
51.0
52.0
51.0
52.0
53.0
0.0


50.0
50.0
49.0
50.0
50.0
50.0
49.0
50.0
48.0
49.0
43.0
96.0
166.0
189.0
93.0
42.0
50.0
43.0
102.0
164.0
167.0
138.0
47.0
51.0
48.0
73.0
133.0
145.0
181.0
64.0
47.0
50.0
50.0
51.0
51.0
51.0
51.0
51.0
52.0
53.0
0.0


50.0
50.0
49.0
49.0
49.0
49.0
50.0
49.0
48.0
48.0
42.0
73.0
162.0
179.0
125.0
44.0
50.0
46.0
124.0
172.0
176.0
146.0
48.0
51.0
49.0
102.0
141.0
162.0
156.0
53.0
50.0
50.0
50.0
50.0
50.0
51.0
51.0
51.0
52.0
54.0
0.0


49.0
50.0
50.0
50.0
49.0
49.0
49.0
48.0
48.0
48.0
45.0
59.0
150.0
164.0
166.0
57.0
47.0
53.0
134.0
152.0
175.0
139.0
49.0
49.0
63.0
148.0
149.0
183.0
135.0
47.0
52.0
50.0
50.0
50.0
50.0
50.0
51.0
51.0
52.0
53.0
0.0


49.0
49.0
50.0
49.0
50.0
49.0
49.0
49.0
49.0
48.0
47.0
52.0
135.0
160.0
198.0
89.0
46.0
57.0
131.0
143.0
174.0
127.0
48.0
50.0
89.0
152.0
154.0
224.0
107.0
46.0
54.0
51.0
51.0
50.0
50.0
50.0
51.0
51.0
52.0
53.0
0.0


49.0
50.0
49.0
49.0
50.0
51.0
50.0
50.0
50.0
49.0
50.0
49.0
126.0
171.0
198.0
136.0
48.0
58.0
140.0
150.0
182.0
118.0
47.0
57.0
111.0
132.0
153.0
208.0
70.0
49.0
53.0
51.0
51.0
51.0
50.0
51.0
51.0
51.0
53.0
52.0
0.0


49.0
50.0
49.0
50.0
50.0
50.0
51.0
51.0
51.0
50.0
52.0
45.0
110.0
169.0
165.0
162.0
60.0
54.0
143.0
154.0
190.0
108.0
46.0
76.0
127.0
136.0
183.0
141.0
49.0
53.0
52.0
50.0
50.0
50.0
50.0
51.0
51.0
51.0
51.0
52.0
0.0


48.0
49.0
50.0
50.0
50.0
49.0
50.0
51.0
50.0
50.0
52.0
45.0
79.0
161.0
154.0
193.0
76.0
48.0
142.0
168.0
196.0
93.0
47.0
96.0
139.0
144.0
208.0
94.0
47.0
54.0
52.0
51.0
50.0
50.0
51.0
51.0
51.0
51.0
51.0
52.0
0.0


48.0
49.0
49.0
50.0
49.0
50.0
50.0
51.0
51.0
51.0
52.0
46.0
56.0
154.0
172.0
182.0
104.0
55.0
153.0
165.0
195.0
80.0
55.0
132.0
148.0
155.0
183.0
62.0
51.0
54.0
52.0
51.0
51.0
51.0
51.0
51.0
51.0
52.0
52.0
52.0
0.0


48.0
48.0
49.0
50.0
49.0
50.0
50.0
51.0
51.0
52.0
48.0
68.0
128.0
165.0
148.0
117.0
139.0
121.0
150.0
146.0
133.0
84.0
96.0
149.0
149.0
195.0
128.0
48.0
56.0
54.0
53.0
51.0
50.0
51.0
50.0
51.0
51.0
52.0
52.0
51.0
0.0


49.0
48.0
49.0
50.0
49.0
49.0
50.0
50.0
51.0
52.0
47.0
112.0
158.0
151.0
137.0
137.0
148.0
160.0
138.0
130.0
114.0
100.0
109.0
116.0
133.0
209.0
94.0
49.0
58.0
54.0
53.0
51.0
50.0
50.0
50.0
51.0
51.0
51.0
51.0
51.0
0.0


48.0
49.0
49.0
49.0
49.0
49.0
51.0
50.0
51.0
52.0
51.0
130.0
140.0
146.0
160.0
162.0
161.0
172.0
170.0
127.0
117.0
111.0
121.0
129.0
139.0
204.0
81.0
51.0
57.0
54.0
53.0
52.0
51.0
51.0
50.0
51.0
51.0
50.0
51.0
51.0
0.0


49.0
49.0
49.0
49.0
48.0
49.0
50.0
50.0
52.0
50.0
60.0
149.0
149.0
145.0
166.0
169.0
166.0
190.0
203.0
160.0
119.0
131.0
135.0
129.0
155.0
202.0
74.0
53.0
56.0
53.0
53.0
52.0
50.0
50.0
50.0
51.0
50.0
51.0
52.0
51.0
0.0


48.0
49.0
49.0
49.0
49.0
49.0
49.0
50.0
52.0
48.0
70.0
157.0
176.0
147.0
141.0
181.0
177.0
184.0
188.0
207.0
150.0
137.0
140.0
137.0
161.0
174.0
64.0
55.0
61.0
54.0
53.0
51.0
51.0
50.0
50.0
51.0
51.0
51.0
51.0
52.0
0.0


48.0
49.0
48.0
48.0
49.0
49.0
49.0
49.0
52.0
47.0
86.0
178.0
194.0
180.0
124.0
102.0
189.0
192.0
196.0
202.0
206.0
144.0
123.0
131.0
166.0
148.0
58.0
57.0
59.0
55.0
52.0
51.0
50.0
51.0
50.0
51.0
50.0
50.0
52.0
51.0
0.0


48.0
48.0
49.0
49.0
49.0
49.0
49.0
49.0
52.0
47.0
95.0
164.0
159.0
189.0
139.0
79.0
129.0
204.0
189.0
196.0
223.0
161.0
107.0
143.0
163.0
144.0
59.0
58.0
55.0
53.0
51.0
51.0
51.0
50.0
50.0
50.0
51.0
51.0
52.0
52.0
0.0


49.0
49.0
49.0
50.0
50.0
49.0
49.0
49.0
52.0
48.0
86.0
147.0
139.0
194.0
186.0
149.0
160.0
176.0
196.0
195.0
199.0
204.0
169.0
161.0
164.0
156.0
61.0
57.0
56.0
53.0
52.0
52.0
51.0
50.0
50.0
50.0
51.0
51.0
51.0
51.0
0.0


49.0
49.0
49.0
50.0
50.0
50.0
50.0
50.0
52.0
49.0
70.0
132.0
153.0
170.0
174.0
182.0
178.0
168.0
162.0
190.0
190.0
192.0
198.0
172.0
159.0
173.0
70.0
57.0
57.0
54.0
52.0
52.0
51.0
50.0
50.0
51.0
51.0
51.0
51.0
50.0
0.0


49.0
50.0
50.0
50.0
51.0
50.0
49.0
50.0
52.0
50.0
64.0
129.0
130.0
138.0
161.0
172.0
179.0
163.0
148.0
171.0
185.0
188.0
190.0
189.0
175.0
184.0
74.0
57.0
57.0
54.0
53.0
52.0
52.0
51.0
51.0
51.0
50.0
50.0
50.0
50.0
0.0


49.0
50.0
50.0
50.0
50.0
50.0
50.0
50.0
51.0
51.0
62.0
123.0
126.0
132.0
151.0
165.0
175.0
163.0
139.0
150.0
175.0
183.0
183.0
186.0
192.0
192.0
75.0
56.0
58.0
54.0
52.0
53.0
51.0
51.0
50.0
50.0
51.0
50.0
50.0
48.0
0.0


50.0
50.0
50.0
50.0
51.0
51.0
52.0
52.0
52.0
51.0
61.0
124.0
127.0
122.0
137.0
152.0
166.0
149.0
124.0
121.0
165.0
181.0
174.0
187.0
211.0
180.0
69.0
58.0
57.0
54.0
52.0
52.0
51.0
51.0
50.0
50.0
51.0
50.0
49.0
49.0
0.0


50.0
50.0
51.0
51.0
52.0
52.0
52.0
52.0
52.0
52.0
57.0
119.0
125.0
116.0
128.0
146.0
147.0
132.0
127.0
118.0
143.0
180.0
190.0
203.0
226.0
166.0
64.0
59.0
57.0
54.0
53.0
52.0
52.0
51.0
50.0
51.0
51.0
50.0
49.0
49.0
0.0


51.0
51.0
51.0
51.0
52.0
52.0
53.0
52.0
52.0
54.0
54.0
112.0
131.0
116.0
126.0
137.0
132.0
134.0
126.0
127.0
140.0
173.0
206.0
211.0
236.0
153.0
61.0
60.0
57.0
54.0
52.0
52.0
51.0
51.0
51.0
51.0
50.0
49.0
49.0
49.0
0.0


51.0
51.0
51.0
52.0
52.0
52.0
53.0
53.0
52.0
55.0
51.0
95.0
143.0
123.0
125.0
125.0
125.0
137.0
126.0
131.0
147.0
172.0
200.0
208.0
244.0
144.0
61.0
60.0
56.0
54.0
52.0
51.0
51.0
50.0
49.0
49.0
49.0
48.0
48.0
49.0
0.0


52.0
52.0
51.0
51.0
52.0
53.0
53.0
53.0
53.0
55.0
54.0
74.0
144.0
132.0
126.0
115.0
119.0
138.0
134.0
145.0
158.0
182.0
209.0
208.0
248.0
128.0
59.0
61.0
57.0
54.0
52.0
51.0
50.0
49.0
48.0
48.0
47.0
48.0
49.0
49.0
0.0


51.0
51.0
51.0
51.0
53.0
53.0
53.0
53.0
54.0
54.0
58.0
60.0
120.0
144.0
130.0
121.0
121.0
148.0
148.0
162.0
177.0
195.0
210.0
208.0
249.0
96.0
61.0
61.0
58.0
54.0
52.0
50.0
51.0
50.0
49.0
48.0
48.0
49.0
49.0
49.0
0.0


51.0
51.0
51.0
53.0
53.0
54.0
54.0
54.0
55.0
55.0
59.0
60.0
83.0
152.0
141.0
139.0
130.0
151.0
164.0
175.0
189.0
203.0
213.0
220.0
199.0
74.0
62.0
60.0
58.0
55.0
53.0
52.0
51.0
51.0
50.0
50.0
49.0
49.0
50.0
50.0
0.0


51.0
52.0
52.0
53.0
52.0
54.0
54.0
56.0
56.0
56.0
60.0
64.0
63.0
120.0
154.0
148.0
147.0
151.0
168.0
191.0
203.0
209.0
214.0
221.0
200.0
80.0
63.0
63.0
58.0
55.0
54.0
53.0
52.0
52.0
51.0
51.0
50.0
50.0
50.0
50.0
0.0


52.0
51.0
51.0
53.0
53.0
53.0
55.0
55.0
56.0
60.0
64.0
65.0
64.0
83.0
169.0
165.0
166.0
170.0
176.0
188.0
200.0
211.0
221.0
215.0
245.0
106.0
63.0
64.0
60.0
57.0
56.0
55.0
54.0
53.0
52.0
53.0
53.0
53.0
53.0
51.0
0.0


51.0
52.0
52.0
53.0
53.0
52.0
55.0
56.0
57.0
59.0
65.0
66.0
69.0
67.0
115.0
205.0
189.0
187.0
186.0
189.0
198.0
211.0
221.0
214.0
243.0
145.0
65.0
64.0
61.0
59.0
57.0
55.0
55.0
55.0
53.0
53.0
53.0
53.0
54.0
53.0
0.0


52.0
52.0
52.0
52.0
52.0
52.0
54.0
55.0
57.0
60.0
64.0
68.0
69.0
71.0
74.0
155.0
201.0
190.0
192.0
192.0
197.0
208.0
217.0
217.0
217.0
194.0
79.0
63.0
63.0
59.0
56.0
56.0
55.0
54.0
54.0
54.0
54.0
53.0
54.0
53.0
0.0


52.0
52.0
52.0
53.0
53.0
53.0
55.0
56.0
57.0
60.0
64.0
67.0
68.0
73.0
71.0
107.0
201.0
185.0
184.0
186.0
186.0
197.0
211.0
213.0
206.0
244.0
106.0
62.0
64.0
60.0
58.0
57.0
56.0
55.0
55.0
55.0
55.0
55.0
54.0
54.0
0.0


52.0
53.0
53.0
54.0
52.0
53.0
54.0
56.0
58.0
61.0
65.0
68.0
68.0
73.0
74.0
85.0
165.0
173.0
173.0
179.0
181.0
185.0
198.0
207.0
206.0
244.0
147.0
63.0
65.0
62.0
60.0
58.0
57.0
57.0
55.0
55.0
56.0
56.0
55.0
54.0
0.0


0.0
0.0
0.0
0.0
0.0
0.0
0.0
0.0
0.0
0.0
0.0
0.0
0.0
0.0
0.0
0.0
0.0
0.0
0.0
0.0
0.0
0.0
0.0
0.0
0.0
0.0
0.0
0.0
0.0
0.0
0.0
0.0
0.0
0.0
0.0
0.0
0.0
0.0
0.0
0.0
0.0


