49.0
49.0
50.0
49.0
50.0
50.0
50.0
50.0
51.0
51.0
52.0
52.0
53.0
52.0
53.0
52.0
53.0
53.0
50.0
52.0
54.0
53.0
53.0
53.0
52.0
53.0
55.0
54.0
56.0
56.0
0.0


49.0
49.0
50.0
49.0
49.0
50.0
50.0
51.0
51.0
52.0
52.0
52.0
53.0
53.0
53.0
49.0
96.0
95.0
46.0
52.0
54.0
53.0
52.0
52.0
52.0
52.0
52.0
53.0
53.0
55.0
0.0


50.0
49.0
51.0
50.0
49.0
49.0
50.0
52.0
52.0
51.0
52.0
53.0
53.0
54.0
54.0
49.0
103.0
139.0
53.0
51.0
52.0
55.0
52.0
51.0
52.0
51.0
49.0
49.0
50.0
53.0
0.0


49.0
50.0
51.0
51.0
49.0
49.0
50.0
51.0
52.0
52.0
52.0
53.0
54.0
54.0
54.0
51.0
97.0
152.0
63.0
48.0
52.0
52.0
52.0
52.0
52.0
50.0
48.0
49.0
50.0
54.0
0.0


50.0
50.0
51.0
51.0
49.0
50.0
50.0
50.0
51.0
52.0
53.0
53.0
53.0
54.0
55.0
52.0
108.0
166.0
66.0
47.0
52.0
51.0
52.0
52.0
51.0
50.0
49.0
50.0
51.0
54.0
0.0


50.0
50.0
51.0
50.0
51.0
50.0
50.0
50.0
52.0
52.0
53.0
53.0
53.0
54.0
53.0
54.0
114.0
161.0
66.0
49.0
52.0
51.0
51.0
50.0
51.0
51.0
50.0
51.0
53.0
54.0
0.0


50.0
50.0
51.0
50.0
51.0
51.0
50.0
51.0
51.0
51.0
52.0
53.0
53.0
53.0
51.0
61.0
132.0
166.0
65.0
49.0
52.0
50.0
50.0
50.0
51.0
51.0
52.0
52.0
53.0
54.0
0.0


50.0
50.0
50.0
51.0
51.0
51.0
51.0
51.0
52.0
51.0
51.0
52.0
52.0
53.0
48.0
70.0
147.0
157.0
64.0
51.0
51.0
50.0
50.0
50.0
51.0
51.0
52.0
52.0
53.0
53.0
0.0


51.0
50.0
50.0
51.0
51.0
51.0
51.0
52.0
50.0
51.0
50.0
50.0
50.0
52.0
49.0
73.0
124.0
137.0
61.0
51.0
51.0
51.0
50.0
51.0
51.0
51.0
51.0
51.0
52.0
53.0
0.0


50.0
50.0
50.0
50.0
51.0
51.0
51.0
51.0
50.0
50.0
51.0
51.0
52.0
54.0
47.0
80.0
133.0
133.0
57.0
53.0
51.0
50.0
51.0
50.0
50.0
50.0
50.0
51.0
51.0
52.0
0.0


50.0
50.0
50.0
50.0
51.0
51.0
51.0
52.0
51.0
51.0
51.0
53.0
50.0
48.0
103.0
158.0
155.0
133.0
60.0
54.0
51.0
51.0
50.0
50.0
50.0
50.0
51.0
51.0
51.0
52.0
0.0


50.0
50.0
50.0
50.0
50.0
51.0
51.0
52.0
52.0
52.0
53.0
49.0
60.0
103.0
178.0
178.0
173.0
137.0
104.0
58.0
51.0
51.0
50.0
50.0
50.0
50.0
50.0
51.0
52.0
53.0
0.0


50.0
50.0
50.0
50.0
50.0
50.0
51.0
52.0
51.0
53.0
45.0
64.0
157.0
210.0
170.0
151.0
160.0
140.0
159.0
62.0
48.0
50.0
50.0
50.0
50.0
49.0
49.0
50.0
51.0
53.0
0.0


50.0
50.0
51.0
50.0
50.0
50.0
50.0
51.0
52.0
47.0
67.0
148.0
190.0
160.0
179.0
156.0
164.0
161.0
223.0
99.0
46.0
51.0
49.0
49.0
49.0
48.0
48.0
49.0
51.0
52.0
0.0


50.0
50.0
51.0
51.0
50.0
49.0
49.0
52.0
48.0
64.0
163.0
177.0
167.0
164.0
169.0
179.0
171.0
169.0
224.0
152.0
49.0
50.0
49.0
48.0
48.0
48.0
49.0
50.0
51.0
52.0
0.0


49.0
50.0
50.0
50.0
50.0
49.0
49.0
51.0
49.0
118.0
198.0
164.0
152.0
172.0
178.0
184.0
189.0
192.0
213.0
166.0
53.0
52.0
50.0
49.0
48.0
48.0
49.0
50.0
51.0
52.0
0.0


50.0
50.0
50.0
50.0
50.0
49.0
51.0
46.0
71.0
171.0
189.0
211.0
180.0
187.0
212.0
214.0
198.0
187.0
192.0
215.0
72.0
54.0
55.0
52.0
53.0
53.0
53.0
53.0
53.0
52.0
0.0


50.0
50.0
50.0
50.0
50.0
50.0
51.0
46.0
73.0
173.0
177.0
219.0
220.0
211.0
216.0
226.0
173.0
160.0
184.0
241.0
116.0
49.0
55.0
54.0
54.0
54.0
55.0
55.0
55.0
53.0
0.0


51.0
51.0
51.0
51.0
51.0
51.0
51.0
50.0
56.0
133.0
148.0
162.0
202.0
211.0
215.0
203.0
184.0
174.0
172.0
241.0
109.0
50.0
57.0
55.0
55.0
55.0
56.0
56.0
55.0
54.0
0.0


51.0
51.0
51.0
51.0
51.0
51.0
51.0
51.0
49.0
108.0
138.0
124.0
155.0
183.0
190.0
164.0
138.0
147.0
169.0
204.0
73.0
56.0
58.0
56.0
56.0
56.0
57.0
57.0
54.0
52.0
0.0


52.0
52.0
52.0
51.0
51.0
52.0
52.0
53.0
47.0
97.0
148.0
118.0
126.0
146.0
144.0
123.0
125.0
141.0
200.0
129.0
58.0
61.0
58.0
57.0
57.0
57.0
58.0
57.0
54.0
51.0
0.0


53.0
53.0
53.0
52.0
52.0
53.0
53.0
55.0
49.0
80.0
163.0
130.0
128.0
123.0
128.0
128.0
143.0
172.0
214.0
87.0
62.0
62.0
59.0
58.0
58.0
58.0
58.0
56.0
53.0
53.0
0.0


53.0
53.0
53.0
53.0
53.0
53.0
54.0
56.0
55.0
61.0
147.0
155.0
136.0
125.0
136.0
156.0
172.0
228.0
154.0
70.0
66.0
62.0
59.0
58.0
57.0
57.0
55.0
53.0
52.0
53.0
0.0


54.0
55.0
55.0
54.0
54.0
54.0
55.0
56.0
60.0
58.0
97.0
179.0
144.0
149.0
158.0
176.0
196.0
248.0
125.0
66.0
67.0
61.0
58.0
57.0
56.0
54.0
52.0
51.0
53.0
54.0
0.0


56.0
55.0
54.0
54.0
54.0
54.0
56.0
57.0
62.0
66.0
69.0
147.0
174.0
173.0
189.0
193.0
195.0
244.0
134.0
68.0
67.0
62.0
59.0
58.0
57.0
56.0
55.0
53.0
53.0
55.0
0.0


55.0
55.0
54.0
54.0
54.0
55.0
56.0
59.0
64.0
70.0
69.0
101.0
199.0
200.0
209.0
200.0
187.0
220.0
166.0
76.0
67.0
64.0
62.0
60.0
59.0
58.0
57.0
55.0
54.0
55.0
0.0


55.0
55.0
54.0
54.0
54.0
55.0
56.0
59.0
63.0
70.0
73.0
80.0
159.0
190.0
188.0
188.0
179.0
188.0
209.0
89.0
66.0
66.0
63.0
61.0
61.0
59.0
58.0
57.0
56.0
56.0
0.0


54.0
54.0
55.0
54.0
55.0
55.0
56.0
59.0
63.0
69.0
75.0
78.0
139.0
176.0
167.0
170.0
171.0
173.0
231.0
118.0
71.0
72.0
68.0
66.0
64.0
60.0
59.0
59.0
59.0
58.0
0.0


55.0
55.0
55.0
55.0
55.0
56.0
57.0
59.0
63.0
69.0
75.0
77.0
126.0
171.0
163.0
165.0
166.0
167.0
213.0
161.0
78.0
74.0
71.0
68.0
65.0
61.0
60.0
60.0
59.0
59.0
0.0


55.0
55.0
55.0
56.0
56.0
57.0
57.0
59.0
62.0
67.0
74.0
76.0
116.0
173.0
160.0
165.0
164.0
167.0
190.0
205.0
91.0
72.0
72.0
68.0
65.0
61.0
60.0
60.0
58.0
59.0
0.0


0.0
0.0
0.0
0.0
0.0
0.0
0.0
0.0
0.0
0.0
0.0
0.0
0.0
0.0
0.0
0.0
0.0
0.0
0.0
0.0
0.0
0.0
0.0
0.0
0.0
0.0
0.0
0.0
0.0
0.0
0.0


