49.0
48.0
49.0
48.0
48.0
49.0
50.0
51.0
50.0
51.0
50.0
51.0
51.0
52.0
52.0
53.0
53.0
53.0
53.0
52.0
54.0
54.0
49.0
59.0
95.0
68.0
49.0
54.0
56.0
51.0
53.0
52.0
52.0
52.0
50.0
50.0
50.0
49.0
49.0
52.0
0.0


50.0
49.0
48.0
49.0
48.0
48.0
49.0
50.0
50.0
51.0
51.0
51.0
51.0
52.0
53.0
53.0
53.0
53.0
53.0
52.0
53.0
53.0
47.0
85.0
150.0
132.0
52.0
52.0
53.0
53.0
53.0
52.0
52.0
52.0
50.0
49.0
49.0
49.0
50.0
52.0
0.0


50.0
49.0
49.0
49.0
49.0
49.0
49.0
50.0
50.0
51.0
51.0
51.0
51.0
52.0
53.0
53.0
52.0
53.0
53.0
53.0
53.0
54.0
47.0
87.0
149.0
151.0
62.0
49.0
52.0
52.0
52.0
52.0
52.0
52.0
50.0
49.0
49.0
49.0
50.0
52.0
0.0


49.0
49.0
49.0
49.0
49.0
48.0
50.0
49.0
50.0
51.0
51.0
51.0
52.0
52.0
51.0
53.0
52.0
53.0
54.0
53.0
53.0
54.0
47.0
90.0
140.0
163.0
76.0
47.0
54.0
52.0
52.0
52.0
52.0
52.0
50.0
49.0
49.0
51.0
51.0
53.0
0.0


49.0
49.0
49.0
49.0
49.0
49.0
49.0
50.0
51.0
50.0
51.0
51.0
51.0
52.0
52.0
52.0
52.0
52.0
53.0
52.0
53.0
53.0
48.0
92.0
137.0
166.0
88.0
46.0
53.0
52.0
52.0
51.0
51.0
52.0
51.0
50.0
50.0
50.0
52.0
54.0
0.0


49.0
49.0
49.0
50.0
49.0
48.0
49.0
50.0
50.0
50.0
51.0
51.0
51.0
51.0
52.0
52.0
52.0
52.0
53.0
53.0
52.0
53.0
47.0
101.0
146.0
179.0
89.0
44.0
54.0
52.0
51.0
50.0
51.0
52.0
52.0
51.0
51.0
51.0
53.0
54.0
0.0


49.0
49.0
49.0
50.0
49.0
48.0
48.0
50.0
50.0
50.0
50.0
50.0
51.0
52.0
51.0
52.0
52.0
52.0
52.0
51.0
52.0
52.0
49.0
106.0
145.0
187.0
91.0
46.0
53.0
51.0
50.0
50.0
51.0
53.0
52.0
52.0
51.0
52.0
53.0
54.0
0.0


49.0
49.0
49.0
50.0
49.0
48.0
49.0
51.0
51.0
50.0
51.0
51.0
51.0
51.0
50.0
51.0
51.0
51.0
51.0
51.0
51.0
51.0
50.0
111.0
145.0
192.0
91.0
45.0
53.0
50.0
50.0
51.0
51.0
51.0
51.0
52.0
53.0
53.0
53.0
53.0
0.0


49.0
49.0
49.0
50.0
49.0
49.0
50.0
52.0
50.0
50.0
51.0
50.0
50.0
50.0
50.0
50.0
49.0
50.0
50.0
50.0
50.0
49.0
52.0
120.0
148.0
193.0
95.0
44.0
53.0
50.0
51.0
52.0
52.0
53.0
51.0
53.0
53.0
52.0
53.0
54.0
0.0


49.0
49.0
50.0
50.0
49.0
50.0
51.0
50.0
49.0
49.0
50.0
50.0
49.0
50.0
50.0
50.0
50.0
48.0
49.0
49.0
50.0
48.0
59.0
140.0
158.0
195.0
94.0
45.0
54.0
51.0
51.0
51.0
51.0
52.0
52.0
52.0
51.0
52.0
53.0
54.0
0.0


49.0
50.0
50.0
50.0
50.0
50.0
50.0
49.0
49.0
49.0
49.0
49.0
49.0
49.0
49.0
50.0
50.0
49.0
51.0
50.0
51.0
48.0
65.0
156.0
154.0
201.0
89.0
47.0
54.0
51.0
52.0
52.0
51.0
51.0
51.0
52.0
51.0
52.0
53.0
53.0
0.0


48.0
49.0
50.0
50.0
50.0
50.0
49.0
50.0
49.0
49.0
50.0
49.0
49.0
49.0
49.0
50.0
50.0
50.0
51.0
51.0
52.0
50.0
68.0
125.0
123.0
179.0
78.0
48.0
54.0
52.0
51.0
52.0
51.0
51.0
50.0
51.0
51.0
51.0
53.0
53.0
0.0


49.0
49.0
49.0
50.0
50.0
50.0
50.0
50.0
50.0
49.0
51.0
50.0
49.0
50.0
49.0
50.0
50.0
51.0
52.0
51.0
53.0
50.0
75.0
117.0
126.0
175.0
68.0
49.0
53.0
51.0
52.0
51.0
51.0
50.0
51.0
51.0
51.0
51.0
53.0
53.0
0.0


50.0
50.0
50.0
49.0
50.0
50.0
51.0
51.0
51.0
50.0
50.0
49.0
49.0
51.0
48.0
50.0
51.0
50.0
47.0
45.0
52.0
49.0
82.0
126.0
138.0
171.0
64.0
51.0
54.0
51.0
51.0
50.0
50.0
50.0
50.0
51.0
51.0
52.0
52.0
52.0
0.0


49.0
49.0
49.0
49.0
49.0
50.0
50.0
50.0
50.0
50.0
50.0
49.0
49.0
46.0
52.0
50.0
46.0
47.0
68.0
70.0
49.0
48.0
90.0
135.0
145.0
159.0
59.0
52.0
54.0
51.0
51.0
50.0
50.0
51.0
51.0
51.0
52.0
52.0
51.0
51.0
0.0


49.0
48.0
48.0
49.0
49.0
50.0
50.0
51.0
51.0
50.0
50.0
50.0
47.0
69.0
140.0
142.0
56.0
80.0
176.0
195.0
115.0
43.0
102.0
143.0
152.0
147.0
55.0
54.0
53.0
52.0
50.0
50.0
51.0
51.0
51.0
52.0
52.0
52.0
52.0
52.0
0.0


49.0
49.0
49.0
49.0
49.0
49.0
49.0
50.0
50.0
51.0
48.0
49.0
42.0
118.0
168.0
181.0
116.0
124.0
175.0
154.0
159.0
61.0
109.0
135.0
156.0
141.0
53.0
55.0
54.0
52.0
50.0
50.0
50.0
51.0
51.0
51.0
51.0
52.0
52.0
52.0
0.0


49.0
49.0
48.0
48.0
48.0
49.0
50.0
49.0
50.0
47.0
64.0
125.0
103.0
119.0
153.0
145.0
157.0
156.0
149.0
108.0
134.0
112.0
111.0
119.0
133.0
145.0
58.0
55.0
54.0
52.0
51.0
50.0
50.0
50.0
50.0
51.0
51.0
51.0
51.0
52.0
0.0


49.0
49.0
48.0
48.0
49.0
49.0
49.0
49.0
51.0
43.0
110.0
166.0
149.0
165.0
139.0
140.0
155.0
170.0
131.0
131.0
160.0
154.0
128.0
128.0
132.0
158.0
60.0
55.0
55.0
53.0
52.0
51.0
51.0
50.0
50.0
51.0
51.0
52.0
52.0
52.0
0.0


49.0
49.0
49.0
49.0
48.0
48.0
49.0
49.0
50.0
45.0
120.0
148.0
132.0
154.0
156.0
134.0
148.0
165.0
142.0
166.0
177.0
177.0
167.0
130.0
138.0
159.0
63.0
54.0
55.0
52.0
52.0
51.0
52.0
51.0
50.0
51.0
52.0
52.0
51.0
52.0
0.0


49.0
50.0
49.0
49.0
48.0
48.0
48.0
49.0
49.0
45.0
129.0
159.0
129.0
133.0
159.0
145.0
146.0
166.0
153.0
165.0
187.0
200.0
211.0
156.0
145.0
154.0
64.0
55.0
55.0
53.0
52.0
51.0
51.0
51.0
51.0
51.0
51.0
52.0
51.0
52.0
0.0


49.0
49.0
49.0
49.0
48.0
48.0
48.0
48.0
49.0
46.0
127.0
184.0
146.0
137.0
173.0
167.0
147.0
171.0
170.0
169.0
188.0
204.0
203.0
195.0
142.0
161.0
67.0
56.0
60.0
53.0
52.0
51.0
51.0
51.0
50.0
51.0
51.0
50.0
51.0
52.0
0.0


49.0
49.0
49.0
50.0
49.0
49.0
49.0
48.0
49.0
47.0
125.0
207.0
183.0
183.0
219.0
196.0
177.0
206.0
185.0
179.0
187.0
208.0
210.0
212.0
162.0
164.0
70.0
54.0
55.0
52.0
51.0
51.0
50.0
51.0
50.0
51.0
51.0
51.0
51.0
51.0
0.0


50.0
50.0
49.0
50.0
50.0
49.0
49.0
49.0
50.0
47.0
116.0
171.0
189.0
197.0
205.0
195.0
205.0
234.0
191.0
188.0
190.0
198.0
217.0
238.0
182.0
165.0
73.0
54.0
55.0
52.0
52.0
52.0
52.0
51.0
51.0
51.0
51.0
51.0
52.0
52.0
0.0


49.0
50.0
50.0
50.0
49.0
50.0
49.0
50.0
50.0
45.0
100.0
165.0
166.0
198.0
193.0
173.0
196.0
190.0
181.0
207.0
218.0
189.0
213.0
224.0
198.0
181.0
79.0
54.0
56.0
53.0
52.0
53.0
51.0
52.0
52.0
52.0
52.0
51.0
51.0
52.0
0.0


50.0
50.0
50.0
50.0
50.0
50.0
50.0
49.0
51.0
46.0
73.0
145.0
159.0
185.0
193.0
189.0
200.0
172.0
182.0
177.0
179.0
187.0
198.0
217.0
211.0
217.0
80.0
55.0
56.0
53.0
53.0
52.0
51.0
52.0
52.0
52.0
51.0
51.0
52.0
51.0
0.0


51.0
51.0
50.0
50.0
50.0
51.0
50.0
50.0
51.0
48.0
62.0
137.0
130.0
138.0
166.0
196.0
206.0
186.0
183.0
148.0
158.0
185.0
186.0
213.0
204.0
242.0
101.0
52.0
57.0
53.0
53.0
53.0
52.0
51.0
51.0
51.0
51.0
52.0
51.0
50.0
0.0


51.0
50.0
50.0
50.0
50.0
50.0
52.0
50.0
51.0
49.0
59.0
123.0
121.0
128.0
150.0
175.0
174.0
184.0
181.0
152.0
154.0
190.0
177.0
204.0
197.0
243.0
114.0
51.0
58.0
54.0
53.0
53.0
52.0
52.0
51.0
51.0
52.0
52.0
50.0
50.0
0.0


50.0
51.0
50.0
51.0
52.0
52.0
53.0
51.0
51.0
50.0
55.0
118.0
124.0
121.0
133.0
148.0
159.0
163.0
163.0
151.0
153.0
168.0
172.0
199.0
197.0
245.0
113.0
53.0
57.0
54.0
53.0
52.0
52.0
52.0
51.0
52.0
51.0
51.0
51.0
50.0
0.0


52.0
51.0
51.0
52.0
52.0
52.0
52.0
52.0
52.0
52.0
51.0
112.0
127.0
111.0
113.0
133.0
146.0
138.0
149.0
128.0
140.0
137.0
155.0
195.0
203.0
252.0
104.0
52.0
59.0
54.0
52.0
52.0
52.0
51.0
50.0
50.0
50.0
51.0
50.0
50.0
0.0


51.0
51.0
51.0
52.0
52.0
53.0
53.0
52.0
53.0
54.0
48.0
97.0
137.0
111.0
110.0
118.0
122.0
118.0
134.0
120.0
128.0
137.0
155.0
188.0
207.0
247.0
97.0
54.0
58.0
54.0
53.0
52.0
51.0
51.0
50.0
49.0
51.0
49.0
50.0
51.0
0.0


52.0
52.0
52.0
52.0
53.0
52.0
53.0
53.0
53.0
54.0
51.0
76.0
147.0
124.0
121.0
114.0
108.0
115.0
128.0
125.0
135.0
145.0
165.0
195.0
207.0
244.0
89.0
55.0
59.0
55.0
52.0
52.0
51.0
50.0
49.0
49.0
50.0
49.0
50.0
50.0
0.0


52.0
53.0
52.0
52.0
53.0
53.0
53.0
53.0
54.0
55.0
57.0
59.0
132.0
139.0
129.0
117.0
105.0
121.0
134.0
136.0
150.0
165.0
182.0
204.0
217.0
192.0
71.0
58.0
59.0
55.0
52.0
51.0
51.0
50.0
49.0
48.0
49.0
50.0
51.0
51.0
0.0


52.0
52.0
52.0
53.0
53.0
54.0
54.0
54.0
54.0
56.0
59.0
54.0
92.0
155.0
131.0
125.0
114.0
126.0
146.0
150.0
166.0
178.0
195.0
206.0
245.0
132.0
60.0
63.0
59.0
56.0
53.0
52.0
51.0
52.0
50.0
50.0
50.0
50.0
52.0
52.0
0.0


52.0
52.0
52.0
53.0
53.0
55.0
54.0
54.0
55.0
56.0
59.0
60.0
64.0
135.0
145.0
138.0
135.0
135.0
151.0
168.0
182.0
198.0
208.0
207.0
246.0
101.0
60.0
65.0
60.0
57.0
55.0
54.0
53.0
52.0
51.0
51.0
52.0
52.0
52.0
52.0
0.0


53.0
52.0
52.0
53.0
53.0
55.0
56.0
54.0
56.0
58.0
61.0
64.0
62.0
91.0
158.0
144.0
152.0
150.0
157.0
173.0
191.0
205.0
213.0
209.0
246.0
118.0
63.0
67.0
62.0
59.0
57.0
57.0
56.0
55.0
54.0
54.0
54.0
54.0
54.0
53.0
0.0


52.0
51.0
52.0
53.0
53.0
54.0
56.0
56.0
56.0
59.0
62.0
66.0
68.0
67.0
132.0
177.0
168.0
175.0
180.0
182.0
188.0
201.0
216.0
216.0
242.0
161.0
71.0
67.0
63.0
60.0
59.0
57.0
56.0
57.0
56.0
56.0
55.0
55.0
55.0
54.0
0.0


53.0
53.0
53.0
53.0
53.0
53.0
56.0
55.0
56.0
60.0
64.0
65.0
67.0
67.0
81.0
171.0
201.0
198.0
196.0
195.0
197.0
205.0
214.0
216.0
214.0
211.0
86.0
64.0
64.0
61.0
60.0
59.0
58.0
56.0
56.0
56.0
56.0
56.0
56.0
54.0
0.0


53.0
53.0
54.0
54.0
54.0
55.0
55.0
56.0
57.0
59.0
64.0
66.0
67.0
72.0
68.0
108.0
209.0
192.0
196.0
195.0
196.0
204.0
212.0
213.0
206.0
243.0
115.0
62.0
66.0
61.0
60.0
59.0
58.0
57.0
57.0
56.0
56.0
56.0
56.0
55.0
0.0


53.0
54.0
54.0
54.0
54.0
55.0
56.0
57.0
58.0
59.0
63.0
67.0
68.0
72.0
73.0
84.0
171.0
188.0
184.0
188.0
189.0
193.0
208.0
210.0
208.0
239.0
157.0
67.0
65.0
62.0
60.0
60.0
59.0
58.0
57.0
57.0
56.0
56.0
56.0
56.0
0.0


0.0
0.0
0.0
0.0
0.0
0.0
0.0
0.0
0.0
0.0
0.0
0.0
0.0
0.0
0.0
0.0
0.0
0.0
0.0
0.0
0.0
0.0
0.0
0.0
0.0
0.0
0.0
0.0
0.0
0.0
0.0
0.0
0.0
0.0
0.0
0.0
0.0
0.0
0.0
0.0
0.0


