48.0
49.0
48.0
48.0
50.0
50.0
50.0
50.0
51.0
51.0
52.0
52.0
52.0
52.0
52.0
50.0
50.0
55.0
52.0
54.0
54.0
53.0
53.0
53.0
53.0
53.0
54.0
55.0
56.0
56.0
0.0


48.0
48.0
49.0
48.0
49.0
49.0
50.0
51.0
51.0
51.0
52.0
52.0
52.0
52.0
50.0
76.0
76.0
53.0
50.0
52.0
54.0
54.0
53.0
53.0
52.0
52.0
52.0
52.0
53.0
56.0
0.0


48.0
49.0
50.0
49.0
49.0
49.0
49.0
51.0
51.0
51.0
50.0
48.0
51.0
51.0
51.0
126.0
124.0
49.0
51.0
52.0
51.0
54.0
51.0
52.0
52.0
50.0
50.0
49.0
51.0
53.0
0.0


49.0
49.0
50.0
50.0
49.0
49.0
49.0
50.0
51.0
48.0
66.0
87.0
52.0
48.0
54.0
132.0
134.0
51.0
50.0
49.0
96.0
89.0
48.0
52.0
52.0
50.0
49.0
49.0
50.0
53.0
0.0


49.0
50.0
50.0
50.0
49.0
49.0
49.0
50.0
51.0
46.0
85.0
163.0
61.0
45.0
60.0
142.0
141.0
53.0
47.0
55.0
145.0
118.0
48.0
52.0
51.0
50.0
48.0
49.0
52.0
53.0
0.0


49.0
49.0
51.0
49.0
50.0
49.0
49.0
50.0
51.0
45.0
82.0
176.0
74.0
42.0
66.0
160.0
142.0
52.0
45.0
69.0
155.0
110.0
47.0
51.0
50.0
50.0
50.0
50.0
53.0
54.0
0.0


49.0
50.0
50.0
49.0
49.0
50.0
49.0
49.0
52.0
45.0
83.0
185.0
91.0
40.0
72.0
167.0
141.0
53.0
46.0
92.0
184.0
100.0
46.0
51.0
50.0
51.0
51.0
51.0
53.0
54.0
0.0


49.0
50.0
50.0
50.0
49.0
50.0
50.0
50.0
51.0
44.0
74.0
197.0
106.0
38.0
79.0
192.0
135.0
49.0
51.0
113.0
187.0
80.0
44.0
51.0
50.0
51.0
52.0
51.0
53.0
53.0
0.0


49.0
49.0
50.0
49.0
49.0
49.0
50.0
50.0
49.0
43.0
64.0
182.0
126.0
41.0
93.0
214.0
143.0
47.0
67.0
142.0
168.0
66.0
48.0
52.0
51.0
51.0
52.0
51.0
52.0
53.0
0.0


49.0
49.0
49.0
50.0
49.0
50.0
50.0
49.0
49.0
45.0
62.0
162.0
158.0
50.0
95.0
182.0
131.0
45.0
99.0
178.0
161.0
59.0
50.0
52.0
51.0
51.0
52.0
51.0
52.0
52.0
0.0


49.0
49.0
49.0
50.0
49.0
50.0
50.0
50.0
51.0
47.0
64.0
158.0
190.0
66.0
96.0
179.0
114.0
51.0
117.0
177.0
130.0
48.0
52.0
51.0
51.0
51.0
51.0
51.0
52.0
51.0
0.0


49.0
49.0
49.0
49.0
49.0
49.0
50.0
51.0
52.0
48.0
51.0
127.0
185.0
75.0
102.0
220.0
99.0
64.0
134.0
184.0
88.0
46.0
53.0
51.0
51.0
50.0
50.0
51.0
52.0
52.0
0.0


49.0
49.0
49.0
49.0
49.0
49.0
50.0
51.0
49.0
57.0
77.0
127.0
199.0
94.0
111.0
196.0
84.0
92.0
164.0
164.0
61.0
51.0
53.0
51.0
50.0
50.0
48.0
50.0
52.0
52.0
0.0


49.0
49.0
49.0
48.0
48.0
48.0
48.0
51.0
45.0
90.0
169.0
128.0
148.0
135.0
121.0
116.0
91.0
114.0
168.0
129.0
50.0
55.0
52.0
50.0
49.0
49.0
48.0
49.0
51.0
52.0
0.0


48.0
49.0
49.0
49.0
48.0
48.0
49.0
50.0
46.0
106.0
149.0
130.0
142.0
152.0
131.0
110.0
112.0
117.0
164.0
112.0
49.0
56.0
51.0
49.0
48.0
48.0
48.0
49.0
49.0
51.0
0.0


49.0
49.0
49.0
49.0
48.0
47.0
49.0
51.0
47.0
120.0
184.0
153.0
164.0
182.0
180.0
130.0
135.0
132.0
177.0
105.0
51.0
56.0
50.0
49.0
47.0
47.0
47.0
48.0
50.0
51.0
0.0


48.0
48.0
49.0
48.0
47.0
47.0
48.0
49.0
50.0
129.0
200.0
137.0
159.0
189.0
194.0
184.0
130.0
124.0
171.0
88.0
52.0
58.0
52.0
50.0
50.0
49.0
48.0
49.0
51.0
51.0
0.0


49.0
49.0
49.0
48.0
48.0
48.0
49.0
48.0
52.0
121.0
160.0
178.0
171.0
182.0
207.0
233.0
144.0
125.0
168.0
91.0
52.0
55.0
52.0
51.0
51.0
50.0
50.0
50.0
51.0
51.0
0.0


49.0
49.0
49.0
49.0
49.0
49.0
49.0
50.0
48.0
101.0
153.0
163.0
166.0
158.0
181.0
207.0
216.0
161.0
178.0
106.0
53.0
56.0
52.0
51.0
51.0
50.0
50.0
51.0
51.0
51.0
0.0


49.0
49.0
49.0
48.0
49.0
49.0
49.0
51.0
47.0
90.0
132.0
136.0
161.0
154.0
145.0
193.0
199.0
191.0
227.0
112.0
53.0
56.0
52.0
51.0
51.0
51.0
51.0
52.0
50.0
49.0
0.0


49.0
50.0
49.0
49.0
49.0
50.0
49.0
51.0
47.0
85.0
127.0
122.0
149.0
152.0
122.0
163.0
198.0
193.0
244.0
103.0
53.0
55.0
52.0
52.0
51.0
51.0
51.0
52.0
51.0
49.0
0.0


50.0
50.0
50.0
50.0
50.0
51.0
51.0
52.0
48.0
77.0
126.0
112.0
136.0
133.0
116.0
139.0
195.0
208.0
244.0
93.0
54.0
55.0
52.0
51.0
52.0
51.0
51.0
50.0
50.0
50.0
0.0


50.0
51.0
50.0
50.0
51.0
51.0
52.0
53.0
50.0
66.0
130.0
119.0
118.0
127.0
126.0
140.0
183.0
211.0
242.0
88.0
55.0
55.0
51.0
51.0
50.0
49.0
48.0
48.0
49.0
50.0
0.0


51.0
53.0
52.0
50.0
50.0
52.0
53.0
53.0
54.0
57.0
115.0
136.0
105.0
125.0
144.0
159.0
191.0
220.0
206.0
77.0
56.0
55.0
51.0
49.0
48.0
46.0
46.0
47.0
49.0
51.0
0.0


53.0
52.0
51.0
50.0
51.0
52.0
53.0
53.0
57.0
58.0
83.0
147.0
125.0
134.0
164.0
183.0
199.0
243.0
166.0
68.0
60.0
57.0
52.0
51.0
50.0
49.0
48.0
49.0
50.0
51.0
0.0


52.0
51.0
51.0
51.0
51.0
51.0
53.0
55.0
58.0
64.0
64.0
124.0
162.0
150.0
173.0
198.0
207.0
235.0
188.0
78.0
61.0
60.0
57.0
55.0
53.0
53.0
52.0
52.0
53.0
53.0
0.0


51.0
52.0
51.0
51.0
51.0
51.0
53.0
55.0
58.0
65.0
65.0
84.0
178.0
188.0
184.0
192.0
209.0
212.0
246.0
103.0
58.0
61.0
57.0
56.0
54.0
54.0
54.0
53.0
54.0
54.0
0.0


51.0
51.0
51.0
51.0
51.0
51.0
53.0
55.0
59.0
65.0
70.0
67.0
118.0
212.0
185.0
188.0
201.0
207.0
242.0
146.0
64.0
63.0
58.0
58.0
57.0
57.0
55.0
56.0
56.0
56.0
0.0


52.0
51.0
51.0
51.0
52.0
52.0
53.0
56.0
61.0
67.0
71.0
73.0
89.0
170.0
173.0
179.0
184.0
200.0
213.0
206.0
82.0
64.0
65.0
63.0
61.0
60.0
60.0
60.0
59.0
59.0
0.0


52.0
51.0
52.0
52.0
52.0
54.0
54.0
55.0
60.0
67.0
70.0
76.0
84.0
146.0
166.0
170.0
173.0
189.0
198.0
246.0
116.0
64.0
68.0
66.0
63.0
61.0
61.0
60.0
59.0
60.0
0.0


0.0
0.0
0.0
0.0
0.0
0.0
0.0
0.0
0.0
0.0
0.0
0.0
0.0
0.0
0.0
0.0
0.0
0.0
0.0
0.0
0.0
0.0
0.0
0.0
0.0
0.0
0.0
0.0
0.0
0.0
0.0


