49.0
49.0
50.0
50.0
51.0
50.0
51.0
51.0
52.0
52.0
53.0
54.0
54.0
54.0
54.0
55.0
55.0
51.0
54.0
54.0
54.0
54.0
53.0
53.0
54.0
54.0
55.0
56.0
56.0
57.0
0.0


50.0
50.0
49.0
50.0
50.0
51.0
51.0
51.0
52.0
51.0
51.0
52.0
53.0
54.0
50.0
85.0
114.0
52.0
51.0
55.0
53.0
54.0
53.0
52.0
53.0
52.0
53.0
54.0
56.0
57.0
0.0


50.0
51.0
49.0
50.0
50.0
51.0
52.0
51.0
51.0
53.0
56.0
52.0
52.0
53.0
48.0
104.0
152.0
56.0
50.0
54.0
55.0
49.0
49.0
52.0
50.0
49.0
50.0
52.0
56.0
57.0
0.0


50.0
52.0
50.0
49.0
50.0
50.0
51.0
52.0
48.0
65.0
130.0
66.0
48.0
52.0
52.0
111.0
147.0
58.0
49.0
53.0
51.0
74.0
69.0
49.0
49.0
49.0
49.0
51.0
55.0
56.0
0.0


50.0
51.0
51.0
50.0
50.0
50.0
51.0
52.0
48.0
65.0
163.0
84.0
47.0
52.0
60.0
135.0
148.0
57.0
49.0
51.0
52.0
134.0
120.0
47.0
50.0
48.0
50.0
53.0
54.0
55.0
0.0


50.0
51.0
50.0
51.0
50.0
50.0
51.0
52.0
48.0
63.0
145.0
107.0
48.0
50.0
68.0
146.0
136.0
53.0
51.0
49.0
66.0
151.0
105.0
46.0
52.0
50.0
52.0
54.0
54.0
55.0
0.0


51.0
51.0
50.0
51.0
51.0
50.0
50.0
52.0
48.0
60.0
140.0
134.0
53.0
48.0
79.0
156.0
126.0
50.0
52.0
49.0
98.0
173.0
86.0
45.0
53.0
51.0
52.0
54.0
54.0
54.0
0.0


50.0
51.0
51.0
51.0
51.0
50.0
52.0
52.0
49.0
52.0
130.0
156.0
60.0
47.0
96.0
175.0
113.0
48.0
50.0
61.0
133.0
166.0
62.0
48.0
53.0
52.0
52.0
53.0
53.0
54.0
0.0


50.0
50.0
51.0
51.0
51.0
52.0
52.0
50.0
49.0
47.0
113.0
172.0
71.0
51.0
122.0
184.0
108.0
47.0
51.0
92.0
159.0
127.0
48.0
52.0
51.0
51.0
52.0
53.0
52.0
53.0
0.0


49.0
50.0
51.0
52.0
51.0
51.0
51.0
50.0
50.0
47.0
108.0
192.0
92.0
57.0
130.0
172.0
97.0
45.0
74.0
142.0
191.0
91.0
45.0
52.0
51.0
51.0
51.0
52.0
51.0
53.0
0.0


50.0
50.0
51.0
51.0
51.0
52.0
51.0
51.0
51.0
49.0
106.0
185.0
116.0
62.0
140.0
174.0
80.0
50.0
100.0
156.0
179.0
62.0
50.0
53.0
51.0
51.0
52.0
52.0
51.0
52.0
0.0


50.0
50.0
50.0
50.0
51.0
52.0
53.0
52.0
53.0
43.0
87.0
178.0
126.0
65.0
157.0
165.0
64.0
71.0
128.0
177.0
104.0
46.0
55.0
52.0
51.0
51.0
51.0
52.0
51.0
51.0
0.0


51.0
50.0
49.0
50.0
51.0
52.0
52.0
53.0
50.0
82.0
139.0
187.0
158.0
94.0
161.0
137.0
60.0
112.0
167.0
161.0
59.0
52.0
55.0
51.0
51.0
50.0
50.0
51.0
52.0
51.0
0.0


51.0
50.0
50.0
50.0
51.0
51.0
52.0
52.0
53.0
133.0
156.0
161.0
156.0
142.0
137.0
111.0
99.0
141.0
196.0
105.0
48.0
56.0
53.0
51.0
50.0
50.0
51.0
51.0
51.0
52.0
0.0


51.0
51.0
51.0
50.0
50.0
50.0
53.0
50.0
61.0
146.0
147.0
130.0
135.0
150.0
135.0
117.0
121.0
133.0
175.0
74.0
53.0
57.0
52.0
50.0
50.0
50.0
50.0
51.0
51.0
51.0
0.0


50.0
51.0
51.0
50.0
50.0
51.0
53.0
49.0
69.0
168.0
180.0
164.0
169.0
186.0
160.0
127.0
137.0
146.0
156.0
64.0
58.0
55.0
51.0
49.0
50.0
50.0
50.0
52.0
51.0
50.0
0.0


50.0
50.0
50.0
50.0
50.0
51.0
53.0
48.0
80.0
163.0
181.0
165.0
168.0
203.0
209.0
156.0
118.0
151.0
137.0
60.0
63.0
55.0
52.0
51.0
51.0
51.0
51.0
52.0
52.0
52.0
0.0


50.0
50.0
50.0
50.0
51.0
51.0
53.0
48.0
81.0
151.0
164.0
177.0
166.0
199.0
221.0
196.0
131.0
164.0
138.0
63.0
60.0
57.0
54.0
53.0
53.0
52.0
52.0
53.0
52.0
52.0
0.0


51.0
51.0
51.0
51.0
51.0
52.0
53.0
49.0
70.0
144.0
144.0
170.0
177.0
169.0
197.0
218.0
204.0
168.0
156.0
69.0
57.0
57.0
55.0
53.0
52.0
53.0
52.0
52.0
51.0
51.0
0.0


52.0
51.0
52.0
52.0
53.0
52.0
53.0
51.0
65.0
130.0
129.0
149.0
176.0
150.0
159.0
203.0
196.0
202.0
168.0
68.0
57.0
57.0
54.0
53.0
53.0
52.0
53.0
50.0
49.0
49.0
0.0


52.0
52.0
53.0
52.0
53.0
53.0
53.0
52.0
62.0
129.0
123.0
132.0
163.0
141.0
127.0
176.0
194.0
216.0
158.0
64.0
59.0
57.0
54.0
54.0
53.0
52.0
52.0
49.0
47.0
47.0
0.0


53.0
53.0
53.0
53.0
54.0
54.0
54.0
54.0
58.0
126.0
127.0
126.0
143.0
133.0
119.0
153.0
198.0
241.0
143.0
61.0
60.0
56.0
54.0
54.0
52.0
51.0
51.0
50.0
50.0
50.0
0.0


53.0
53.0
54.0
54.0
54.0
55.0
55.0
56.0
54.0
109.0
151.0
122.0
123.0
134.0
132.0
153.0
194.0
254.0
133.0
60.0
62.0
58.0
55.0
53.0
52.0
51.0
51.0
52.0
53.0
53.0
0.0


55.0
54.0
54.0
54.0
55.0
55.0
56.0
58.0
57.0
82.0
158.0
132.0
122.0
147.0
152.0
175.0
202.0
248.0
107.0
63.0
64.0
59.0
56.0
53.0
52.0
51.0
51.0
53.0
55.0
56.0
0.0


55.0
54.0
54.0
54.0
55.0
56.0
57.0
59.0
63.0
65.0
126.0
160.0
146.0
160.0
179.0
204.0
217.0
213.0
85.0
66.0
64.0
59.0
56.0
55.0
53.0
53.0
53.0
55.0
55.0
56.0
0.0


54.0
54.0
54.0
54.0
56.0
57.0
58.0
60.0
67.0
65.0
91.0
185.0
179.0
178.0
195.0
214.0
218.0
244.0
100.0
67.0
66.0
61.0
59.0
58.0
56.0
56.0
56.0
56.0
56.0
57.0
0.0


54.0
54.0
55.0
56.0
55.0
57.0
59.0
61.0
68.0
73.0
73.0
131.0
226.0
197.0
197.0
205.0
211.0
249.0
132.0
68.0
69.0
65.0
63.0
62.0
60.0
60.0
60.0
59.0
59.0
58.0
0.0


55.0
55.0
55.0
55.0
55.0
57.0
59.0
61.0
68.0
74.0
76.0
94.0
183.0
184.0
187.0
191.0
203.0
238.0
172.0
76.0
69.0
68.0
66.0
65.0
64.0
64.0
64.0
62.0
61.0
62.0
0.0


55.0
55.0
55.0
55.0
56.0
56.0
59.0
61.0
69.0
75.0
78.0
88.0
153.0
166.0
172.0
175.0
190.0
210.0
231.0
95.0
68.0
70.0
67.0
66.0
65.0
65.0
64.0
64.0
64.0
64.0
0.0


55.0
55.0
56.0
56.0
56.0
57.0
59.0
61.0
68.0
74.0
79.0
84.0
141.0
168.0
161.0
165.0
178.0
198.0
245.0
132.0
70.0
73.0
70.0
67.0
66.0
66.0
65.0
63.0
65.0
66.0
0.0


0.0
0.0
0.0
0.0
0.0
0.0
0.0
0.0
0.0
0.0
0.0
0.0
0.0
0.0
0.0
0.0
0.0
0.0
0.0
0.0
0.0
0.0
0.0
0.0
0.0
0.0
0.0
0.0
0.0
0.0
0.0


