47.0
48.0
47.0
49.0
48.0
46.0
47.0
48.0
48.0
49.0
49.0
50.0
51.0
50.0
50.0
50.0
50.0
49.0
50.0
51.0
49.0
52.0
70.0
58.0
46.0
50.0
49.0
49.0
49.0
50.0
46.0
94.0
148.0
128.0
180.0
116.0
43.0
53.0
51.0
51.0
51.0
50.0
52.0
53.0
53.0
50.0
50.0
52.0
51.0
51.0
50.0
50.0
49.0
47.0
48.0
47.0
46.0
48.0
48.0
49.0
0.0


48.0
47.0
49.0
48.0
47.0
48.0
48.0
48.0
47.0
48.0
50.0
50.0
50.0
50.0
50.0
49.0
49.0
49.0
51.0
50.0
49.0
87.0
118.0
130.0
73.0
45.0
51.0
49.0
49.0
50.0
46.0
99.0
151.0
139.0
197.0
114.0
42.0
52.0
50.0
51.0
51.0
51.0
50.0
51.0
47.0
57.0
57.0
49.0
51.0
51.0
51.0
50.0
49.0
48.0
48.0
48.0
48.0
48.0
48.0
50.0
0.0


49.0
48.0
48.0
48.0
48.0
49.0
49.0
49.0
48.0
49.0
49.0
49.0
49.0
50.0
49.0
50.0
49.0
49.0
52.0
48.0
58.0
122.0
110.0
155.0
124.0
45.0
51.0
49.0
49.0
50.0
49.0
113.0
142.0
146.0
196.0
123.0
43.0
51.0
50.0
50.0
51.0
50.0
52.0
47.0
67.0
108.0
123.0
72.0
45.0
53.0
51.0
50.0
49.0
48.0
48.0
48.0
47.0
48.0
48.0
49.0
0.0


49.0
47.0
47.0
49.0
49.0
49.0
49.0
48.0
48.0
49.0
49.0
49.0
50.0
50.0
49.0
50.0
49.0
50.0
51.0
48.0
56.0
130.0
125.0
149.0
132.0
47.0
51.0
50.0
49.0
48.0
58.0
129.0
133.0
147.0
184.0
135.0
45.0
49.0
51.0
50.0
49.0
51.0
49.0
51.0
111.0
115.0
144.0
133.0
53.0
49.0
51.0
50.0
49.0
47.0
47.0
48.0
48.0
49.0
49.0
51.0
0.0


49.0
48.0
48.0
48.0
48.0
48.0
48.0
48.0
48.0
49.0
50.0
49.0
50.0
50.0
49.0
49.0
50.0
49.0
51.0
46.0
55.0
130.0
130.0
158.0
137.0
49.0
51.0
50.0
50.0
47.0
62.0
131.0
132.0
151.0
179.0
142.0
49.0
50.0
51.0
49.0
50.0
51.0
46.0
63.0
133.0
129.0
152.0
158.0
60.0
50.0
51.0
50.0
50.0
49.0
48.0
48.0
48.0
49.0
50.0
52.0
0.0


48.0
50.0
49.0
48.0
47.0
48.0
48.0
48.0
48.0
50.0
51.0
50.0
50.0
50.0
49.0
49.0
49.0
50.0
51.0
46.0
58.0
134.0
131.0
150.0
154.0
55.0
49.0
48.0
50.0
45.0
70.0
139.0
135.0
153.0
182.0
136.0
49.0
51.0
49.0
50.0
50.0
50.0
44.0
78.0
144.0
135.0
166.0
152.0
57.0
50.0
50.0
49.0
49.0
48.0
50.0
49.0
49.0
50.0
51.0
52.0
0.0


48.0
50.0
50.0
49.0
49.0
49.0
49.0
48.0
47.0
48.0
50.0
50.0
49.0
48.0
49.0
49.0
49.0
49.0
50.0
47.0
64.0
137.0
129.0
142.0
170.0
65.0
46.0
51.0
51.0
43.0
86.0
161.0
149.0
160.0
195.0
124.0
43.0
51.0
50.0
49.0
49.0
49.0
48.0
102.0
139.0
137.0
178.0
140.0
51.0
50.0
51.0
50.0
49.0
50.0
49.0
49.0
49.0
50.0
52.0
51.0
0.0


47.0
49.0
50.0
51.0
50.0
49.0
49.0
48.0
47.0
49.0
50.0
49.0
48.0
49.0
49.0
49.0
49.0
48.0
50.0
46.0
73.0
137.0
126.0
141.0
184.0
77.0
44.0
53.0
51.0
44.0
98.0
156.0
148.0
162.0
206.0
116.0
40.0
53.0
50.0
49.0
51.0
46.0
58.0
124.0
130.0
141.0
184.0
132.0
50.0
51.0
51.0
51.0
50.0
50.0
48.0
50.0
49.0
51.0
52.0
52.0
0.0


48.0
48.0
49.0
51.0
49.0
48.0
48.0
48.0
49.0
49.0
50.0
48.0
49.0
48.0
48.0
49.0
48.0
47.0
50.0
43.0
75.0
137.0
124.0
140.0
184.0
89.0
44.0
52.0
49.0
47.0
112.0
147.0
145.0
157.0
198.0
115.0
40.0
53.0
49.0
50.0
51.0
44.0
79.0
130.0
133.0
143.0
190.0
121.0
45.0
50.0
51.0
50.0
50.0
51.0
50.0
51.0
50.0
50.0
51.0
53.0
0.0


48.0
48.0
48.0
48.0
49.0
48.0
48.0
48.0
49.0
49.0
51.0
48.0
47.0
48.0
48.0
48.0
49.0
46.0
49.0
44.0
69.0
144.0
133.0
149.0
199.0
99.0
43.0
52.0
47.0
51.0
127.0
144.0
151.0
159.0
200.0
103.0
41.0
53.0
49.0
49.0
49.0
47.0
107.0
136.0
138.0
147.0
201.0
100.0
43.0
51.0
50.0
49.0
50.0
50.0
51.0
51.0
50.0
51.0
52.0
53.0
0.0


48.0
49.0
48.0
47.0
49.0
48.0
49.0
50.0
48.0
51.0
52.0
48.0
47.0
48.0
48.0
48.0
47.0
48.0
49.0
43.0
62.0
150.0
141.0
152.0
198.0
108.0
42.0
54.0
45.0
57.0
141.0
147.0
156.0
162.0
206.0
89.0
41.0
53.0
49.0
52.0
45.0
60.0
140.0
144.0
149.0
159.0
199.0
78.0
45.0
51.0
49.0
50.0
50.0
50.0
51.0
51.0
51.0
52.0
52.0
52.0
0.0


48.0
48.0
48.0
48.0
48.0
49.0
48.0
45.0
45.0
44.0
49.0
47.0
48.0
47.0
48.0
48.0
47.0
48.0
49.0
43.0
57.0
143.0
140.0
147.0
190.0
115.0
42.0
54.0
42.0
68.0
152.0
146.0
158.0
164.0
204.0
79.0
43.0
53.0
50.0
51.0
44.0
82.0
143.0
133.0
150.0
186.0
168.0
56.0
47.0
51.0
49.0
50.0
50.0
52.0
51.0
51.0
51.0
51.0
51.0
52.0
0.0


48.0
49.0
48.0
48.0
49.0
49.0
46.0
64.0
96.0
82.0
45.0
47.0
47.0
47.0
48.0
47.0
47.0
46.0
46.0
43.0
56.0
138.0
142.0
152.0
192.0
119.0
43.0
53.0
39.0
85.0
159.0
151.0
165.0
169.0
192.0
69.0
46.0
52.0
50.0
49.0
49.0
110.0
135.0
138.0
155.0
205.0
132.0
43.0
48.0
51.0
51.0
50.0
50.0
51.0
51.0
51.0
51.0
51.0
52.0
52.0
0.0


47.0
46.0
47.0
47.0
47.0
48.0
46.0
93.0
124.0
152.0
86.0
39.0
50.0
46.0
47.0
46.0
46.0
46.0
47.0
42.0
56.0
135.0
142.0
155.0
186.0
126.0
44.0
53.0
43.0
107.0
159.0
159.0
168.0
173.0
182.0
59.0
46.0
51.0
50.0
46.0
64.0
133.0
128.0
147.0
161.0
219.0
97.0
41.0
52.0
51.0
52.0
50.0
49.0
50.0
51.0
50.0
51.0
50.0
53.0
53.0
0.0


47.0
47.0
47.0
48.0
49.0
48.0
45.0
97.0
140.0
137.0
144.0
49.0
45.0
48.0
46.0
46.0
45.0
45.0
46.0
42.0
55.0
136.0
141.0
153.0
180.0
141.0
48.0
49.0
50.0
131.0
167.0
173.0
173.0
174.0
179.0
59.0
48.0
50.0
51.0
48.0
100.0
136.0
135.0
151.0
170.0
198.0
73.0
43.0
53.0
49.0
50.0
50.0
49.0
50.0
50.0
51.0
51.0
51.0
52.0
52.0
0.0


46.0
47.0
48.0
48.0
48.0
49.0
42.0
75.0
163.0
142.0
175.0
86.0
37.0
50.0
46.0
46.0
45.0
45.0
46.0
42.0
57.0
138.0
137.0
153.0
171.0
154.0
54.0
45.0
56.0
150.0
171.0
168.0
167.0
193.0
175.0
55.0
48.0
53.0
47.0
65.0
130.0
129.0
150.0
158.0
183.0
171.0
58.0
48.0
52.0
49.0
50.0
49.0
50.0
51.0
50.0
50.0
50.0
51.0
51.0
51.0
0.0


47.0
48.0
47.0
48.0
47.0
49.0
45.0
54.0
141.0
157.0
161.0
145.0
47.0
44.0
47.0
45.0
46.0
45.0
48.0
42.0
62.0
144.0
137.0
158.0
166.0
171.0
64.0
39.0
64.0
150.0
149.0
154.0
161.0
204.0
145.0
48.0
52.0
52.0
44.0
103.0
148.0
149.0
156.0
163.0
206.0
140.0
46.0
53.0
52.0
50.0
51.0
49.0
50.0
50.0
51.0
51.0
49.0
50.0
52.0
51.0
0.0


48.0
47.0
48.0
48.0
48.0
48.0
47.0
45.0
118.0
171.0
147.0
185.0
93.0
39.0
49.0
47.0
46.0
46.0
47.0
43.0
67.0
150.0
140.0
171.0
173.0
198.0
78.0
35.0
73.0
147.0
130.0
136.0
150.0
204.0
120.0
45.0
54.0
47.0
59.0
135.0
150.0
163.0
166.0
168.0
229.0
110.0
43.0
54.0
51.0
51.0
50.0
50.0
50.0
49.0
50.0
50.0
50.0
50.0
52.0
52.0
0.0


47.0
46.0
48.0
48.0
48.0
48.0
49.0
42.0
93.0
180.0
151.0
170.0
156.0
53.0
44.0
49.0
45.0
46.0
48.0
43.0
67.0
163.0
153.0
170.0
171.0
218.0
93.0
32.0
82.0
150.0
131.0
142.0
154.0
220.0
102.0
44.0
56.0
47.0
85.0
133.0
147.0
158.0
167.0
184.0
233.0
79.0
42.0
54.0
51.0
50.0
50.0
50.0
50.0
50.0
50.0
50.0
50.0
51.0
52.0
52.0
0.0


49.0
47.0
47.0
48.0
48.0
48.0
51.0
42.0
63.0
164.0
159.0
160.0
211.0
91.0
41.0
48.0
46.0
47.0
48.0
42.0
65.0
154.0
140.0
156.0
159.0
198.0
108.0
34.0
89.0
153.0
136.0
149.0
157.0
221.0
87.0
46.0
54.0
55.0
109.0
130.0
136.0
149.0
168.0
211.0
163.0
49.0
52.0
53.0
51.0
51.0
51.0
50.0
50.0
51.0
50.0
50.0
51.0
51.0
51.0
51.0
0.0


48.0
48.0
48.0
47.0
47.0
48.0
48.0
48.0
42.0
116.0
187.0
162.0
169.0
152.0
54.0
45.0
47.0
46.0
48.0
44.0
59.0
144.0
129.0
143.0
151.0
193.0
114.0
36.0
96.0
155.0
142.0
155.0
164.0
207.0
76.0
51.0
51.0
74.0
126.0
128.0
136.0
151.0
164.0
232.0
97.0
43.0
56.0
52.0
52.0
51.0
51.0
50.0
50.0
51.0
51.0
51.0
50.0
51.0
51.0
51.0
0.0


48.0
48.0
48.0
48.0
48.0
47.0
46.0
51.0
41.0
65.0
174.0
158.0
150.0
183.0
99.0
40.0
49.0
46.0
47.0
45.0
55.0
137.0
134.0
140.0
151.0
190.0
117.0
37.0
99.0
161.0
145.0
156.0
175.0
178.0
66.0
53.0
51.0
98.0
130.0
128.0
146.0
161.0
189.0
178.0
54.0
50.0
53.0
53.0
53.0
52.0
51.0
51.0
50.0
51.0
51.0
52.0
51.0
51.0
52.0
52.0
0.0


47.0
49.0
47.0
48.0
47.0
46.0
46.0
48.0
48.0
40.0
121.0
172.0
155.0
156.0
173.0
71.0
42.0
49.0
47.0
45.0
49.0
130.0
138.0
139.0
152.0
191.0
119.0
37.0
103.0
180.0
165.0
171.0
197.0
150.0
55.0
51.0
61.0
119.0
129.0
139.0
156.0
160.0
232.0
113.0
43.0
54.0
53.0
53.0
52.0
52.0
51.0
50.0
51.0
50.0
51.0
51.0
51.0
52.0
52.0
52.0
0.0


48.0
48.0
47.0
47.0
47.0
47.0
47.0
46.0
49.0
41.0
72.0
179.0
154.0
158.0
167.0
143.0
46.0
47.0
48.0
46.0
43.0
117.0
148.0
141.0
160.0
201.0
117.0
41.0
113.0
165.0
158.0
162.0
198.0
126.0
52.0
50.0
76.0
138.0
137.0
151.0
157.0
170.0
231.0
70.0
45.0
55.0
53.0
53.0
52.0
52.0
52.0
50.0
50.0
50.0
51.0
51.0
51.0
52.0
52.0
52.0
0.0


48.0
48.0
47.0
49.0
47.0
47.0
47.0
47.0
47.0
48.0
46.0
136.0
168.0
159.0
168.0
193.0
80.0
39.0
50.0
47.0
42.0
101.0
163.0
142.0
137.0
196.0
116.0
52.0
142.0
163.0
163.0
164.0
207.0
107.0
49.0
53.0
99.0
153.0
145.0
154.0
155.0
214.0
144.0
50.0
53.0
54.0
53.0
52.0
52.0
52.0
51.0
51.0
51.0
51.0
50.0
52.0
51.0
52.0
52.0
51.0
0.0


48.0
48.0
47.0
48.0
47.0
47.0
47.0
46.0
47.0
49.0
41.0
92.0
193.0
155.0
176.0
166.0
132.0
48.0
46.0
49.0
41.0
92.0
163.0
108.0
119.0
149.0
135.0
92.0
136.0
161.0
165.0
149.0
172.0
103.0
50.0
85.0
144.0
155.0
157.0
157.0
166.0
234.0
93.0
45.0
55.0
53.0
54.0
53.0
53.0
52.0
51.0
52.0
51.0
50.0
50.0
51.0
50.0
51.0
52.0
52.0
0.0


48.0
48.0
47.0
48.0
47.0
47.0
46.0
46.0
46.0
49.0
47.0
56.0
153.0
168.0
154.0
146.0
158.0
91.0
43.0
51.0
43.0
93.0
140.0
106.0
136.0
135.0
139.0
118.0
128.0
135.0
128.0
117.0
105.0
92.0
84.0
116.0
135.0
144.0
157.0
166.0
194.0
176.0
61.0
50.0
55.0
54.0
54.0
53.0
52.0
52.0
51.0
51.0
50.0
51.0
50.0
50.0
52.0
52.0
52.0
52.0
0.0


48.0
47.0
49.0
48.0
48.0
47.0
46.0
47.0
47.0
48.0
50.0
40.0
86.0
164.0
136.0
142.0
145.0
143.0
60.0
47.0
46.0
103.0
145.0
126.0
144.0
144.0
154.0
145.0
131.0
130.0
123.0
115.0
102.0
93.0
101.0
112.0
115.0
122.0
138.0
160.0
230.0
130.0
47.0
54.0
55.0
54.0
54.0
52.0
53.0
52.0
51.0
51.0
50.0
51.0
52.0
51.0
51.0
52.0
51.0
51.0
0.0


48.0
48.0
48.0
48.0
48.0
47.0
47.0
47.0
48.0
48.0
50.0
45.0
56.0
140.0
143.0
138.0
136.0
154.0
104.0
46.0
48.0
101.0
123.0
151.0
158.0
155.0
156.0
164.0
155.0
123.0
119.0
121.0
114.0
101.0
107.0
116.0
118.0
129.0
135.0
156.0
223.0
102.0
46.0
57.0
55.0
55.0
55.0
54.0
54.0
53.0
52.0
51.0
51.0
51.0
51.0
50.0
50.0
51.0
51.0
51.0
0.0


49.0
49.0
49.0
49.0
48.0
48.0
48.0
48.0
47.0
49.0
50.0
49.0
43.0
107.0
156.0
135.0
138.0
138.0
141.0
75.0
70.0
94.0
119.0
159.0
161.0
163.0
158.0
175.0
216.0
154.0
122.0
119.0
104.0
106.0
122.0
125.0
134.0
136.0
140.0
170.0
213.0
88.0
50.0
60.0
56.0
55.0
55.0
54.0
54.0
52.0
51.0
51.0
51.0
51.0
50.0
50.0
51.0
50.0
52.0
51.0
0.0


49.0
49.0
49.0
48.0
49.0
47.0
49.0
48.0
48.0
48.0
49.0
51.0
42.0
70.0
151.0
139.0
138.0
132.0
131.0
113.0
88.0
94.0
128.0
150.0
158.0
162.0
170.0
194.0
194.0
197.0
165.0
110.0
112.0
128.0
132.0
128.0
142.0
131.0
158.0
183.0
202.0
78.0
48.0
59.0
55.0
55.0
55.0
54.0
53.0
51.0
52.0
52.0
50.0
51.0
52.0
51.0
50.0
50.0
51.0
51.0
0.0


49.0
49.0
49.0
49.0
48.0
48.0
49.0
48.0
48.0
49.0
48.0
49.0
48.0
49.0
123.0
147.0
135.0
131.0
125.0
96.0
84.0
103.0
132.0
143.0
159.0
168.0
173.0
181.0
183.0
188.0
214.0
144.0
117.0
133.0
130.0
140.0
121.0
126.0
166.0
179.0
184.0
64.0
56.0
60.0
56.0
56.0
54.0
54.0
53.0
52.0
52.0
51.0
52.0
51.0
51.0
51.0
50.0
50.0
51.0
51.0
0.0


50.0
49.0
49.0
49.0
48.0
49.0
47.0
49.0
49.0
48.0
49.0
47.0
51.0
44.0
92.0
148.0
139.0
126.0
106.0
100.0
100.0
118.0
139.0
142.0
151.0
169.0
176.0
183.0
185.0
188.0
196.0
204.0
141.0
126.0
142.0
138.0
113.0
153.0
147.0
193.0
156.0
55.0
64.0
69.0
57.0
55.0
55.0
54.0
53.0
53.0
52.0
52.0
51.0
51.0
51.0
51.0
51.0
52.0
52.0
52.0
0.0


50.0
50.0
49.0
49.0
49.0
48.0
48.0
50.0
49.0
49.0
48.0
49.0
51.0
44.0
70.0
145.0
128.0
111.0
109.0
111.0
113.0
130.0
142.0
148.0
152.0
163.0
179.0
188.0
192.0
198.0
195.0
205.0
194.0
145.0
136.0
118.0
149.0
148.0
158.0
223.0
124.0
51.0
59.0
57.0
57.0
56.0
55.0
54.0
52.0
52.0
52.0
52.0
50.0
50.0
50.0
51.0
51.0
51.0
52.0
52.0
0.0


48.0
50.0
50.0
50.0
49.0
49.0
50.0
50.0
50.0
49.0
50.0
49.0
50.0
49.0
57.0
123.0
118.0
117.0
113.0
113.0
117.0
131.0
142.0
147.0
154.0
157.0
172.0
185.0
184.0
191.0
197.0
199.0
214.0
173.0
112.0
123.0
116.0
134.0
168.0
181.0
115.0
51.0
60.0
58.0
57.0
56.0
55.0
54.0
53.0
53.0
53.0
52.0
52.0
51.0
51.0
52.0
52.0
51.0
52.0
51.0
0.0


48.0
49.0
51.0
50.0
49.0
50.0
49.0
50.0
50.0
50.0
51.0
49.0
50.0
51.0
52.0
114.0
129.0
121.0
112.0
114.0
122.0
131.0
141.0
144.0
154.0
166.0
170.0
176.0
184.0
185.0
188.0
197.0
199.0
217.0
136.0
95.0
125.0
170.0
152.0
186.0
113.0
51.0
61.0
57.0
57.0
56.0
54.0
54.0
54.0
53.0
52.0
51.0
50.0
52.0
51.0
51.0
52.0
52.0
52.0
52.0
0.0


49.0
49.0
50.0
50.0
51.0
50.0
49.0
50.0
50.0
51.0
49.0
51.0
51.0
53.0
45.0
96.0
142.0
120.0
119.0
121.0
126.0
131.0
134.0
146.0
169.0
168.0
157.0
163.0
184.0
186.0
187.0
192.0
197.0
200.0
189.0
152.0
169.0
166.0
152.0
200.0
113.0
52.0
62.0
57.0
55.0
55.0
55.0
55.0
52.0
52.0
52.0
52.0
52.0
51.0
51.0
52.0
51.0
52.0
52.0
51.0
0.0


49.0
50.0
51.0
50.0
50.0
50.0
50.0
51.0
51.0
51.0
50.0
50.0
51.0
54.0
48.0
75.0
146.0
126.0
127.0
125.0
130.0
136.0
147.0
165.0
165.0
157.0
162.0
162.0
167.0
183.0
183.0
186.0
192.0
191.0
197.0
191.0
167.0
163.0
156.0
198.0
126.0
54.0
63.0
59.0
56.0
55.0
55.0
54.0
53.0
52.0
52.0
52.0
53.0
52.0
53.0
52.0
52.0
52.0
52.0
51.0
0.0


49.0
51.0
51.0
50.0
50.0
50.0
51.0
51.0
51.0
50.0
52.0
51.0
51.0
53.0
53.0
60.0
128.0
133.0
129.0
137.0
143.0
141.0
143.0
150.0
153.0
165.0
176.0
170.0
147.0
162.0
177.0
181.0
182.0
186.0
188.0
188.0
188.0
169.0
157.0
194.0
144.0
57.0
63.0
59.0
57.0
57.0
55.0
54.0
53.0
52.0
52.0
52.0
53.0
52.0
52.0
52.0
53.0
53.0
51.0
51.0
0.0


50.0
52.0
50.0
50.0
51.0
51.0
51.0
52.0
52.0
52.0
52.0
53.0
52.0
52.0
52.0
53.0
116.0
146.0
138.0
135.0
125.0
124.0
136.0
147.0
157.0
171.0
178.0
170.0
146.0
152.0
172.0
176.0
178.0
181.0
185.0
189.0
190.0
179.0
163.0
186.0
155.0
62.0
62.0
59.0
56.0
55.0
55.0
54.0
52.0
52.0
52.0
52.0
53.0
52.0
52.0
52.0
52.0
51.0
52.0
52.0
0.0


50.0
51.0
50.0
50.0
51.0
51.0
50.0
52.0
53.0
53.0
53.0
54.0
53.0
53.0
53.0
51.0
106.0
143.0
122.0
123.0
120.0
125.0
141.0
149.0
161.0
170.0
171.0
158.0
144.0
148.0
152.0
164.0
175.0
178.0
181.0
186.0
186.0
187.0
185.0
189.0
164.0
65.0
61.0
59.0
55.0
56.0
55.0
53.0
53.0
53.0
52.0
52.0
54.0
52.0
53.0
52.0
52.0
52.0
52.0
51.0
0.0


51.0
50.0
51.0
52.0
52.0
51.0
52.0
53.0
52.0
54.0
53.0
54.0
54.0
53.0
54.0
50.0
95.0
138.0
122.0
125.0
122.0
123.0
138.0
148.0
157.0
162.0
165.0
145.0
145.0
128.0
133.0
153.0
162.0
177.0
177.0
180.0
182.0
183.0
186.0
201.0
168.0
66.0
60.0
61.0
57.0
56.0
55.0
53.0
53.0
53.0
53.0
52.0
51.0
53.0
52.0
52.0
52.0
52.0
51.0
50.0
0.0


51.0
51.0
52.0
51.0
51.0
52.0
53.0
53.0
54.0
54.0
54.0
55.0
54.0
54.0
54.0
51.0
88.0
141.0
124.0
125.0
122.0
124.0
134.0
143.0
151.0
160.0
157.0
133.0
143.0
102.0
111.0
154.0
156.0
170.0
178.0
177.0
178.0
182.0
190.0
210.0
165.0
63.0
60.0
60.0
57.0
56.0
54.0
54.0
52.0
52.0
53.0
51.0
51.0
52.0
51.0
52.0
52.0
51.0
51.0
50.0
0.0


52.0
52.0
52.0
52.0
52.0
52.0
53.0
54.0
54.0
55.0
55.0
56.0
56.0
55.0
56.0
50.0
82.0
143.0
124.0
127.0
123.0
119.0
128.0
138.0
145.0
158.0
145.0
130.0
134.0
99.0
93.0
130.0
158.0
170.0
173.0
169.0
170.0
181.0
198.0
220.0
150.0
59.0
61.0
59.0
58.0
56.0
55.0
54.0
53.0
53.0
53.0
52.0
52.0
52.0
53.0
52.0
52.0
51.0
51.0
50.0
0.0


52.0
52.0
52.0
52.0
52.0
53.0
54.0
55.0
55.0
56.0
55.0
56.0
55.0
56.0
58.0
52.0
77.0
145.0
126.0
125.0
120.0
114.0
124.0
135.0
140.0
154.0
128.0
127.0
124.0
102.0
101.0
117.0
149.0
169.0
180.0
173.0
175.0
192.0
204.0
225.0
137.0
57.0
62.0
59.0
58.0
56.0
55.0
54.0
53.0
52.0
53.0
53.0
52.0
52.0
52.0
53.0
52.0
51.0
52.0
51.0
0.0


52.0
51.0
53.0
52.0
53.0
53.0
55.0
57.0
55.0
55.0
56.0
57.0
57.0
57.0
58.0
53.0
69.0
144.0
130.0
124.0
119.0
112.0
123.0
133.0
141.0
143.0
112.0
128.0
120.0
107.0
117.0
120.0
141.0
159.0
187.0
191.0
197.0
213.0
202.0
231.0
128.0
57.0
64.0
60.0
57.0
57.0
55.0
54.0
53.0
53.0
52.0
51.0
52.0
52.0
52.0
51.0
51.0
52.0
51.0
50.0
0.0


52.0
52.0
53.0
54.0
54.0
54.0
55.0
56.0
56.0
56.0
57.0
58.0
57.0
57.0
57.0
55.0
61.0
134.0
142.0
127.0
120.0
114.0
125.0
128.0
136.0
129.0
109.0
135.0
119.0
116.0
123.0
131.0
136.0
152.0
175.0
199.0
210.0
214.0
201.0
242.0
118.0
54.0
65.0
59.0
57.0
57.0
55.0
53.0
53.0
53.0
53.0
52.0
52.0
51.0
52.0
51.0
51.0
51.0
49.0
50.0
0.0


53.0
52.0
54.0
53.0
52.0
55.0
56.0
56.0
57.0
57.0
58.0
57.0
58.0
58.0
58.0
58.0
56.0
115.0
155.0
128.0
124.0
121.0
128.0
125.0
131.0
118.0
115.0
142.0
120.0
122.0
126.0
140.0
144.0
152.0
173.0
192.0
211.0
216.0
202.0
244.0
105.0
57.0
64.0
60.0
58.0
55.0
54.0
53.0
52.0
52.0
52.0
52.0
52.0
51.0
50.0
50.0
50.0
50.0
50.0
50.0
0.0


52.0
52.0
53.0
53.0
54.0
54.0
56.0
57.0
57.0
57.0
58.0
57.0
58.0
59.0
59.0
59.0
55.0
96.0
165.0
135.0
129.0
127.0
130.0
122.0
128.0
114.0
126.0
137.0
121.0
129.0
131.0
138.0
151.0
163.0
176.0
195.0
209.0
214.0
204.0
241.0
92.0
58.0
65.0
60.0
58.0
57.0
54.0
53.0
53.0
52.0
51.0
50.0
49.0
50.0
50.0
50.0
49.0
49.0
50.0
50.0
0.0


52.0
53.0
54.0
54.0
55.0
54.0
55.0
56.0
57.0
57.0
58.0
59.0
60.0
59.0
60.0
62.0
56.0
74.0
156.0
143.0
137.0
137.0
133.0
120.0
121.0
109.0
125.0
134.0
127.0
136.0
139.0
144.0
152.0
166.0
188.0
201.0
212.0
210.0
206.0
213.0
82.0
60.0
64.0
59.0
58.0
56.0
54.0
53.0
52.0
52.0
52.0
50.0
49.0
50.0
49.0
49.0
49.0
49.0
50.0
50.0
0.0


53.0
52.0
53.0
54.0
55.0
55.0
56.0
57.0
57.0
57.0
58.0
60.0
59.0
60.0
61.0
62.0
61.0
60.0
126.0
156.0
139.0
146.0
137.0
120.0
117.0
107.0
129.0
135.0
135.0
143.0
147.0
157.0
164.0
173.0
193.0
208.0
213.0
205.0
216.0
183.0
69.0
62.0
63.0
60.0
58.0
56.0
53.0
52.0
52.0
51.0
51.0
50.0
50.0
49.0
49.0
50.0
49.0
50.0
52.0
51.0
0.0


53.0
53.0
53.0
53.0
55.0
55.0
56.0
57.0
58.0
57.0
60.0
59.0
60.0
61.0
61.0
61.0
64.0
56.0
94.0
164.0
146.0
148.0
135.0
126.0
117.0
109.0
137.0
146.0
140.0
153.0
158.0
169.0
177.0
187.0
201.0
209.0
216.0
200.0
248.0
139.0
59.0
66.0
63.0
61.0
59.0
57.0
55.0
53.0
53.0
53.0
52.0
51.0
51.0
50.0
50.0
51.0
50.0
50.0
51.0
51.0
0.0


52.0
54.0
53.0
54.0
54.0
54.0
56.0
56.0
58.0
58.0
59.0
59.0
61.0
63.0
62.0
62.0
64.0
61.0
68.0
141.0
153.0
146.0
141.0
140.0
128.0
122.0
143.0
154.0
147.0
161.0
169.0
175.0
186.0
198.0
208.0
216.0
217.0
199.0
255.0
98.0
60.0
68.0
62.0
60.0
58.0
58.0
56.0
55.0
54.0
54.0
53.0
53.0
52.0
52.0
52.0
52.0
50.0
52.0
51.0
52.0
0.0


53.0
54.0
54.0
54.0
53.0
55.0
56.0
58.0
58.0
58.0
59.0
58.0
60.0
63.0
63.0
64.0
64.0
67.0
62.0
107.0
158.0
148.0
147.0
151.0
138.0
141.0
147.0
157.0
157.0
165.0
174.0
184.0
195.0
205.0
213.0
219.0
210.0
219.0
198.0
76.0
65.0
66.0
63.0
60.0
59.0
58.0
56.0
55.0
55.0
55.0
54.0
53.0
53.0
52.0
53.0
53.0
52.0
52.0
51.0
52.0
0.0


54.0
54.0
54.0
53.0
53.0
55.0
56.0
57.0
59.0
59.0
59.0
59.0
62.0
63.0
63.0
64.0
64.0
67.0
64.0
81.0
153.0
145.0
148.0
155.0
150.0
162.0
156.0
156.0
162.0
177.0
183.0
196.0
204.0
210.0
216.0
220.0
206.0
245.0
169.0
71.0
65.0
66.0
64.0
61.0
60.0
57.0
57.0
56.0
55.0
53.0
55.0
54.0
53.0
53.0
54.0
53.0
52.0
52.0
52.0
53.0
0.0


54.0
53.0
54.0
53.0
55.0
55.0
55.0
57.0
58.0
59.0
59.0
61.0
63.0
64.0
64.0
64.0
65.0
66.0
69.0
67.0
125.0
159.0
151.0
160.0
161.0
169.0
161.0
160.0
162.0
178.0
200.0
199.0
206.0
212.0
217.0
221.0
214.0
224.0
195.0
81.0
64.0
68.0
63.0
62.0
60.0
58.0
57.0
56.0
55.0
56.0
55.0
54.0
53.0
53.0
54.0
53.0
53.0
53.0
53.0
53.0
0.0


54.0
54.0
54.0
55.0
55.0
54.0
55.0
57.0
57.0
58.0
59.0
61.0
60.0
63.0
65.0
64.0
65.0
68.0
71.0
67.0
91.0
179.0
165.0
175.0
171.0
174.0
165.0
174.0
178.0
180.0
190.0
203.0
209.0
213.0
219.0
224.0
224.0
213.0
242.0
104.0
63.0
66.0
63.0
62.0
60.0
59.0
57.0
56.0
55.0
55.0
54.0
54.0
54.0
53.0
52.0
53.0
52.0
53.0
53.0
52.0
0.0


55.0
54.0
55.0
55.0
54.0
54.0
56.0
56.0
57.0
57.0
60.0
59.0
59.0
63.0
65.0
65.0
66.0
68.0
69.0
71.0
71.0
128.0
195.0
185.0
190.0
193.0
184.0
180.0
184.0
188.0
192.0
198.0
203.0
213.0
223.0
225.0
223.0
213.0
244.0
134.0
64.0
64.0
63.0
61.0
59.0
60.0
59.0
56.0
57.0
55.0
55.0
54.0
54.0
54.0
54.0
53.0
53.0
55.0
54.0
53.0
0.0


53.0
54.0
54.0
55.0
55.0
55.0
55.0
56.0
58.0
58.0
59.0
59.0
60.0
63.0
65.0
65.0
67.0
68.0
69.0
73.0
71.0
80.0
163.0
199.0
200.0
205.0
197.0
194.0
194.0
195.0
196.0
200.0
206.0
213.0
219.0
222.0
220.0
217.0
224.0
177.0
77.0
63.0
63.0
61.0
59.0
59.0
58.0
55.0
56.0
57.0
55.0
55.0
54.0
54.0
54.0
54.0
55.0
55.0
55.0
55.0
0.0


53.0
55.0
55.0
54.0
55.0
55.0
55.0
56.0
57.0
59.0
60.0
60.0
61.0
64.0
65.0
66.0
68.0
68.0
71.0
72.0
75.0
68.0
102.0
191.0
191.0
201.0
199.0
199.0
203.0
200.0
198.0
204.0
209.0
216.0
216.0
217.0
219.0
221.0
211.0
220.0
100.0
61.0
64.0
62.0
60.0
59.0
58.0
57.0
56.0
55.0
56.0
56.0
55.0
54.0
54.0
54.0
54.0
53.0
54.0
54.0
0.0


0.0
0.0
0.0
0.0
0.0
0.0
0.0
0.0
0.0
0.0
0.0
0.0
0.0
0.0
0.0
0.0
0.0
0.0
0.0
0.0
0.0
0.0
0.0
0.0
0.0
0.0
0.0
0.0
0.0
0.0
0.0
0.0
0.0
0.0
0.0
0.0
0.0
0.0
0.0
0.0
0.0
0.0
0.0
0.0
0.0
0.0
0.0
0.0
0.0
0.0
0.0
0.0
0.0
0.0
0.0
0.0
0.0
0.0
0.0
0.0
0.0


