49.0
49.0
49.0
49.0
50.0
50.0
50.0
50.0
51.0
52.0
52.0
52.0
53.0
53.0
53.0
52.0
50.0
52.0
52.0
53.0
53.0
54.0
53.0
53.0
53.0
54.0
55.0
55.0
55.0
57.0
0.0


49.0
49.0
49.0
49.0
49.0
49.0
50.0
51.0
51.0
51.0
52.0
53.0
52.0
53.0
51.0
56.0
77.0
56.0
50.0
53.0
54.0
54.0
53.0
52.0
52.0
51.0
52.0
53.0
54.0
56.0
0.0


49.0
49.0
50.0
49.0
49.0
50.0
50.0
51.0
51.0
50.0
48.0
50.0
52.0
53.0
47.0
69.0
165.0
75.0
46.0
53.0
53.0
50.0
50.0
52.0
52.0
50.0
48.0
49.0
52.0
55.0
0.0


49.0
50.0
51.0
50.0
49.0
50.0
50.0
51.0
51.0
51.0
68.0
58.0
49.0
53.0
47.0
77.0
167.0
80.0
46.0
53.0
52.0
84.0
63.0
49.0
52.0
50.0
48.0
49.0
51.0
55.0
0.0


50.0
50.0
51.0
50.0
49.0
50.0
50.0
51.0
50.0
52.0
129.0
102.0
46.0
53.0
48.0
90.0
173.0
84.0
45.0
50.0
60.0
160.0
95.0
46.0
52.0
49.0
48.0
51.0
52.0
55.0
0.0


49.0
50.0
51.0
50.0
50.0
50.0
50.0
51.0
49.0
49.0
122.0
127.0
50.0
51.0
50.0
109.0
182.0
77.0
47.0
48.0
76.0
160.0
86.0
44.0
53.0
51.0
50.0
52.0
53.0
55.0
0.0


50.0
50.0
51.0
51.0
51.0
50.0
50.0
50.0
49.0
49.0
113.0
152.0
62.0
47.0
56.0
123.0
168.0
71.0
46.0
52.0
106.0
169.0
76.0
45.0
52.0
52.0
52.0
52.0
53.0
55.0
0.0


50.0
50.0
51.0
50.0
50.0
50.0
49.0
50.0
50.0
45.0
102.0
187.0
77.0
42.0
62.0
141.0
160.0
64.0
44.0
62.0
135.0
157.0
59.0
48.0
52.0
53.0
53.0
52.0
54.0
54.0
0.0


51.0
50.0
50.0
50.0
50.0
50.0
51.0
50.0
50.0
43.0
87.0
195.0
92.0
40.0
76.0
173.0
157.0
60.0
47.0
87.0
156.0
128.0
49.0
52.0
51.0
51.0
52.0
52.0
53.0
52.0
0.0


50.0
50.0
50.0
50.0
50.0
50.0
51.0
50.0
51.0
44.0
77.0
180.0
117.0
43.0
93.0
171.0
148.0
53.0
62.0
134.0
189.0
101.0
47.0
54.0
51.0
51.0
51.0
51.0
51.0
52.0
0.0


50.0
50.0
49.0
50.0
50.0
50.0
50.0
50.0
51.0
45.0
76.0
172.0
154.0
54.0
98.0
168.0
129.0
49.0
86.0
147.0
191.0
75.0
49.0
54.0
52.0
52.0
51.0
51.0
51.0
52.0
0.0


50.0
50.0
50.0
50.0
50.0
50.0
51.0
51.0
52.0
46.0
70.0
153.0
170.0
65.0
100.0
200.0
108.0
52.0
110.0
157.0
135.0
51.0
55.0
53.0
52.0
51.0
51.0
52.0
52.0
51.0
0.0


50.0
50.0
50.0
49.0
49.0
50.0
50.0
51.0
52.0
48.0
56.0
142.0
194.0
83.0
108.0
224.0
84.0
67.0
146.0
181.0
88.0
48.0
56.0
52.0
51.0
50.0
50.0
50.0
52.0
52.0
0.0


50.0
50.0
50.0
49.0
49.0
50.0
50.0
51.0
51.0
53.0
111.0
167.0
175.0
120.0
134.0
148.0
87.0
107.0
169.0
158.0
60.0
54.0
55.0
53.0
51.0
50.0
50.0
50.0
51.0
52.0
0.0


49.0
50.0
50.0
49.0
49.0
49.0
49.0
52.0
48.0
71.0
155.0
150.0
145.0
139.0
153.0
120.0
113.0
122.0
157.0
124.0
52.0
58.0
53.0
51.0
50.0
49.0
50.0
50.0
52.0
52.0
0.0


49.0
50.0
50.0
49.0
49.0
49.0
49.0
52.0
47.0
88.0
169.0
144.0
165.0
173.0
187.0
152.0
130.0
132.0
173.0
105.0
54.0
58.0
52.0
50.0
49.0
49.0
49.0
50.0
52.0
52.0
0.0


50.0
50.0
49.0
49.0
49.0
49.0
49.0
51.0
48.0
105.0
203.0
174.0
144.0
168.0
201.0
211.0
152.0
127.0
173.0
93.0
57.0
60.0
53.0
51.0
50.0
51.0
51.0
51.0
52.0
52.0
0.0


50.0
50.0
50.0
49.0
49.0
49.0
49.0
50.0
52.0
122.0
163.0
198.0
130.0
124.0
210.0
212.0
188.0
130.0
172.0
92.0
56.0
59.0
54.0
53.0
52.0
52.0
52.0
52.0
52.0
52.0
0.0


50.0
50.0
50.0
49.0
49.0
50.0
50.0
51.0
51.0
111.0
150.0
173.0
181.0
164.0
174.0
196.0
211.0
183.0
173.0
109.0
56.0
59.0
54.0
53.0
52.0
52.0
52.0
52.0
52.0
52.0
0.0


50.0
50.0
50.0
50.0
50.0
50.0
50.0
51.0
48.0
97.0
142.0
140.0
174.0
181.0
151.0
171.0
194.0
190.0
211.0
124.0
56.0
58.0
54.0
52.0
52.0
52.0
52.0
53.0
51.0
49.0
0.0


51.0
51.0
51.0
50.0
50.0
51.0
51.0
51.0
48.0
89.0
134.0
126.0
154.0
169.0
145.0
138.0
175.0
181.0
223.0
124.0
56.0
58.0
53.0
52.0
52.0
52.0
52.0
52.0
50.0
48.0
0.0


51.0
51.0
51.0
50.0
51.0
52.0
52.0
53.0
48.0
84.0
138.0
117.0
139.0
148.0
130.0
116.0
156.0
189.0
238.0
114.0
56.0
58.0
53.0
52.0
52.0
51.0
52.0
51.0
50.0
50.0
0.0


52.0
51.0
51.0
51.0
52.0
52.0
53.0
54.0
50.0
75.0
143.0
122.0
127.0
131.0
129.0
126.0
151.0
191.0
251.0
106.0
56.0
58.0
54.0
52.0
51.0
50.0
49.0
49.0
50.0
50.0
0.0


52.0
53.0
53.0
52.0
52.0
52.0
53.0
54.0
53.0
61.0
134.0
141.0
118.0
120.0
137.0
141.0
167.0
198.0
243.0
94.0
58.0
58.0
53.0
51.0
50.0
48.0
47.0
48.0
51.0
51.0
0.0


53.0
53.0
52.0
52.0
52.0
53.0
54.0
54.0
56.0
56.0
100.0
156.0
130.0
128.0
152.0
167.0
188.0
227.0
186.0
76.0
63.0
60.0
55.0
53.0
51.0
51.0
50.0
51.0
52.0
53.0
0.0


52.0
52.0
52.0
52.0
52.0
53.0
55.0
55.0
57.0
62.0
70.0
142.0
156.0
151.0
165.0
190.0
204.0
244.0
170.0
72.0
66.0
61.0
58.0
56.0
55.0
54.0
53.0
53.0
53.0
54.0
0.0


52.0
52.0
52.0
52.0
52.0
52.0
55.0
56.0
59.0
67.0
63.0
101.0
196.0
182.0
184.0
194.0
208.0
225.0
220.0
87.0
64.0
64.0
60.0
58.0
57.0
56.0
56.0
56.0
56.0
56.0
0.0


53.0
52.0
52.0
53.0
53.0
53.0
55.0
57.0
60.0
66.0
70.0
71.0
142.0
218.0
193.0
193.0
203.0
207.0
248.0
117.0
65.0
67.0
62.0
60.0
60.0
59.0
59.0
59.0
58.0
59.0
0.0


53.0
53.0
52.0
53.0
52.0
53.0
55.0
57.0
61.0
67.0
73.0
72.0
105.0
191.0
175.0
182.0
186.0
198.0
241.0
159.0
72.0
69.0
66.0
64.0
62.0
61.0
61.0
61.0
61.0
62.0
0.0


53.0
53.0
52.0
53.0
54.0
54.0
55.0
57.0
62.0
67.0
73.0
74.0
97.0
166.0
161.0
171.0
172.0
188.0
207.0
217.0
89.0
68.0
69.0
66.0
63.0
62.0
62.0
62.0
61.0
64.0
0.0


0.0
0.0
0.0
0.0
0.0
0.0
0.0
0.0
0.0
0.0
0.0
0.0
0.0
0.0
0.0
0.0
0.0
0.0
0.0
0.0
0.0
0.0
0.0
0.0
0.0
0.0
0.0
0.0
0.0
0.0
0.0


