48.0
49.0
48.0
49.0
49.0
49.0
49.0
49.0
50.0
50.0
51.0
51.0
51.0
50.0
50.0
51.0
52.0
50.0
51.0
51.0
51.0
52.0
52.0
51.0
51.0
52.0
53.0
47.0
75.0
127.0
108.0
150.0
109.0
51.0
52.0
52.0
50.0
50.0
52.0
52.0
52.0
53.0
53.0
55.0
55.0
51.0
50.0
53.0
53.0
52.0
53.0
52.0
51.0
51.0
49.0
50.0
50.0
49.0
49.0
49.0
0.0


48.0
48.0
49.0
49.0
50.0
50.0
49.0
49.0
51.0
50.0
51.0
51.0
51.0
51.0
50.0
51.0
51.0
52.0
52.0
51.0
53.0
52.0
50.0
52.0
52.0
52.0
53.0
47.0
84.0
136.0
120.0
170.0
118.0
47.0
52.0
50.0
50.0
51.0
52.0
51.0
51.0
51.0
47.0
54.0
62.0
50.0
51.0
52.0
52.0
52.0
52.0
51.0
51.0
51.0
49.0
52.0
50.0
49.0
49.0
49.0
0.0


50.0
49.0
48.0
48.0
49.0
50.0
48.0
48.0
49.0
49.0
50.0
51.0
50.0
51.0
51.0
51.0
52.0
52.0
51.0
52.0
48.0
53.0
50.0
51.0
50.0
50.0
52.0
45.0
85.0
147.0
133.0
178.0
122.0
46.0
52.0
49.0
50.0
51.0
51.0
52.0
51.0
54.0
68.0
59.0
52.0
52.0
50.0
51.0
52.0
52.0
52.0
51.0
52.0
50.0
49.0
49.0
49.0
49.0
49.0
49.0
0.0


50.0
49.0
49.0
49.0
49.0
49.0
49.0
49.0
49.0
50.0
49.0
51.0
51.0
50.0
50.0
51.0
51.0
50.0
75.0
96.0
67.0
47.0
51.0
50.0
50.0
50.0
51.0
46.0
91.0
143.0
138.0
175.0
136.0
46.0
52.0
50.0
50.0
50.0
51.0
50.0
56.0
99.0
123.0
118.0
58.0
50.0
52.0
52.0
52.0
52.0
52.0
52.0
52.0
51.0
49.0
49.0
49.0
48.0
48.0
49.0
0.0


51.0
49.0
48.0
48.0
50.0
49.0
49.0
49.0
49.0
49.0
49.0
50.0
50.0
50.0
50.0
52.0
48.0
71.0
110.0
119.0
144.0
61.0
46.0
50.0
51.0
50.0
50.0
49.0
102.0
135.0
136.0
167.0
154.0
51.0
49.0
51.0
50.0
50.0
51.0
45.0
77.0
126.0
115.0
161.0
91.0
46.0
54.0
52.0
52.0
52.0
51.0
51.0
51.0
50.0
49.0
49.0
49.0
48.0
49.0
49.0
0.0


49.0
49.0
47.0
49.0
49.0
49.0
49.0
49.0
49.0
49.0
50.0
50.0
49.0
50.0
51.0
53.0
46.0
86.0
128.0
115.0
181.0
83.0
43.0
51.0
50.0
49.0
50.0
51.0
107.0
134.0
141.0
157.0
163.0
59.0
46.0
51.0
49.0
50.0
52.0
44.0
94.0
137.0
128.0
172.0
100.0
46.0
52.0
52.0
52.0
51.0
51.0
50.0
51.0
50.0
49.0
48.0
48.0
48.0
48.0
50.0
0.0


49.0
50.0
50.0
50.0
49.0
49.0
48.0
49.0
49.0
51.0
49.0
50.0
50.0
50.0
49.0
53.0
46.0
81.0
143.0
126.0
188.0
91.0
43.0
52.0
50.0
50.0
50.0
54.0
119.0
138.0
141.0
159.0
160.0
56.0
46.0
50.0
48.0
50.0
51.0
50.0
107.0
140.0
137.0
184.0
94.0
46.0
52.0
51.0
52.0
51.0
51.0
51.0
50.0
50.0
50.0
48.0
49.0
49.0
49.0
51.0
0.0


50.0
50.0
50.0
50.0
50.0
48.0
49.0
49.0
49.0
50.0
50.0
49.0
50.0
50.0
49.0
52.0
42.0
74.0
148.0
134.0
189.0
108.0
42.0
52.0
51.0
51.0
49.0
55.0
141.0
153.0
148.0
168.0
159.0
52.0
47.0
50.0
47.0
51.0
49.0
59.0
123.0
132.0
140.0
185.0
90.0
45.0
54.0
52.0
51.0
50.0
50.0
51.0
50.0
51.0
49.0
49.0
49.0
49.0
51.0
51.0
0.0


50.0
49.0
49.0
51.0
49.0
49.0
49.0
49.0
50.0
49.0
49.0
50.0
49.0
50.0
49.0
51.0
42.0
76.0
152.0
135.0
169.0
138.0
48.0
50.0
52.0
50.0
48.0
59.0
145.0
146.0
151.0
168.0
167.0
57.0
45.0
48.0
48.0
53.0
46.0
75.0
130.0
129.0
139.0
192.0
88.0
44.0
53.0
50.0
49.0
49.0
49.0
51.0
51.0
50.0
50.0
50.0
49.0
50.0
50.0
51.0
0.0


50.0
48.0
48.0
51.0
50.0
50.0
49.0
49.0
49.0
49.0
49.0
50.0
50.0
50.0
48.0
52.0
44.0
79.0
147.0
137.0
155.0
167.0
58.0
46.0
50.0
51.0
46.0
65.0
149.0
140.0
146.0
163.0
172.0
59.0
45.0
50.0
50.0
51.0
47.0
93.0
133.0
132.0
142.0
190.0
83.0
44.0
54.0
50.0
50.0
50.0
50.0
51.0
50.0
51.0
51.0
50.0
50.0
50.0
50.0
51.0
0.0


50.0
49.0
48.0
50.0
51.0
51.0
49.0
49.0
49.0
49.0
49.0
50.0
50.0
49.0
49.0
53.0
43.0
82.0
144.0
135.0
148.0
188.0
70.0
44.0
51.0
50.0
44.0
70.0
155.0
143.0
151.0
163.0
165.0
56.0
46.0
52.0
51.0
51.0
52.0
119.0
141.0
136.0
150.0
178.0
71.0
45.0
53.0
50.0
50.0
50.0
50.0
51.0
52.0
52.0
51.0
50.0
50.0
50.0
51.0
51.0
0.0


50.0
48.0
48.0
50.0
50.0
50.0
50.0
49.0
50.0
48.0
49.0
51.0
50.0
49.0
49.0
52.0
44.0
78.0
144.0
135.0
149.0
198.0
82.0
42.0
53.0
52.0
43.0
78.0
165.0
145.0
157.0
170.0
156.0
53.0
48.0
51.0
52.0
47.0
66.0
140.0
140.0
148.0
175.0
162.0
55.0
48.0
54.0
50.0
49.0
49.0
50.0
51.0
52.0
51.0
51.0
53.0
52.0
51.0
51.0
52.0
0.0


49.0
49.0
49.0
49.0
50.0
50.0
49.0
49.0
49.0
49.0
49.0
52.0
51.0
50.0
48.0
51.0
45.0
68.0
153.0
147.0
159.0
208.0
98.0
38.0
52.0
50.0
42.0
84.0
171.0
147.0
157.0
174.0
152.0
49.0
49.0
52.0
51.0
46.0
86.0
139.0
130.0
148.0
199.0
137.0
47.0
51.0
50.0
49.0
50.0
50.0
50.0
50.0
50.0
51.0
51.0
52.0
52.0
52.0
52.0
52.0
0.0


50.0
50.0
49.0
49.0
50.0
50.0
50.0
50.0
49.0
49.0
50.0
51.0
48.0
48.0
49.0
50.0
45.0
56.0
145.0
148.0
153.0
199.0
116.0
40.0
51.0
50.0
41.0
93.0
173.0
154.0
161.0
180.0
145.0
45.0
49.0
52.0
50.0
49.0
107.0
133.0
138.0
153.0
211.0
110.0
43.0
53.0
50.0
49.0
50.0
50.0
51.0
51.0
49.0
51.0
51.0
51.0
52.0
51.0
50.0
53.0
0.0


49.0
49.0
48.0
50.0
50.0
50.0
50.0
50.0
50.0
50.0
51.0
50.0
47.0
48.0
47.0
48.0
48.0
49.0
132.0
153.0
156.0
190.0
132.0
43.0
50.0
49.0
44.0
108.0
175.0
164.0
161.0
186.0
142.0
45.0
51.0
52.0
47.0
63.0
127.0
128.0
144.0
158.0
206.0
85.0
42.0
54.0
50.0
51.0
50.0
51.0
51.0
51.0
51.0
51.0
51.0
53.0
52.0
51.0
52.0
51.0
0.0


50.0
49.0
49.0
49.0
49.0
49.0
49.0
50.0
51.0
51.0
51.0
49.0
48.0
47.0
48.0
47.0
47.0
47.0
120.0
155.0
158.0
179.0
152.0
50.0
48.0
50.0
46.0
123.0
184.0
171.0
166.0
187.0
150.0
49.0
49.0
52.0
47.0
87.0
137.0
131.0
148.0
165.0
192.0
70.0
45.0
54.0
50.0
51.0
51.0
51.0
50.0
50.0
51.0
51.0
52.0
52.0
51.0
52.0
51.0
52.0
0.0


50.0
49.0
49.0
49.0
50.0
49.0
49.0
49.0
50.0
50.0
49.0
48.0
48.0
47.0
47.0
48.0
48.0
44.0
113.0
156.0
155.0
172.0
178.0
63.0
45.0
53.0
50.0
142.0
178.0
164.0
169.0
200.0
158.0
52.0
49.0
51.0
53.0
118.0
132.0
145.0
155.0
176.0
177.0
59.0
48.0
54.0
51.0
51.0
51.0
51.0
51.0
51.0
50.0
50.0
51.0
52.0
51.0
51.0
51.0
52.0
0.0


49.0
51.0
49.0
49.0
50.0
50.0
49.0
50.0
50.0
49.0
48.0
48.0
48.0
48.0
49.0
49.0
49.0
43.0
107.0
154.0
154.0
168.0
201.0
81.0
42.0
51.0
55.0
144.0
158.0
155.0
164.0
200.0
138.0
47.0
54.0
46.0
74.0
152.0
145.0
152.0
157.0
191.0
159.0
52.0
50.0
53.0
51.0
51.0
51.0
51.0
50.0
50.0
50.0
50.0
51.0
52.0
52.0
52.0
51.0
52.0
0.0


49.0
50.0
49.0
49.0
50.0
49.0
49.0
50.0
50.0
50.0
48.0
48.0
49.0
48.0
49.0
48.0
49.0
43.0
102.0
151.0
156.0
165.0
199.0
111.0
44.0
48.0
61.0
142.0
133.0
139.0
151.0
201.0
112.0
43.0
56.0
46.0
100.0
155.0
153.0
161.0
163.0
205.0
139.0
48.0
54.0
52.0
51.0
52.0
51.0
51.0
50.0
52.0
52.0
50.0
51.0
52.0
52.0
51.0
50.0
51.0
0.0


50.0
49.0
49.0
49.0
50.0
50.0
50.0
50.0
50.0
49.0
49.0
49.0
49.0
48.0
48.0
48.0
50.0
45.0
101.0
154.0
160.0
179.0
201.0
140.0
49.0
47.0
65.0
148.0
135.0
143.0
152.0
207.0
102.0
45.0
52.0
58.0
119.0
139.0
151.0
161.0
180.0
234.0
107.0
43.0
56.0
51.0
51.0
52.0
52.0
51.0
51.0
50.0
51.0
51.0
50.0
51.0
51.0
51.0
51.0
50.0
0.0


49.0
49.0
49.0
49.0
49.0
50.0
50.0
50.0
51.0
50.0
49.0
50.0
49.0
50.0
49.0
49.0
53.0
46.0
99.0
172.0
162.0
177.0
194.0
168.0
62.0
41.0
73.0
154.0
137.0
145.0
153.0
207.0
95.0
46.0
51.0
76.0
123.0
129.0
138.0
157.0
181.0
223.0
67.0
46.0
54.0
52.0
52.0
52.0
51.0
51.0
51.0
51.0
51.0
51.0
51.0
51.0
52.0
52.0
52.0
51.0
0.0


50.0
50.0
49.0
48.0
48.0
50.0
49.0
49.0
50.0
50.0
51.0
51.0
51.0
51.0
49.0
50.0
52.0
44.0
91.0
161.0
151.0
165.0
166.0
179.0
78.0
40.0
79.0
156.0
139.0
148.0
154.0
206.0
86.0
45.0
53.0
97.0
122.0
128.0
143.0
158.0
198.0
148.0
47.0
53.0
53.0
52.0
52.0
51.0
51.0
51.0
50.0
52.0
50.0
50.0
50.0
51.0
51.0
51.0
50.0
52.0
0.0


50.0
50.0
49.0
49.0
50.0
48.0
49.0
50.0
50.0
50.0
51.0
53.0
52.0
52.0
49.0
50.0
53.0
44.0
74.0
143.0
135.0
151.0
157.0
190.0
88.0
38.0
81.0
161.0
139.0
148.0
158.0
196.0
75.0
44.0
60.0
114.0
124.0
133.0
153.0
162.0
233.0
96.0
44.0
54.0
53.0
52.0
51.0
50.0
51.0
52.0
50.0
50.0
51.0
50.0
49.0
50.0
51.0
50.0
51.0
51.0
0.0


49.0
49.0
49.0
49.0
49.0
50.0
48.0
49.0
50.0
51.0
50.0
50.0
51.0
51.0
50.0
50.0
53.0
47.0
64.0
143.0
139.0
148.0
156.0
191.0
96.0
40.0
85.0
174.0
156.0
164.0
168.0
173.0
66.0
47.0
74.0
125.0
127.0
141.0
155.0
172.0
208.0
66.0
49.0
54.0
54.0
52.0
50.0
51.0
51.0
52.0
51.0
50.0
50.0
50.0
50.0
49.0
51.0
51.0
51.0
51.0
0.0


49.0
49.0
48.0
49.0
49.0
50.0
49.0
49.0
50.0
50.0
51.0
50.0
51.0
51.0
52.0
52.0
51.0
43.0
51.0
131.0
148.0
150.0
160.0
192.0
108.0
39.0
84.0
164.0
150.0
156.0
170.0
151.0
57.0
51.0
89.0
138.0
135.0
147.0
151.0
203.0
148.0
49.0
53.0
54.0
54.0
52.0
51.0
52.0
52.0
51.0
51.0
52.0
51.0
50.0
50.0
49.0
48.0
49.0
50.0
51.0
0.0


49.0
48.0
48.0
48.0
50.0
49.0
48.0
50.0
50.0
50.0
50.0
51.0
51.0
50.0
51.0
47.0
57.0
74.0
57.0
103.0
162.0
154.0
159.0
199.0
116.0
39.0
104.0
159.0
143.0
146.0
171.0
135.0
50.0
54.0
112.0
149.0
141.0
147.0
155.0
234.0
97.0
45.0
54.0
53.0
55.0
53.0
52.0
52.0
51.0
51.0
50.0
51.0
50.0
50.0
49.0
49.0
49.0
48.0
49.0
51.0
0.0


48.0
48.0
49.0
48.0
48.0
49.0
48.0
49.0
50.0
50.0
50.0
51.0
50.0
53.0
45.0
73.0
147.0
164.0
155.0
137.0
161.0
163.0
170.0
198.0
147.0
79.0
127.0
150.0
153.0
143.0
160.0
123.0
49.0
87.0
148.0
148.0
151.0
154.0
176.0
202.0
67.0
49.0
55.0
53.0
54.0
53.0
52.0
52.0
51.0
49.0
49.0
50.0
50.0
49.0
49.0
49.0
49.0
49.0
49.0
52.0
0.0


48.0
48.0
48.0
49.0
49.0
48.0
48.0
48.0
48.0
51.0
50.0
50.0
52.0
49.0
51.0
128.0
153.0
130.0
151.0
169.0
125.0
129.0
159.0
176.0
154.0
122.0
117.0
124.0
122.0
110.0
104.0
104.0
81.0
113.0
131.0
141.0
154.0
162.0
207.0
144.0
53.0
54.0
54.0
54.0
54.0
52.0
51.0
52.0
51.0
50.0
48.0
49.0
49.0
49.0
49.0
49.0
49.0
47.0
49.0
52.0
0.0


49.0
47.0
47.0
48.0
49.0
48.0
49.0
48.0
48.0
50.0
49.0
50.0
53.0
47.0
56.0
137.0
136.0
132.0
147.0
111.0
107.0
131.0
134.0
148.0
128.0
114.0
125.0
124.0
114.0
107.0
95.0
90.0
97.0
105.0
110.0
120.0
134.0
156.0
229.0
112.0
48.0
55.0
55.0
56.0
55.0
52.0
51.0
51.0
50.0
50.0
49.0
49.0
49.0
49.0
49.0
48.0
48.0
47.0
49.0
50.0
0.0


48.0
49.0
48.0
48.0
49.0
48.0
48.0
49.0
50.0
50.0
50.0
48.0
53.0
47.0
57.0
144.0
140.0
135.0
145.0
116.0
130.0
136.0
140.0
147.0
151.0
125.0
120.0
126.0
117.0
112.0
112.0
100.0
102.0
112.0
117.0
123.0
132.0
157.0
224.0
98.0
50.0
57.0
54.0
55.0
54.0
52.0
50.0
50.0
50.0
49.0
49.0
50.0
49.0
47.0
49.0
48.0
48.0
47.0
49.0
49.0
0.0


49.0
49.0
48.0
48.0
48.0
48.0
49.0
49.0
49.0
49.0
49.0
50.0
52.0
47.0
67.0
163.0
152.0
141.0
138.0
137.0
143.0
142.0
146.0
150.0
153.0
177.0
140.0
122.0
120.0
118.0
110.0
107.0
119.0
123.0
131.0
128.0
140.0
166.0
218.0
90.0
49.0
58.0
55.0
55.0
54.0
52.0
50.0
49.0
50.0
48.0
48.0
47.0
48.0
46.0
48.0
50.0
48.0
48.0
50.0
50.0
0.0


50.0
48.0
48.0
49.0
47.0
47.0
48.0
49.0
49.0
49.0
50.0
50.0
50.0
46.0
78.0
160.0
159.0
153.0
143.0
149.0
161.0
157.0
158.0
147.0
162.0
205.0
187.0
140.0
126.0
124.0
115.0
125.0
130.0
131.0
136.0
127.0
159.0
174.0
218.0
86.0
49.0
57.0
55.0
55.0
53.0
52.0
50.0
49.0
50.0
48.0
46.0
46.0
47.0
47.0
47.0
49.0
47.0
48.0
48.0
49.0
0.0


49.0
48.0
48.0
48.0
47.0
47.0
47.0
49.0
49.0
50.0
50.0
50.0
52.0
45.0
86.0
157.0
168.0
171.0
153.0
162.0
161.0
164.0
164.0
163.0
192.0
189.0
181.0
191.0
151.0
115.0
127.0
135.0
132.0
139.0
123.0
128.0
157.0
168.0
203.0
78.0
52.0
59.0
56.0
55.0
53.0
52.0
50.0
49.0
49.0
50.0
47.0
46.0
47.0
48.0
46.0
47.0
47.0
47.0
48.0
48.0
0.0


50.0
48.0
47.0
48.0
47.0
47.0
47.0
47.0
48.0
49.0
50.0
50.0
50.0
44.0
92.0
157.0
167.0
200.0
166.0
152.0
138.0
162.0
164.0
177.0
185.0
175.0
180.0
189.0
194.0
132.0
123.0
133.0
136.0
143.0
120.0
151.0
137.0
175.0
182.0
68.0
54.0
59.0
57.0
56.0
51.0
50.0
50.0
50.0
49.0
49.0
47.0
47.0
48.0
48.0
47.0
47.0
48.0
47.0
48.0
49.0
0.0


49.0
48.0
47.0
47.0
48.0
47.0
47.0
48.0
47.0
49.0
49.0
50.0
50.0
47.0
102.0
171.0
188.0
214.0
184.0
141.0
122.0
154.0
179.0
177.0
180.0
176.0
182.0
185.0
203.0
186.0
134.0
140.0
147.0
128.0
149.0
141.0
146.0
197.0
151.0
57.0
56.0
59.0
54.0
61.0
63.0
52.0
51.0
51.0
51.0
49.0
49.0
50.0
50.0
48.0
48.0
48.0
49.0
48.0
49.0
50.0
0.0


47.0
49.0
47.0
47.0
48.0
48.0
47.0
47.0
48.0
49.0
48.0
50.0
50.0
48.0
114.0
170.0
154.0
164.0
192.0
154.0
116.0
128.0
169.0
188.0
188.0
187.0
187.0
192.0
201.0
219.0
180.0
143.0
132.0
130.0
116.0
126.0
156.0
160.0
142.0
57.0
57.0
58.0
54.0
56.0
59.0
54.0
51.0
51.0
51.0
50.0
50.0
51.0
50.0
49.0
49.0
49.0
48.0
49.0
50.0
51.0
0.0


48.0
47.0
46.0
47.0
47.0
48.0
48.0
48.0
49.0
48.0
47.0
49.0
51.0
49.0
115.0
147.0
143.0
158.0
174.0
184.0
152.0
149.0
172.0
181.0
195.0
195.0
202.0
207.0
216.0
205.0
223.0
131.0
98.0
108.0
116.0
158.0
140.0
162.0
150.0
59.0
57.0
58.0
55.0
54.0
52.0
54.0
52.0
51.0
50.0
50.0
50.0
50.0
50.0
50.0
51.0
50.0
51.0
50.0
49.0
51.0
0.0


49.0
47.0
48.0
48.0
48.0
48.0
49.0
48.0
49.0
49.0
49.0
51.0
51.0
48.0
111.0
156.0
144.0
149.0
162.0
185.0
195.0
187.0
178.0
173.0
178.0
202.0
202.0
207.0
213.0
209.0
215.0
189.0
108.0
121.0
161.0
146.0
139.0
174.0
151.0
60.0
60.0
59.0
56.0
54.0
54.0
52.0
52.0
51.0
51.0
50.0
49.0
50.0
51.0
49.0
50.0
50.0
49.0
50.0
50.0
50.0
0.0


48.0
48.0
49.0
49.0
48.0
49.0
49.0
48.0
49.0
49.0
49.0
50.0
50.0
47.0
96.0
146.0
127.0
141.0
167.0
181.0
179.0
180.0
182.0
163.0
154.0
178.0
204.0
200.0
205.0
212.0
205.0
215.0
179.0
148.0
146.0
136.0
140.0
176.0
163.0
66.0
58.0
60.0
54.0
54.0
54.0
51.0
50.0
52.0
51.0
51.0
52.0
52.0
51.0
51.0
49.0
51.0
51.0
50.0
51.0
51.0
0.0


48.0
49.0
48.0
48.0
49.0
49.0
49.0
49.0
48.0
49.0
50.0
50.0
51.0
46.0
78.0
134.0
125.0
148.0
170.0
173.0
169.0
173.0
164.0
154.0
161.0
160.0
181.0
207.0
202.0
207.0
205.0
201.0
206.0
186.0
146.0
135.0
145.0
177.0
180.0
73.0
58.0
60.0
55.0
55.0
54.0
53.0
52.0
51.0
51.0
51.0
51.0
50.0
51.0
51.0
51.0
50.0
50.0
50.0
50.0
52.0
0.0


48.0
49.0
49.0
49.0
49.0
49.0
50.0
49.0
48.0
50.0
49.0
50.0
52.0
47.0
68.0
134.0
141.0
144.0
143.0
146.0
153.0
163.0
157.0
158.0
166.0
161.0
146.0
184.0
205.0
202.0
204.0
204.0
200.0
198.0
185.0
171.0
165.0
179.0
194.0
80.0
57.0
61.0
56.0
55.0
54.0
53.0
53.0
51.0
51.0
51.0
50.0
52.0
51.0
50.0
49.0
49.0
52.0
52.0
52.0
52.0
0.0


49.0
48.0
49.0
50.0
49.0
49.0
49.0
49.0
48.0
49.0
49.0
51.0
52.0
48.0
60.0
126.0
129.0
119.0
127.0
136.0
154.0
160.0
158.0
163.0
166.0
157.0
133.0
151.0
197.0
197.0
201.0
201.0
203.0
200.0
193.0
189.0
178.0
179.0
210.0
89.0
55.0
61.0
57.0
55.0
54.0
52.0
52.0
52.0
51.0
51.0
51.0
52.0
52.0
51.0
50.0
51.0
52.0
51.0
52.0
51.0
0.0


48.0
49.0
48.0
49.0
50.0
49.0
49.0
49.0
49.0
50.0
49.0
49.0
52.0
49.0
56.0
117.0
124.0
120.0
125.0
132.0
146.0
155.0
157.0
160.0
161.0
151.0
132.0
143.0
171.0
193.0
198.0
199.0
198.0
198.0
196.0
197.0
189.0
188.0
215.0
87.0
56.0
60.0
56.0
55.0
53.0
52.0
51.0
52.0
51.0
51.0
51.0
52.0
52.0
51.0
52.0
52.0
52.0
50.0
52.0
51.0
0.0


49.0
48.0
49.0
49.0
50.0
50.0
50.0
49.0
48.0
49.0
50.0
50.0
52.0
50.0
55.0
112.0
127.0
120.0
122.0
126.0
137.0
150.0
153.0
155.0
163.0
146.0
130.0
134.0
156.0
177.0
193.0
192.0
193.0
193.0
197.0
206.0
193.0
193.0
208.0
83.0
56.0
60.0
55.0
55.0
55.0
53.0
52.0
52.0
52.0
51.0
51.0
52.0
51.0
51.0
50.0
51.0
51.0
51.0
52.0
52.0
0.0


49.0
49.0
49.0
49.0
50.0
50.0
50.0
48.0
49.0
49.0
51.0
51.0
52.0
51.0
53.0
108.0
129.0
120.0
122.0
119.0
128.0
143.0
145.0
157.0
168.0
145.0
129.0
117.0
143.0
168.0
189.0
192.0
189.0
191.0
200.0
213.0
198.0
200.0
187.0
74.0
57.0
61.0
56.0
54.0
55.0
53.0
51.0
52.0
51.0
50.0
51.0
50.0
51.0
51.0
50.0
50.0
50.0
51.0
52.0
52.0
0.0


49.0
50.0
49.0
50.0
51.0
51.0
50.0
50.0
50.0
50.0
50.0
51.0
52.0
52.0
50.0
102.0
131.0
118.0
116.0
114.0
124.0
135.0
138.0
151.0
159.0
137.0
122.0
112.0
124.0
165.0
181.0
199.0
192.0
196.0
209.0
216.0
202.0
218.0
167.0
67.0
60.0
60.0
56.0
54.0
53.0
52.0
52.0
51.0
52.0
52.0
51.0
51.0
51.0
51.0
51.0
51.0
51.0
51.0
51.0
51.0
0.0


49.0
49.0
49.0
50.0
51.0
52.0
51.0
51.0
51.0
51.0
51.0
51.0
52.0
54.0
47.0
93.0
134.0
117.0
115.0
111.0
119.0
133.0
137.0
149.0
136.0
127.0
119.0
119.0
113.0
143.0
171.0
183.0
197.0
208.0
216.0
213.0
202.0
230.0
157.0
65.0
61.0
60.0
56.0
55.0
53.0
52.0
53.0
51.0
51.0
51.0
52.0
52.0
51.0
50.0
51.0
52.0
51.0
53.0
50.0
51.0
0.0


50.0
50.0
50.0
50.0
51.0
51.0
52.0
51.0
51.0
52.0
52.0
51.0
52.0
54.0
50.0
80.0
139.0
120.0
114.0
108.0
118.0
129.0
132.0
141.0
121.0
129.0
119.0
119.0
129.0
126.0
162.0
191.0
196.0
213.0
218.0
213.0
202.0
243.0
144.0
60.0
63.0
60.0
55.0
55.0
54.0
52.0
52.0
51.0
51.0
51.0
52.0
51.0
52.0
50.0
49.0
51.0
50.0
51.0
50.0
50.0
0.0


51.0
51.0
51.0
50.0
51.0
51.0
51.0
51.0
52.0
53.0
51.0
51.0
52.0
55.0
50.0
67.0
136.0
126.0
116.0
112.0
120.0
123.0
124.0
130.0
120.0
136.0
120.0
119.0
130.0
142.0
146.0
175.0
200.0
210.0
215.0
215.0
204.0
246.0
135.0
61.0
65.0
59.0
56.0
54.0
54.0
53.0
52.0
51.0
51.0
50.0
51.0
50.0
50.0
49.0
49.0
51.0
50.0
49.0
48.0
48.0
0.0


51.0
49.0
50.0
51.0
52.0
51.0
50.0
51.0
52.0
53.0
52.0
52.0
53.0
55.0
54.0
56.0
124.0
137.0
123.0
117.0
120.0
117.0
122.0
122.0
125.0
141.0
120.0
127.0
128.0
142.0
159.0
171.0
185.0
202.0
214.0
214.0
205.0
246.0
125.0
60.0
64.0
58.0
57.0
55.0
52.0
52.0
51.0
51.0
52.0
50.0
50.0
50.0
49.0
49.0
49.0
48.0
48.0
48.0
48.0
48.0
0.0


50.0
51.0
49.0
50.0
51.0
52.0
51.0
52.0
52.0
53.0
54.0
53.0
55.0
55.0
58.0
52.0
101.0
146.0
126.0
126.0
122.0
115.0
115.0
110.0
125.0
139.0
125.0
130.0
138.0
143.0
154.0
181.0
202.0
210.0
215.0
213.0
205.0
245.0
118.0
59.0
64.0
59.0
56.0
55.0
54.0
52.0
51.0
51.0
51.0
50.0
50.0
48.0
48.0
47.0
47.0
47.0
47.0
46.0
47.0
49.0
0.0


50.0
51.0
51.0
50.0
51.0
52.0
53.0
53.0
53.0
52.0
53.0
53.0
55.0
54.0
58.0
54.0
73.0
146.0
130.0
132.0
127.0
114.0
107.0
100.0
126.0
139.0
131.0
137.0
147.0
157.0
168.0
183.0
199.0
212.0
216.0
214.0
210.0
245.0
102.0
57.0
65.0
59.0
57.0
56.0
54.0
51.0
51.0
50.0
50.0
49.0
49.0
48.0
47.0
46.0
45.0
46.0
47.0
46.0
46.0
48.0
0.0


50.0
50.0
50.0
50.0
51.0
53.0
51.0
52.0
53.0
52.0
53.0
54.0
54.0
54.0
57.0
61.0
57.0
123.0
143.0
130.0
127.0
116.0
106.0
98.0
126.0
146.0
140.0
150.0
157.0
167.0
176.0
193.0
203.0
207.0
212.0
212.0
223.0
206.0
78.0
60.0
64.0
58.0
58.0
56.0
55.0
53.0
51.0
50.0
50.0
48.0
48.0
47.0
48.0
47.0
46.0
47.0
47.0
47.0
47.0
49.0
0.0


51.0
51.0
50.0
51.0
52.0
52.0
51.0
53.0
54.0
53.0
53.0
53.0
55.0
57.0
60.0
63.0
57.0
83.0
154.0
133.0
132.0
130.0
119.0
109.0
126.0
152.0
149.0
157.0
167.0
170.0
183.0
195.0
205.0
213.0
214.0
210.0
244.0
159.0
65.0
66.0
64.0
60.0
56.0
55.0
55.0
52.0
51.0
50.0
50.0
50.0
50.0
48.0
49.0
47.0
47.0
47.0
47.0
48.0
48.0
49.0
0.0


50.0
50.0
50.0
51.0
51.0
52.0
52.0
53.0
54.0
53.0
54.0
54.0
57.0
58.0
60.0
62.0
64.0
63.0
124.0
149.0
136.0
141.0
134.0
127.0
129.0
149.0
160.0
163.0
175.0
184.0
188.0
199.0
209.0
215.0
215.0
208.0
247.0
134.0
64.0
68.0
64.0
61.0
58.0
58.0
56.0
53.0
51.0
50.0
51.0
51.0
51.0
49.0
49.0
49.0
48.0
48.0
48.0
48.0
49.0
50.0
0.0


50.0
51.0
51.0
51.0
51.0
52.0
51.0
53.0
54.0
54.0
55.0
56.0
57.0
57.0
60.0
64.0
65.0
62.0
84.0
154.0
138.0
145.0
139.0
141.0
137.0
146.0
160.0
173.0
184.0
193.0
201.0
207.0
216.0
216.0
215.0
212.0
242.0
146.0
71.0
69.0
67.0
61.0
59.0
59.0
58.0
54.0
54.0
53.0
53.0
52.0
52.0
52.0
53.0
51.0
50.0
52.0
51.0
51.0
51.0
53.0
0.0


52.0
52.0
51.0
50.0
51.0
51.0
51.0
52.0
54.0
54.0
54.0
55.0
58.0
59.0
62.0
64.0
65.0
66.0
64.0
122.0
151.0
143.0
147.0
151.0
151.0
151.0
160.0
175.0
192.0
197.0
202.0
206.0
214.0
218.0
218.0
216.0
222.0
180.0
80.0
67.0
68.0
62.0
61.0
61.0
59.0
58.0
57.0
54.0
55.0
54.0
52.0
53.0
53.0
52.0
54.0
53.0
53.0
52.0
51.0
54.0
0.0


51.0
51.0
52.0
51.0
51.0
52.0
52.0
52.0
54.0
54.0
54.0
55.0
58.0
60.0
62.0
65.0
65.0
69.0
65.0
85.0
166.0
158.0
158.0
158.0
159.0
162.0
174.0
180.0
187.0
197.0
202.0
209.0
215.0
222.0
223.0
220.0
211.0
220.0
103.0
64.0
69.0
63.0
62.0
60.0
59.0
58.0
57.0
56.0
56.0
56.0
55.0
53.0
53.0
53.0
53.0
53.0
53.0
52.0
52.0
54.0
0.0


51.0
51.0
51.0
51.0
50.0
52.0
52.0
50.0
54.0
55.0
55.0
55.0
58.0
60.0
61.0
65.0
65.0
68.0
70.0
66.0
121.0
192.0
172.0
177.0
176.0
178.0
180.0
182.0
184.0
192.0
195.0
205.0
215.0
221.0
221.0
220.0
207.0
232.0
139.0
68.0
66.0
62.0
61.0
61.0
60.0
58.0
57.0
56.0
55.0
55.0
54.0
55.0
54.0
53.0
53.0
54.0
54.0
52.0
53.0
54.0
0.0


51.0
51.0
50.0
50.0
51.0
52.0
52.0
52.0
55.0
55.0
55.0
57.0
58.0
60.0
62.0
65.0
66.0
67.0
70.0
70.0
71.0
147.0
204.0
191.0
193.0
188.0
185.0
187.0
186.0
192.0
193.0
202.0
210.0
215.0
218.0
216.0
208.0
218.0
186.0
81.0
62.0
66.0
61.0
60.0
62.0
58.0
56.0
57.0
56.0
55.0
55.0
54.0
53.0
54.0
54.0
54.0
54.0
52.0
54.0
54.0
0.0


0.0
0.0
0.0
0.0
0.0
0.0
0.0
0.0
0.0
0.0
0.0
0.0
0.0
0.0
0.0
0.0
0.0
0.0
0.0
0.0
0.0
0.0
0.0
0.0
0.0
0.0
0.0
0.0
0.0
0.0
0.0
0.0
0.0
0.0
0.0
0.0
0.0
0.0
0.0
0.0
0.0
0.0
0.0
0.0
0.0
0.0
0.0
0.0
0.0
0.0
0.0
0.0
0.0
0.0
0.0
0.0
0.0
0.0
0.0
0.0
0.0


