49.0
49.0
49.0
50.0
50.0
51.0
51.0
51.0
52.0
52.0
53.0
53.0
53.0
54.0
54.0
54.0
53.0
61.0
53.0
52.0
53.0
54.0
53.0
54.0
53.0
53.0
53.0
52.0
53.0
56.0
0.0


49.0
49.0
50.0
50.0
50.0
50.0
51.0
52.0
53.0
52.0
53.0
53.0
54.0
54.0
54.0
53.0
54.0
113.0
90.0
48.0
53.0
55.0
55.0
53.0
53.0
52.0
51.0
50.0
51.0
54.0
0.0


50.0
49.0
51.0
51.0
49.0
50.0
50.0
51.0
52.0
52.0
52.0
53.0
53.0
54.0
54.0
53.0
54.0
125.0
125.0
52.0
53.0
54.0
54.0
54.0
54.0
52.0
49.0
49.0
51.0
54.0
0.0


50.0
50.0
51.0
51.0
50.0
50.0
50.0
51.0
52.0
52.0
52.0
53.0
53.0
53.0
54.0
53.0
56.0
116.0
140.0
59.0
51.0
53.0
53.0
53.0
52.0
51.0
50.0
50.0
51.0
54.0
0.0


50.0
50.0
51.0
51.0
51.0
51.0
50.0
51.0
52.0
52.0
52.0
52.0
53.0
53.0
54.0
52.0
56.0
125.0
155.0
62.0
50.0
53.0
52.0
52.0
52.0
52.0
51.0
52.0
54.0
55.0
0.0


50.0
50.0
51.0
51.0
51.0
52.0
50.0
50.0
52.0
52.0
52.0
52.0
53.0
53.0
53.0
50.0
56.0
126.0
160.0
64.0
50.0
53.0
52.0
51.0
52.0
53.0
53.0
53.0
54.0
54.0
0.0


50.0
50.0
51.0
51.0
51.0
51.0
50.0
51.0
52.0
51.0
51.0
50.0
51.0
51.0
52.0
49.0
60.0
137.0
169.0
68.0
50.0
53.0
52.0
52.0
52.0
52.0
53.0
54.0
53.0
54.0
0.0


50.0
50.0
50.0
51.0
50.0
51.0
51.0
52.0
51.0
50.0
50.0
49.0
50.0
51.0
52.0
48.0
67.0
154.0
170.0
70.0
50.0
53.0
52.0
52.0
53.0
53.0
52.0
53.0
53.0
54.0
0.0


50.0
50.0
50.0
50.0
50.0
50.0
51.0
50.0
50.0
51.0
50.0
51.0
50.0
54.0
55.0
50.0
69.0
126.0
151.0
65.0
51.0
54.0
52.0
52.0
52.0
52.0
52.0
53.0
53.0
53.0
0.0


50.0
50.0
50.0
50.0
50.0
50.0
51.0
52.0
51.0
50.0
52.0
51.0
53.0
50.0
48.0
50.0
73.0
132.0
148.0
61.0
53.0
54.0
52.0
52.0
52.0
52.0
52.0
53.0
53.0
53.0
0.0


50.0
50.0
50.0
50.0
50.0
50.0
51.0
49.0
50.0
54.0
46.0
48.0
45.0
64.0
79.0
49.0
79.0
149.0
139.0
59.0
54.0
54.0
52.0
52.0
52.0
51.0
52.0
53.0
53.0
53.0
0.0


49.0
50.0
50.0
49.0
49.0
50.0
48.0
58.0
111.0
127.0
73.0
114.0
93.0
133.0
227.0
87.0
83.0
157.0
133.0
58.0
55.0
53.0
52.0
51.0
51.0
52.0
51.0
51.0
52.0
54.0
0.0


49.0
50.0
50.0
49.0
49.0
51.0
44.0
74.0
200.0
139.0
107.0
165.0
173.0
164.0
143.0
121.0
114.0
124.0
137.0
62.0
54.0
53.0
51.0
51.0
51.0
51.0
51.0
51.0
52.0
53.0
0.0


49.0
50.0
50.0
49.0
49.0
50.0
46.0
58.0
163.0
192.0
124.0
162.0
143.0
163.0
135.0
153.0
159.0
129.0
145.0
66.0
53.0
54.0
51.0
50.0
50.0
50.0
50.0
50.0
51.0
52.0
0.0


49.0
50.0
50.0
50.0
49.0
49.0
48.0
48.0
124.0
210.0
162.0
158.0
144.0
168.0
166.0
184.0
206.0
165.0
144.0
68.0
53.0
54.0
50.0
50.0
49.0
50.0
50.0
50.0
51.0
52.0
0.0


49.0
49.0
50.0
49.0
49.0
49.0
50.0
44.0
100.0
156.0
153.0
175.0
161.0
169.0
190.0
185.0
217.0
200.0
159.0
72.0
52.0
55.0
53.0
50.0
51.0
51.0
51.0
51.0
52.0
52.0
0.0


50.0
50.0
49.0
49.0
48.0
49.0
50.0
44.0
84.0
145.0
151.0
194.0
190.0
143.0
169.0
211.0
206.0
226.0
186.0
77.0
53.0
54.0
51.0
51.0
51.0
51.0
52.0
51.0
51.0
52.0
0.0


51.0
50.0
49.0
49.0
49.0
49.0
50.0
46.0
70.0
139.0
143.0
165.0
198.0
131.0
120.0
178.0
201.0
215.0
239.0
87.0
52.0
55.0
52.0
51.0
51.0
51.0
52.0
51.0
52.0
52.0
0.0


50.0
50.0
50.0
49.0
50.0
50.0
50.0
48.0
58.0
123.0
117.0
135.0
179.0
162.0
143.0
150.0
185.0
206.0
249.0
113.0
51.0
55.0
52.0
51.0
51.0
52.0
52.0
52.0
52.0
50.0
0.0


50.0
50.0
50.0
50.0
49.0
50.0
50.0
50.0
51.0
106.0
116.0
118.0
148.0
165.0
160.0
152.0
178.0
197.0
246.0
119.0
51.0
55.0
52.0
51.0
52.0
51.0
52.0
52.0
51.0
50.0
0.0


51.0
50.0
50.0
50.0
50.0
51.0
51.0
53.0
50.0
97.0
125.0
107.0
135.0
141.0
139.0
146.0
158.0
184.0
255.0
111.0
52.0
56.0
52.0
51.0
51.0
51.0
50.0
50.0
51.0
51.0
0.0


51.0
51.0
51.0
50.0
51.0
52.0
51.0
55.0
53.0
79.0
138.0
116.0
121.0
131.0
136.0
141.0
160.0
185.0
255.0
105.0
53.0
57.0
53.0
52.0
51.0
50.0
49.0
50.0
51.0
52.0
0.0


51.0
52.0
53.0
52.0
51.0
52.0
53.0
56.0
57.0
60.0
130.0
135.0
113.0
126.0
142.0
152.0
177.0
206.0
220.0
85.0
59.0
60.0
55.0
53.0
51.0
51.0
50.0
50.0
53.0
54.0
0.0


53.0
53.0
52.0
52.0
51.0
52.0
53.0
57.0
61.0
56.0
90.0
150.0
127.0
135.0
156.0
176.0
194.0
239.0
166.0
68.0
63.0
61.0
56.0
54.0
53.0
52.0
53.0
53.0
54.0
55.0
0.0


53.0
52.0
52.0
52.0
52.0
52.0
53.0
58.0
61.0
64.0
66.0
128.0
161.0
156.0
167.0
185.0
203.0
231.0
192.0
78.0
62.0
62.0
58.0
57.0
55.0
55.0
55.0
55.0
55.0
55.0
0.0


53.0
52.0
52.0
52.0
53.0
53.0
53.0
57.0
62.0
67.0
67.0
86.0
181.0
197.0
189.0
190.0
204.0
210.0
248.0
105.0
60.0
63.0
59.0
57.0
56.0
56.0
55.0
56.0
56.0
56.0
0.0


53.0
52.0
53.0
53.0
52.0
53.0
53.0
57.0
62.0
66.0
71.0
68.0
117.0
211.0
186.0
191.0
199.0
204.0
243.0
147.0
63.0
63.0
59.0
58.0
57.0
56.0
56.0
56.0
56.0
57.0
0.0


53.0
52.0
52.0
52.0
52.0
53.0
54.0
56.0
62.0
67.0
72.0
72.0
90.0
174.0
174.0
180.0
183.0
198.0
212.0
205.0
79.0
60.0
62.0
58.0
56.0
56.0
55.0
56.0
55.0
55.0
0.0


53.0
52.0
52.0
52.0
52.0
54.0
56.0
58.0
63.0
67.0
71.0
73.0
83.0
152.0
166.0
169.0
174.0
186.0
196.0
246.0
113.0
59.0
63.0
59.0
57.0
55.0
55.0
55.0
54.0
55.0
0.0


53.0
53.0
53.0
53.0
53.0
54.0
56.0
57.0
61.0
66.0
70.0
74.0
77.0
139.0
166.0
160.0
168.0
177.0
192.0
239.0
159.0
64.0
61.0
61.0
58.0
54.0
54.0
53.0
54.0
55.0
0.0


0.0
0.0
0.0
0.0
0.0
0.0
0.0
0.0
0.0
0.0
0.0
0.0
0.0
0.0
0.0
0.0
0.0
0.0
0.0
0.0
0.0
0.0
0.0
0.0
0.0
0.0
0.0
0.0
0.0
0.0
0.0


