51.0
51.0
51.0
50.0
49.0
50.0
51.0
51.0
52.0
51.0
52.0
52.0
52.0
53.0
54.0
54.0
54.0
53.0
55.0
54.0
54.0
54.0
49.0
66.0
138.0
167.0
72.0
48.0
55.0
53.0
53.0
54.0
53.0
53.0
51.0
49.0
49.0
51.0
51.0
52.0
0.0


52.0
52.0
51.0
51.0
50.0
50.0
51.0
51.0
51.0
52.0
53.0
53.0
52.0
53.0
54.0
53.0
54.0
54.0
55.0
54.0
55.0
54.0
50.0
71.0
139.0
164.0
81.0
47.0
54.0
52.0
53.0
53.0
52.0
52.0
51.0
50.0
48.0
50.0
51.0
53.0
0.0


52.0
51.0
51.0
50.0
50.0
51.0
51.0
51.0
51.0
51.0
52.0
53.0
53.0
53.0
53.0
54.0
54.0
55.0
55.0
54.0
54.0
55.0
48.0
80.0
134.0
166.0
93.0
47.0
53.0
52.0
52.0
52.0
52.0
52.0
51.0
50.0
50.0
51.0
52.0
54.0
0.0


52.0
51.0
51.0
51.0
50.0
50.0
51.0
50.0
52.0
52.0
52.0
53.0
53.0
52.0
53.0
54.0
54.0
54.0
54.0
53.0
53.0
54.0
48.0
89.0
141.0
175.0
93.0
46.0
53.0
52.0
51.0
52.0
52.0
53.0
51.0
51.0
51.0
51.0
53.0
54.0
0.0


51.0
51.0
51.0
52.0
51.0
50.0
51.0
51.0
52.0
51.0
52.0
52.0
52.0
53.0
53.0
54.0
54.0
53.0
54.0
54.0
53.0
54.0
49.0
105.0
145.0
187.0
86.0
47.0
53.0
50.0
51.0
51.0
52.0
53.0
52.0
52.0
52.0
52.0
54.0
54.0
0.0


51.0
51.0
51.0
52.0
51.0
50.0
51.0
51.0
51.0
51.0
52.0
52.0
52.0
53.0
52.0
53.0
53.0
52.0
54.0
53.0
53.0
53.0
53.0
114.0
143.0
190.0
79.0
49.0
53.0
50.0
51.0
50.0
51.0
53.0
53.0
53.0
53.0
53.0
55.0
54.0
0.0


50.0
51.0
51.0
52.0
52.0
51.0
50.0
52.0
52.0
51.0
52.0
51.0
52.0
52.0
52.0
53.0
53.0
51.0
52.0
51.0
53.0
50.0
58.0
127.0
148.0
188.0
72.0
49.0
53.0
51.0
50.0
51.0
52.0
53.0
53.0
54.0
54.0
53.0
54.0
54.0
0.0


50.0
51.0
51.0
51.0
51.0
52.0
51.0
52.0
50.0
50.0
50.0
50.0
51.0
51.0
51.0
52.0
52.0
52.0
52.0
51.0
51.0
47.0
77.0
144.0
164.0
181.0
67.0
51.0
53.0
51.0
51.0
52.0
52.0
53.0
52.0
53.0
53.0
52.0
53.0
54.0
0.0


50.0
51.0
51.0
51.0
51.0
52.0
52.0
52.0
49.0
49.0
50.0
50.0
49.0
50.0
50.0
52.0
52.0
52.0
51.0
52.0
52.0
47.0
95.0
173.0
171.0
167.0
60.0
53.0
53.0
51.0
51.0
51.0
51.0
52.0
52.0
52.0
52.0
52.0
52.0
53.0
0.0


50.0
50.0
50.0
51.0
51.0
51.0
51.0
50.0
50.0
50.0
50.0
50.0
50.0
51.0
51.0
51.0
52.0
52.0
52.0
53.0
52.0
50.0
93.0
136.0
155.0
143.0
54.0
54.0
53.0
52.0
51.0
52.0
52.0
52.0
51.0
51.0
52.0
52.0
52.0
52.0
0.0


50.0
50.0
50.0
51.0
51.0
52.0
51.0
51.0
52.0
51.0
50.0
51.0
51.0
51.0
51.0
52.0
52.0
52.0
52.0
52.0
52.0
55.0
99.0
120.0
162.0
116.0
50.0
56.0
54.0
51.0
52.0
52.0
51.0
52.0
51.0
52.0
52.0
52.0
53.0
52.0
0.0


50.0
50.0
50.0
51.0
50.0
51.0
52.0
52.0
52.0
51.0
51.0
51.0
51.0
51.0
52.0
53.0
53.0
52.0
53.0
53.0
53.0
57.0
109.0
128.0
185.0
97.0
50.0
57.0
53.0
52.0
52.0
51.0
51.0
51.0
52.0
52.0
53.0
53.0
53.0
53.0
0.0


50.0
51.0
50.0
50.0
50.0
51.0
53.0
52.0
52.0
51.0
51.0
51.0
51.0
52.0
48.0
48.0
52.0
52.0
48.0
46.0
48.0
63.0
120.0
140.0
186.0
82.0
52.0
55.0
53.0
52.0
51.0
51.0
50.0
51.0
52.0
52.0
52.0
52.0
53.0
52.0
0.0


50.0
49.0
48.0
50.0
51.0
50.0
51.0
51.0
52.0
52.0
51.0
50.0
51.0
47.0
68.0
69.0
46.0
48.0
76.0
101.0
63.0
68.0
142.0
152.0
173.0
69.0
55.0
56.0
53.0
52.0
51.0
52.0
51.0
51.0
51.0
51.0
52.0
52.0
52.0
52.0
0.0


50.0
50.0
48.0
50.0
51.0
51.0
50.0
52.0
52.0
51.0
50.0
53.0
47.0
78.0
168.0
196.0
79.0
71.0
186.0
206.0
156.0
93.0
143.0
158.0
163.0
63.0
56.0
55.0
53.0
52.0
51.0
51.0
51.0
51.0
51.0
51.0
52.0
52.0
52.0
52.0
0.0


50.0
49.0
48.0
50.0
50.0
49.0
50.0
51.0
51.0
50.0
51.0
49.0
41.0
122.0
167.0
161.0
153.0
153.0
164.0
169.0
126.0
118.0
138.0
134.0
147.0
62.0
56.0
54.0
53.0
52.0
51.0
51.0
51.0
51.0
51.0
50.0
51.0
51.0
53.0
53.0
0.0


50.0
49.0
48.0
50.0
50.0
49.0
50.0
51.0
50.0
51.0
48.0
69.0
88.0
141.0
152.0
146.0
158.0
188.0
152.0
162.0
132.0
155.0
161.0
130.0
151.0
65.0
56.0
55.0
53.0
51.0
51.0
51.0
50.0
50.0
50.0
51.0
50.0
50.0
52.0
52.0
0.0


50.0
50.0
49.0
50.0
49.0
49.0
50.0
50.0
50.0
48.0
62.0
159.0
172.0
179.0
156.0
139.0
147.0
167.0
155.0
148.0
159.0
183.0
184.0
173.0
153.0
64.0
57.0
55.0
55.0
51.0
50.0
50.0
49.0
49.0
49.0
49.0
50.0
51.0
52.0
52.0
0.0


50.0
50.0
49.0
49.0
48.0
49.0
49.0
50.0
51.0
44.0
102.0
176.0
144.0
150.0
175.0
146.0
146.0
164.0
165.0
145.0
164.0
178.0
202.0
225.0
157.0
61.0
58.0
55.0
54.0
51.0
49.0
49.0
48.0
47.0
48.0
49.0
49.0
50.0
52.0
51.0
0.0


49.0
50.0
49.0
49.0
49.0
49.0
49.0
50.0
50.0
49.0
134.0
177.0
142.0
137.0
154.0
170.0
149.0
159.0
176.0
155.0
171.0
178.0
205.0
222.0
176.0
65.0
58.0
55.0
54.0
50.0
49.0
49.0
49.0
49.0
49.0
49.0
49.0
50.0
51.0
52.0
0.0


49.0
49.0
49.0
49.0
49.0
49.0
49.0
49.0
47.0
61.0
162.0
179.0
167.0
145.0
141.0
168.0
167.0
166.0
195.0
168.0
183.0
182.0
203.0
223.0
206.0
72.0
56.0
57.0
58.0
52.0
51.0
50.0
49.0
50.0
50.0
50.0
51.0
51.0
52.0
52.0
0.0


49.0
50.0
49.0
49.0
49.0
49.0
49.0
50.0
45.0
76.0
177.0
185.0
205.0
174.0
161.0
189.0
203.0
203.0
233.0
178.0
182.0
191.0
194.0
211.0
254.0
90.0
54.0
57.0
53.0
52.0
51.0
51.0
50.0
50.0
50.0
51.0
51.0
51.0
53.0
52.0
0.0


50.0
50.0
49.0
49.0
49.0
49.0
48.0
50.0
45.0
74.0
167.0
172.0
196.0
206.0
199.0
226.0
221.0
217.0
209.0
179.0
191.0
212.0
183.0
208.0
249.0
138.0
53.0
56.0
53.0
51.0
51.0
52.0
51.0
50.0
51.0
52.0
52.0
52.0
52.0
52.0
0.0


49.0
49.0
49.0
49.0
48.0
50.0
50.0
50.0
46.0
60.0
143.0
153.0
187.0
214.0
210.0
197.0
190.0
202.0
178.0
185.0
190.0
203.0
183.0
197.0
211.0
244.0
93.0
51.0
55.0
51.0
52.0
52.0
51.0
51.0
51.0
52.0
52.0
52.0
52.0
52.0
0.0


49.0
49.0
49.0
49.0
49.0
49.0
49.0
49.0
50.0
48.0
109.0
146.0
144.0
163.0
194.0
205.0
191.0
199.0
185.0
183.0
145.0
162.0
190.0
183.0
206.0
241.0
149.0
52.0
54.0
51.0
51.0
51.0
50.0
50.0
51.0
52.0
51.0
51.0
52.0
51.0
0.0


49.0
49.0
49.0
50.0
50.0
49.0
49.0
48.0
50.0
46.0
97.0
129.0
122.0
141.0
172.0
191.0
202.0
201.0
201.0
174.0
135.0
155.0
186.0
181.0
202.0
239.0
139.0
52.0
55.0
51.0
51.0
52.0
51.0
51.0
51.0
51.0
52.0
51.0
51.0
49.0
0.0


50.0
50.0
50.0
50.0
50.0
50.0
50.0
50.0
50.0
46.0
95.0
135.0
121.0
126.0
145.0
160.0
175.0
165.0
171.0
154.0
140.0
164.0
173.0
183.0
199.0
245.0
106.0
49.0
56.0
53.0
52.0
51.0
51.0
51.0
50.0
51.0
51.0
51.0
50.0
49.0
0.0


50.0
50.0
50.0
50.0
50.0
51.0
51.0
51.0
52.0
46.0
89.0
137.0
118.0
114.0
126.0
147.0
150.0
144.0
147.0
119.0
139.0
168.0
156.0
178.0
209.0
236.0
76.0
53.0
55.0
53.0
52.0
51.0
51.0
50.0
51.0
52.0
51.0
51.0
50.0
49.0
0.0


51.0
50.0
50.0
50.0
51.0
51.0
51.0
50.0
51.0
46.0
75.0
148.0
121.0
112.0
118.0
131.0
126.0
132.0
123.0
115.0
132.0
145.0
158.0
178.0
231.0
168.0
60.0
57.0
56.0
53.0
52.0
52.0
52.0
51.0
50.0
52.0
50.0
51.0
51.0
50.0
0.0


51.0
51.0
50.0
52.0
51.0
51.0
52.0
50.0
51.0
50.0
59.0
143.0
131.0
122.0
119.0
113.0
108.0
119.0
118.0
122.0
134.0
148.0
166.0
190.0
246.0
130.0
57.0
61.0
57.0
56.0
55.0
54.0
53.0
52.0
51.0
51.0
50.0
51.0
52.0
53.0
0.0


51.0
51.0
51.0
51.0
52.0
52.0
51.0
51.0
53.0
54.0
49.0
113.0
150.0
130.0
124.0
112.0
105.0
127.0
128.0
135.0
150.0
166.0
187.0
202.0
242.0
96.0
60.0
63.0
58.0
56.0
55.0
54.0
52.0
52.0
50.0
51.0
50.0
51.0
53.0
54.0
0.0


52.0
51.0
51.0
52.0
52.0
52.0
52.0
52.0
52.0
54.0
53.0
74.0
159.0
136.0
128.0
122.0
114.0
135.0
145.0
157.0
170.0
184.0
196.0
224.0
171.0
69.0
66.0
63.0
59.0
56.0
55.0
53.0
52.0
51.0
50.0
50.0
50.0
52.0
54.0
54.0
0.0


52.0
51.0
51.0
52.0
52.0
52.0
53.0
53.0
54.0
55.0
59.0
57.0
115.0
158.0
136.0
138.0
136.0
142.0
154.0
171.0
191.0
205.0
205.0
246.0
121.0
63.0
68.0
62.0
60.0
58.0
56.0
55.0
54.0
53.0
53.0
53.0
53.0
54.0
55.0
55.0
0.0


52.0
52.0
51.0
51.0
52.0
53.0
53.0
54.0
55.0
57.0
62.0
61.0
73.0
152.0
145.0
147.0
155.0
157.0
162.0
172.0
193.0
208.0
208.0
248.0
130.0
67.0
68.0
63.0
61.0
60.0
58.0
56.0
56.0
56.0
54.0
55.0
55.0
56.0
57.0
57.0
0.0


52.0
52.0
51.0
52.0
52.0
52.0
53.0
54.0
55.0
60.0
63.0
65.0
62.0
110.0
183.0
167.0
177.0
182.0
186.0
184.0
191.0
204.0
214.0
241.0
170.0
73.0
68.0
65.0
63.0
60.0
59.0
58.0
57.0
57.0
57.0
57.0
57.0
57.0
58.0
57.0
0.0


52.0
52.0
52.0
51.0
52.0
51.0
54.0
54.0
57.0
61.0
64.0
66.0
67.0
73.0
158.0
201.0
202.0
200.0
196.0
196.0
198.0
205.0
214.0
213.0
220.0
90.0
65.0
66.0
64.0
61.0
60.0
60.0
58.0
58.0
57.0
57.0
58.0
58.0
58.0
57.0
0.0


52.0
52.0
51.0
52.0
52.0
51.0
54.0
55.0
58.0
61.0
65.0
67.0
70.0
68.0
103.0
192.0
191.0
195.0
195.0
191.0
188.0
194.0
211.0
205.0
242.0
119.0
64.0
66.0
63.0
62.0
60.0
60.0
59.0
57.0
57.0
57.0
58.0
58.0
58.0
58.0
0.0


53.0
52.0
52.0
52.0
52.0
53.0
55.0
55.0
57.0
61.0
66.0
67.0
70.0
73.0
82.0
161.0
184.0
183.0
182.0
185.0
181.0
183.0
198.0
206.0
232.0
163.0
70.0
66.0
63.0
62.0
60.0
59.0
58.0
57.0
57.0
57.0
56.0
57.0
57.0
58.0
0.0


53.0
53.0
53.0
53.0
52.0
53.0
55.0
56.0
58.0
61.0
66.0
69.0
70.0
74.0
77.0
143.0
174.0
170.0
170.0
177.0
178.0
176.0
188.0
202.0
209.0
217.0
85.0
63.0
64.0
62.0
60.0
59.0
58.0
57.0
56.0
56.0
57.0
57.0
57.0
57.0
0.0


53.0
53.0
52.0
53.0
53.0
54.0
55.0
56.0
59.0
61.0
66.0
69.0
70.0
75.0
74.0
129.0
169.0
162.0
164.0
167.0
171.0
171.0
183.0
197.0
199.0
245.0
118.0
62.0
65.0
62.0
60.0
60.0
57.0
56.0
56.0
56.0
56.0
57.0
56.0
57.0
0.0


0.0
0.0
0.0
0.0
0.0
0.0
0.0
0.0
0.0
0.0
0.0
0.0
0.0
0.0
0.0
0.0
0.0
0.0
0.0
0.0
0.0
0.0
0.0
0.0
0.0
0.0
0.0
0.0
0.0
0.0
0.0
0.0
0.0
0.0
0.0
0.0
0.0
0.0
0.0
0.0
0.0


