48.0
48.0
49.0
49.0
50.0
51.0
51.0
51.0
51.0
51.0
51.0
51.0
52.0
52.0
53.0
52.0
52.0
51.0
52.0
52.0
63.0
108.0
109.0
53.0
52.0
51.0
54.0
56.0
52.0
54.0
52.0
52.0
52.0
50.0
50.0
49.0
50.0
51.0
53.0
55.0
0.0


48.0
48.0
49.0
48.0
49.0
50.0
51.0
51.0
51.0
51.0
51.0
51.0
53.0
52.0
52.0
52.0
50.0
52.0
53.0
48.0
81.0
135.0
159.0
68.0
48.0
53.0
55.0
56.0
53.0
51.0
52.0
53.0
52.0
50.0
50.0
49.0
49.0
50.0
53.0
55.0
0.0


49.0
49.0
49.0
49.0
49.0
49.0
51.0
51.0
51.0
52.0
51.0
51.0
53.0
51.0
75.0
111.0
67.0
48.0
52.0
48.0
88.0
154.0
174.0
68.0
48.0
53.0
52.0
53.0
51.0
68.0
58.0
50.0
53.0
50.0
48.0
49.0
49.0
50.0
52.0
55.0
0.0


50.0
48.0
49.0
49.0
49.0
50.0
50.0
50.0
51.0
51.0
51.0
51.0
53.0
52.0
107.0
156.0
106.0
46.0
52.0
49.0
103.0
149.0
186.0
73.0
46.0
52.0
52.0
49.0
69.0
131.0
116.0
54.0
53.0
50.0
48.0
48.0
49.0
50.0
53.0
56.0
0.0


50.0
49.0
49.0
50.0
49.0
50.0
51.0
51.0
51.0
51.0
51.0
51.0
53.0
50.0
113.0
170.0
112.0
47.0
53.0
52.0
116.0
147.0
187.0
76.0
46.0
51.0
52.0
48.0
97.0
150.0
150.0
59.0
51.0
51.0
49.0
49.0
51.0
52.0
53.0
56.0
0.0


49.0
50.0
50.0
49.0
49.0
50.0
50.0
51.0
51.0
51.0
52.0
52.0
51.0
52.0
120.0
165.0
127.0
49.0
51.0
56.0
140.0
159.0
184.0
68.0
46.0
52.0
50.0
54.0
119.0
158.0
143.0
53.0
52.0
51.0
50.0
50.0
51.0
53.0
54.0
55.0
0.0


49.0
50.0
51.0
50.0
49.0
49.0
50.0
50.0
50.0
51.0
51.0
51.0
50.0
55.0
127.0
154.0
145.0
54.0
48.0
66.0
152.0
156.0
182.0
64.0
48.0
52.0
48.0
71.0
134.0
158.0
134.0
49.0
53.0
52.0
51.0
51.0
52.0
53.0
54.0
56.0
0.0


50.0
49.0
50.0
49.0
49.0
49.0
50.0
53.0
50.0
49.0
50.0
50.0
50.0
54.0
130.0
157.0
163.0
58.0
44.0
78.0
165.0
159.0
173.0
61.0
48.0
53.0
48.0
102.0
147.0
172.0
114.0
45.0
52.0
51.0
52.0
51.0
51.0
52.0
54.0
55.0
0.0


50.0
49.0
50.0
50.0
49.0
50.0
49.0
89.0
111.0
54.0
49.0
50.0
50.0
51.0
130.0
169.0
172.0
62.0
43.0
92.0
177.0
170.0
161.0
54.0
50.0
51.0
57.0
131.0
148.0
203.0
83.0
44.0
52.0
50.0
52.0
52.0
51.0
52.0
54.0
55.0
0.0


49.0
49.0
50.0
49.0
50.0
52.0
50.0
107.0
178.0
81.0
44.0
50.0
48.0
50.0
128.0
168.0
176.0
63.0
45.0
115.0
181.0
184.0
143.0
50.0
53.0
47.0
81.0
141.0
154.0
175.0
60.0
49.0
52.0
51.0
51.0
52.0
52.0
53.0
54.0
54.0
0.0


50.0
49.0
49.0
49.0
49.0
51.0
43.0
96.0
192.0
118.0
45.0
49.0
49.0
50.0
128.0
165.0
185.0
67.0
49.0
146.0
185.0
199.0
137.0
50.0
52.0
51.0
116.0
143.0
175.0
140.0
48.0
52.0
52.0
51.0
52.0
51.0
52.0
54.0
54.0
54.0
0.0


50.0
49.0
49.0
49.0
49.0
50.0
42.0
86.0
178.0
163.0
60.0
46.0
48.0
53.0
134.0
160.0
200.0
73.0
55.0
162.0
164.0
201.0
122.0
48.0
50.0
80.0
151.0
149.0
204.0
108.0
47.0
55.0
52.0
51.0
52.0
51.0
52.0
52.0
53.0
54.0
0.0


50.0
49.0
49.0
49.0
49.0
51.0
44.0
72.0
166.0
197.0
90.0
42.0
48.0
58.0
147.0
167.0
231.0
87.0
60.0
159.0
143.0
192.0
101.0
45.0
53.0
116.0
165.0
162.0
219.0
82.0
48.0
54.0
53.0
52.0
52.0
52.0
52.0
53.0
54.0
54.0
0.0


50.0
49.0
49.0
49.0
50.0
50.0
49.0
52.0
142.0
184.0
131.0
46.0
48.0
58.0
150.0
161.0
214.0
100.0
67.0
171.0
149.0
199.0
87.0
44.0
74.0
132.0
141.0
177.0
173.0
56.0
52.0
53.0
53.0
53.0
52.0
52.0
53.0
53.0
54.0
54.0
0.0


49.0
49.0
50.0
50.0
50.0
50.0
52.0
45.0
106.0
168.0
172.0
72.0
43.0
56.0
133.0
145.0
193.0
106.0
72.0
184.0
158.0
191.0
73.0
48.0
101.0
137.0
144.0
208.0
103.0
47.0
55.0
53.0
53.0
52.0
53.0
53.0
53.0
53.0
54.0
54.0
0.0


49.0
49.0
50.0
50.0
50.0
49.0
51.0
46.0
75.0
166.0
174.0
130.0
46.0
51.0
129.0
154.0
197.0
107.0
76.0
196.0
175.0
170.0
60.0
58.0
128.0
144.0
163.0
183.0
62.0
51.0
55.0
54.0
52.0
52.0
53.0
52.0
53.0
53.0
54.0
55.0
0.0


49.0
49.0
49.0
49.0
49.0
48.0
49.0
48.0
57.0
153.0
177.0
171.0
63.0
45.0
121.0
131.0
151.0
114.0
99.0
190.0
182.0
150.0
52.0
84.0
158.0
149.0
193.0
124.0
48.0
56.0
55.0
54.0
53.0
53.0
52.0
53.0
53.0
53.0
53.0
54.0
0.0


49.0
48.0
48.0
49.0
48.0
49.0
49.0
50.0
45.0
109.0
157.0
162.0
95.0
42.0
112.0
130.0
135.0
146.0
135.0
153.0
145.0
117.0
80.0
130.0
158.0
163.0
206.0
76.0
50.0
57.0
55.0
53.0
53.0
52.0
52.0
52.0
53.0
53.0
53.0
54.0
0.0


48.0
48.0
48.0
48.0
48.0
49.0
49.0
50.0
44.0
79.0
146.0
143.0
136.0
49.0
116.0
159.0
153.0
157.0
160.0
135.0
124.0
106.0
110.0
118.0
129.0
173.0
157.0
54.0
57.0
57.0
55.0
54.0
52.0
52.0
53.0
52.0
53.0
54.0
53.0
54.0
0.0


48.0
48.0
48.0
47.0
47.0
49.0
49.0
51.0
48.0
62.0
142.0
137.0
153.0
87.0
103.0
153.0
160.0
170.0
205.0
153.0
119.0
111.0
121.0
133.0
136.0
184.0
126.0
51.0
59.0
57.0
56.0
54.0
53.0
52.0
52.0
52.0
53.0
53.0
53.0
54.0
0.0


48.0
49.0
48.0
47.0
47.0
49.0
50.0
50.0
51.0
50.0
120.0
144.0
131.0
99.0
108.0
151.0
163.0
177.0
182.0
205.0
135.0
123.0
140.0
134.0
138.0
229.0
107.0
50.0
59.0
57.0
56.0
54.0
53.0
52.0
52.0
52.0
53.0
53.0
53.0
54.0
0.0


49.0
48.0
47.0
47.0
46.0
48.0
50.0
50.0
51.0
48.0
104.0
144.0
112.0
104.0
130.0
156.0
162.0
179.0
188.0
197.0
193.0
139.0
139.0
128.0
147.0
203.0
89.0
58.0
59.0
57.0
55.0
54.0
53.0
52.0
52.0
52.0
52.0
53.0
54.0
54.0
0.0


48.0
48.0
48.0
47.0
47.0
48.0
49.0
49.0
51.0
47.0
91.0
131.0
117.0
121.0
141.0
158.0
165.0
174.0
184.0
188.0
208.0
179.0
119.0
125.0
154.0
178.0
72.0
61.0
59.0
57.0
55.0
54.0
54.0
53.0
52.0
53.0
52.0
52.0
54.0
54.0
0.0


47.0
48.0
49.0
47.0
48.0
48.0
49.0
50.0
52.0
47.0
84.0
136.0
118.0
125.0
140.0
158.0
176.0
168.0
177.0
184.0
192.0
206.0
138.0
133.0
163.0
161.0
69.0
59.0
58.0
56.0
55.0
54.0
54.0
52.0
52.0
52.0
52.0
52.0
53.0
54.0
0.0


48.0
48.0
49.0
48.0
48.0
48.0
49.0
50.0
52.0
48.0
70.0
134.0
123.0
138.0
148.0
162.0
167.0
173.0
170.0
175.0
182.0
189.0
196.0
174.0
162.0
169.0
70.0
60.0
57.0
57.0
55.0
53.0
53.0
54.0
53.0
53.0
53.0
53.0
53.0
54.0
0.0


48.0
49.0
49.0
48.0
49.0
49.0
49.0
51.0
52.0
50.0
63.0
134.0
136.0
133.0
135.0
149.0
165.0
180.0
157.0
160.0
174.0
179.0
185.0
185.0
164.0
181.0
77.0
59.0
57.0
57.0
56.0
54.0
53.0
53.0
53.0
53.0
53.0
53.0
52.0
53.0
0.0


48.0
49.0
49.0
47.0
49.0
50.0
48.0
51.0
52.0
51.0
61.0
128.0
125.0
119.0
131.0
152.0
167.0
164.0
142.0
137.0
158.0
174.0
179.0
184.0
182.0
191.0
80.0
58.0
57.0
56.0
55.0
54.0
54.0
53.0
53.0
53.0
52.0
52.0
51.0
50.0
0.0


48.0
49.0
49.0
48.0
48.0
49.0
50.0
52.0
53.0
52.0
58.0
122.0
127.0
122.0
129.0
144.0
157.0
148.0
120.0
101.0
149.0
167.0
172.0
174.0
189.0
199.0
77.0
57.0
57.0
56.0
55.0
53.0
54.0
53.0
52.0
53.0
52.0
50.0
49.0
48.0
0.0


49.0
49.0
49.0
49.0
49.0
50.0
51.0
53.0
54.0
53.0
56.0
122.0
128.0
118.0
121.0
135.0
148.0
129.0
113.0
94.0
133.0
173.0
171.0
173.0
209.0
178.0
68.0
59.0
57.0
56.0
54.0
54.0
53.0
53.0
52.0
53.0
52.0
50.0
49.0
49.0
0.0


49.0
49.0
51.0
50.0
50.0
50.0
52.0
53.0
54.0
55.0
54.0
118.0
133.0
114.0
118.0
137.0
127.0
116.0
117.0
114.0
131.0
161.0
190.0
200.0
225.0
160.0
64.0
60.0
57.0
56.0
54.0
54.0
53.0
52.0
53.0
52.0
52.0
52.0
50.0
51.0
0.0


49.0
49.0
51.0
50.0
50.0
50.0
52.0
54.0
55.0
57.0
53.0
105.0
145.0
117.0
122.0
131.0
116.0
125.0
122.0
125.0
139.0
155.0
189.0
207.0
241.0
143.0
59.0
60.0
56.0
55.0
54.0
53.0
52.0
52.0
51.0
51.0
49.0
51.0
52.0
52.0
0.0


49.0
49.0
50.0
50.0
50.0
51.0
52.0
55.0
56.0
57.0
53.0
85.0
155.0
130.0
127.0
120.0
114.0
130.0
127.0
132.0
145.0
167.0
192.0
202.0
245.0
125.0
58.0
61.0
56.0
55.0
53.0
52.0
51.0
50.0
50.0
50.0
48.0
50.0
51.0
52.0
0.0


49.0
50.0
51.0
50.0
51.0
52.0
53.0
55.0
56.0
57.0
58.0
65.0
143.0
145.0
131.0
113.0
111.0
134.0
136.0
147.0
160.0
178.0
204.0
202.0
245.0
105.0
59.0
61.0
55.0
53.0
51.0
52.0
50.0
49.0
50.0
49.0
49.0
50.0
51.0
52.0
0.0


50.0
50.0
51.0
51.0
51.0
52.0
52.0
54.0
56.0
58.0
61.0
57.0
110.0
156.0
136.0
123.0
121.0
146.0
148.0
163.0
178.0
195.0
210.0
211.0
206.0
78.0
61.0
61.0
55.0
52.0
52.0
52.0
51.0
49.0
49.0
49.0
49.0
50.0
51.0
51.0
0.0


50.0
50.0
52.0
52.0
52.0
52.0
53.0
54.0
56.0
60.0
62.0
59.0
81.0
150.0
142.0
143.0
145.0
153.0
160.0
176.0
191.0
206.0
210.0
244.0
151.0
62.0
65.0
60.0
56.0
53.0
52.0
52.0
52.0
50.0
51.0
51.0
49.0
50.0
51.0
51.0
0.0


50.0
50.0
51.0
52.0
52.0
53.0
53.0
54.0
57.0
60.0
61.0
63.0
66.0
132.0
155.0
157.0
162.0
156.0
167.0
193.0
202.0
211.0
210.0
248.0
142.0
63.0
65.0
60.0
56.0
54.0
53.0
52.0
51.0
51.0
52.0
51.0
50.0
50.0
50.0
52.0
0.0


50.0
51.0
50.0
52.0
52.0
53.0
53.0
54.0
57.0
61.0
63.0
66.0
63.0
101.0
190.0
175.0
174.0
173.0
176.0
190.0
203.0
215.0
219.0
239.0
178.0
73.0
62.0
60.0
56.0
55.0
53.0
53.0
52.0
52.0
52.0
52.0
51.0
51.0
51.0
51.0
0.0


50.0
50.0
51.0
51.0
52.0
53.0
53.0
54.0
55.0
61.0
64.0
66.0
69.0
70.0
146.0
212.0
193.0
187.0
189.0
192.0
200.0
216.0
221.0
216.0
228.0
91.0
60.0
60.0
56.0
55.0
54.0
53.0
53.0
52.0
52.0
52.0
51.0
51.0
51.0
52.0
0.0


51.0
50.0
51.0
52.0
52.0
54.0
54.0
54.0
57.0
61.0
64.0
65.0
70.0
68.0
93.0
193.0
192.0
194.0
194.0
193.0
200.0
211.0
216.0
211.0
245.0
123.0
58.0
59.0
56.0
55.0
54.0
54.0
53.0
51.0
51.0
51.0
51.0
52.0
51.0
51.0
0.0


51.0
51.0
50.0
52.0
53.0
53.0
54.0
54.0
56.0
61.0
64.0
67.0
69.0
71.0
74.0
151.0
190.0
179.0
181.0
184.0
186.0
203.0
211.0
209.0
231.0
168.0
68.0
60.0
57.0
56.0
55.0
55.0
53.0
53.0
52.0
52.0
52.0
52.0
52.0
52.0
0.0


0.0
0.0
0.0
0.0
0.0
0.0
0.0
0.0
0.0
0.0
0.0
0.0
0.0
0.0
0.0
0.0
0.0
0.0
0.0
0.0
0.0
0.0
0.0
0.0
0.0
0.0
0.0
0.0
0.0
0.0
0.0
0.0
0.0
0.0
0.0
0.0
0.0
0.0
0.0
0.0
0.0


