48.0
48.0
49.0
50.0
50.0
49.0
51.0
52.0
51.0
52.0
53.0
53.0
53.0
53.0
53.0
53.0
53.0
53.0
54.0
54.0
54.0
55.0
54.0
54.0
53.0
53.0
54.0
54.0
57.0
57.0
0.0


48.0
48.0
48.0
49.0
50.0
50.0
51.0
52.0
52.0
52.0
52.0
53.0
53.0
53.0
52.0
49.0
55.0
52.0
53.0
55.0
53.0
54.0
53.0
53.0
54.0
55.0
55.0
56.0
57.0
56.0
0.0


48.0
50.0
49.0
49.0
50.0
51.0
51.0
52.0
52.0
52.0
52.0
51.0
51.0
50.0
59.0
94.0
61.0
48.0
52.0
53.0
52.0
53.0
52.0
52.0
52.0
52.0
52.0
53.0
54.0
56.0
0.0


49.0
50.0
49.0
48.0
50.0
50.0
52.0
52.0
52.0
52.0
51.0
54.0
60.0
47.0
77.0
181.0
75.0
46.0
52.0
53.0
65.0
52.0
52.0
52.0
51.0
49.0
48.0
50.0
53.0
56.0
0.0


49.0
50.0
50.0
49.0
49.0
50.0
50.0
51.0
52.0
53.0
48.0
84.0
128.0
48.0
82.0
201.0
84.0
46.0
48.0
81.0
143.0
60.0
50.0
52.0
51.0
48.0
48.0
50.0
54.0
55.0
0.0


50.0
51.0
50.0
49.0
49.0
49.0
51.0
51.0
52.0
52.0
47.0
105.0
164.0
51.0
92.0
209.0
89.0
44.0
49.0
103.0
173.0
64.0
49.0
52.0
51.0
49.0
50.0
51.0
54.0
55.0
0.0


50.0
51.0
50.0
50.0
50.0
49.0
50.0
50.0
51.0
51.0
50.0
115.0
165.0
54.0
103.0
218.0
90.0
43.0
58.0
128.0
158.0
62.0
48.0
51.0
52.0
51.0
51.0
53.0
55.0
55.0
0.0


49.0
51.0
50.0
50.0
51.0
48.0
54.0
54.0
49.0
50.0
49.0
124.0
174.0
57.0
113.0
207.0
89.0
42.0
70.0
160.0
145.0
54.0
50.0
50.0
52.0
53.0
52.0
53.0
54.0
55.0
0.0


50.0
50.0
50.0
50.0
50.0
45.0
86.0
116.0
46.0
49.0
47.0
127.0
176.0
61.0
132.0
216.0
83.0
42.0
89.0
180.0
124.0
47.0
51.0
51.0
52.0
52.0
52.0
53.0
54.0
55.0
0.0


50.0
49.0
50.0
50.0
51.0
44.0
91.0
184.0
56.0
43.0
48.0
129.0
176.0
73.0
148.0
226.0
81.0
48.0
128.0
198.0
108.0
46.0
52.0
50.0
52.0
52.0
51.0
52.0
54.0
55.0
0.0


49.0
49.0
50.0
49.0
51.0
44.0
78.0
224.0
79.0
41.0
51.0
140.0
196.0
92.0
129.0
186.0
69.0
66.0
152.0
200.0
89.0
46.0
52.0
51.0
51.0
51.0
51.0
53.0
54.0
55.0
0.0


49.0
50.0
50.0
49.0
50.0
46.0
61.0
177.0
111.0
42.0
52.0
124.0
171.0
101.0
134.0
176.0
64.0
88.0
146.0
165.0
64.0
49.0
49.0
52.0
51.0
51.0
52.0
52.0
54.0
54.0
0.0


49.0
49.0
50.0
49.0
49.0
49.0
49.0
127.0
178.0
61.0
50.0
119.0
161.0
105.0
159.0
160.0
60.0
114.0
175.0
130.0
50.0
54.0
61.0
52.0
50.0
51.0
52.0
52.0
53.0
54.0
0.0


50.0
49.0
49.0
48.0
48.0
50.0
43.0
93.0
190.0
81.0
48.0
131.0
171.0
110.0
155.0
131.0
75.0
139.0
189.0
93.0
45.0
87.0
122.0
60.0
48.0
51.0
52.0
51.0
53.0
54.0
0.0


49.0
49.0
49.0
49.0
48.0
49.0
46.0
67.0
128.0
104.0
57.0
123.0
120.0
107.0
121.0
102.0
101.0
121.0
173.0
67.0
57.0
130.0
133.0
55.0
49.0
51.0
51.0
52.0
52.0
54.0
0.0


49.0
50.0
49.0
49.0
49.0
49.0
48.0
59.0
113.0
116.0
82.0
99.0
114.0
125.0
125.0
109.0
117.0
132.0
165.0
62.0
78.0
160.0
125.0
47.0
51.0
51.0
51.0
51.0
53.0
54.0
0.0


50.0
50.0
49.0
49.0
49.0
49.0
50.0
52.0
104.0
101.0
90.0
115.0
129.0
138.0
125.0
126.0
137.0
146.0
155.0
58.0
101.0
172.0
150.0
50.0
50.0
51.0
52.0
52.0
52.0
53.0
0.0


49.0
50.0
49.0
49.0
49.0
49.0
51.0
51.0
93.0
99.0
104.0
127.0
136.0
135.0
128.0
127.0
113.0
129.0
143.0
73.0
117.0
206.0
123.0
46.0
52.0
51.0
51.0
52.0
53.0
53.0
0.0


50.0
49.0
49.0
49.0
50.0
50.0
52.0
50.0
90.0
117.0
117.0
133.0
133.0
126.0
123.0
112.0
99.0
107.0
140.0
111.0
129.0
224.0
85.0
46.0
53.0
51.0
51.0
52.0
53.0
53.0
0.0


50.0
50.0
50.0
50.0
50.0
51.0
55.0
51.0
82.0
130.0
113.0
125.0
134.0
124.0
114.0
112.0
96.0
90.0
115.0
116.0
140.0
184.0
69.0
50.0
52.0
51.0
52.0
51.0
52.0
52.0
0.0


50.0
51.0
50.0
50.0
50.0
52.0
56.0
52.0
72.0
123.0
107.0
123.0
130.0
114.0
107.0
97.0
93.0
89.0
96.0
109.0
150.0
178.0
61.0
51.0
53.0
52.0
52.0
51.0
49.0
48.0
0.0


51.0
51.0
51.0
51.0
51.0
53.0
56.0
54.0
68.0
125.0
110.0
115.0
124.0
105.0
94.0
93.0
93.0
95.0
109.0
138.0
213.0
145.0
53.0
54.0
52.0
52.0
52.0
51.0
49.0
48.0
0.0


51.0
51.0
51.0
52.0
52.0
53.0
56.0
57.0
62.0
123.0
119.0
116.0
119.0
97.0
94.0
99.0
102.0
113.0
135.0
179.0
193.0
71.0
54.0
55.0
52.0
52.0
52.0
51.0
51.0
51.0
0.0


52.0
52.0
52.0
52.0
53.0
53.0
56.0
60.0
57.0
108.0
143.0
118.0
110.0
102.0
105.0
114.0
126.0
140.0
167.0
215.0
86.0
54.0
58.0
52.0
51.0
51.0
49.0
50.0
51.0
52.0
0.0


53.0
53.0
52.0
52.0
53.0
55.0
55.0
60.0
59.0
79.0
148.0
128.0
114.0
118.0
122.0
132.0
149.0
166.0
240.0
110.0
59.0
62.0
55.0
52.0
50.0
49.0
49.0
50.0
51.0
52.0
0.0


53.0
52.0
52.0
52.0
53.0
55.0
56.0
60.0
66.0
65.0
119.0
151.0
136.0
141.0
148.0
160.0
175.0
234.0
143.0
67.0
68.0
61.0
56.0
54.0
52.0
51.0
50.0
51.0
51.0
52.0
0.0


52.0
53.0
53.0
52.0
53.0
55.0
56.0
60.0
68.0
67.0
87.0
169.0
165.0
163.0
168.0
190.0
206.0
255.0
128.0
69.0
70.0
62.0
59.0
56.0
53.0
53.0
51.0
51.0
52.0
53.0
0.0


52.0
52.0
53.0
53.0
54.0
54.0
57.0
60.0
66.0
71.0
69.0
123.0
216.0
186.0
188.0
198.0
213.0
244.0
176.0
80.0
71.0
65.0
62.0
59.0
56.0
55.0
54.0
54.0
53.0
55.0
0.0


52.0
53.0
53.0
53.0
53.0
54.0
57.0
60.0
65.0
72.0
73.0
86.0
173.0
186.0
181.0
186.0
204.0
211.0
224.0
99.0
72.0
70.0
66.0
63.0
61.0
59.0
59.0
59.0
58.0
58.0
0.0


53.0
53.0
53.0
53.0
54.0
55.0
57.0
61.0
66.0
71.0
76.0
79.0
136.0
173.0
170.0
176.0
188.0
201.0
245.0
130.0
74.0
74.0
70.0
67.0
65.0
64.0
63.0
62.0
62.0
62.0
0.0


0.0
0.0
0.0
0.0
0.0
0.0
0.0
0.0
0.0
0.0
0.0
0.0
0.0
0.0
0.0
0.0
0.0
0.0
0.0
0.0
0.0
0.0
0.0
0.0
0.0
0.0
0.0
0.0
0.0
0.0
0.0


