50.0
50.0
50.0
49.0
50.0
49.0
50.0
51.0
52.0
51.0
51.0
52.0
52.0
52.0
53.0
53.0
53.0
53.0
53.0
54.0
47.0
86.0
162.0
117.0
48.0
52.0
52.0
51.0
53.0
55.0
51.0
52.0
52.0
51.0
52.0
51.0
50.0
50.0
49.0
51.0
0.0


50.0
52.0
50.0
49.0
49.0
49.0
49.0
50.0
52.0
52.0
52.0
52.0
52.0
53.0
53.0
53.0
54.0
54.0
54.0
55.0
48.0
87.0
141.0
135.0
56.0
51.0
52.0
51.0
52.0
56.0
52.0
51.0
52.0
51.0
51.0
50.0
49.0
49.0
49.0
50.0
0.0


50.0
51.0
51.0
49.0
49.0
49.0
49.0
50.0
51.0
52.0
51.0
52.0
52.0
52.0
53.0
53.0
54.0
53.0
53.0
55.0
49.0
91.0
128.0
158.0
66.0
48.0
52.0
51.0
51.0
52.0
52.0
52.0
52.0
52.0
51.0
50.0
48.0
49.0
48.0
50.0
0.0


50.0
51.0
51.0
49.0
49.0
50.0
50.0
50.0
50.0
51.0
52.0
52.0
53.0
53.0
53.0
53.0
54.0
54.0
55.0
55.0
49.0
97.0
143.0
170.0
72.0
46.0
52.0
51.0
51.0
52.0
52.0
52.0
52.0
51.0
51.0
50.0
49.0
49.0
49.0
50.0
0.0


51.0
51.0
50.0
50.0
50.0
50.0
50.0
50.0
51.0
51.0
52.0
52.0
52.0
53.0
53.0
53.0
53.0
54.0
54.0
55.0
50.0
106.0
139.0
170.0
70.0
48.0
52.0
51.0
51.0
52.0
52.0
51.0
51.0
50.0
51.0
50.0
49.0
49.0
50.0
52.0
0.0


51.0
51.0
50.0
51.0
50.0
50.0
50.0
50.0
50.0
52.0
52.0
52.0
52.0
53.0
54.0
53.0
53.0
54.0
53.0
54.0
52.0
111.0
137.0
171.0
69.0
50.0
53.0
51.0
51.0
51.0
51.0
50.0
50.0
50.0
51.0
51.0
50.0
50.0
51.0
53.0
0.0


51.0
50.0
50.0
50.0
51.0
51.0
50.0
51.0
50.0
51.0
51.0
51.0
52.0
52.0
53.0
53.0
53.0
53.0
53.0
52.0
58.0
118.0
140.0
175.0
68.0
50.0
53.0
52.0
51.0
50.0
50.0
50.0
49.0
50.0
51.0
51.0
51.0
51.0
52.0
53.0
0.0


51.0
51.0
50.0
50.0
50.0
51.0
50.0
50.0
51.0
52.0
51.0
51.0
52.0
52.0
53.0
52.0
53.0
53.0
53.0
49.0
74.0
134.0
156.0
176.0
67.0
51.0
53.0
51.0
50.0
50.0
50.0
49.0
50.0
51.0
50.0
52.0
52.0
52.0
52.0
53.0
0.0


50.0
50.0
51.0
51.0
50.0
51.0
51.0
50.0
51.0
52.0
51.0
52.0
51.0
51.0
52.0
52.0
52.0
52.0
53.0
47.0
81.0
145.0
158.0
165.0
64.0
53.0
52.0
51.0
50.0
50.0
50.0
50.0
50.0
51.0
51.0
52.0
52.0
52.0
52.0
53.0
0.0


50.0
51.0
51.0
51.0
51.0
51.0
51.0
51.0
52.0
50.0
50.0
51.0
50.0
50.0
50.0
51.0
51.0
51.0
53.0
48.0
84.0
116.0
134.0
147.0
61.0
53.0
52.0
50.0
50.0
50.0
50.0
51.0
51.0
51.0
51.0
52.0
51.0
51.0
51.0
52.0
0.0


50.0
50.0
50.0
50.0
51.0
50.0
51.0
52.0
52.0
50.0
50.0
50.0
50.0
49.0
50.0
50.0
51.0
51.0
53.0
52.0
96.0
113.0
137.0
140.0
57.0
54.0
53.0
50.0
51.0
51.0
50.0
50.0
50.0
50.0
51.0
51.0
51.0
51.0
51.0
52.0
0.0


49.0
50.0
50.0
51.0
51.0
51.0
51.0
51.0
51.0
50.0
50.0
50.0
51.0
50.0
52.0
51.0
52.0
53.0
52.0
47.0
93.0
119.0
149.0
132.0
56.0
56.0
53.0
50.0
50.0
50.0
50.0
51.0
50.0
50.0
51.0
50.0
50.0
51.0
50.0
51.0
0.0


50.0
49.0
50.0
51.0
51.0
51.0
51.0
51.0
51.0
51.0
50.0
50.0
51.0
52.0
51.0
52.0
54.0
52.0
60.0
104.0
130.0
124.0
163.0
123.0
52.0
56.0
53.0
51.0
50.0
51.0
50.0
50.0
51.0
50.0
50.0
50.0
50.0
51.0
51.0
51.0
0.0


50.0
49.0
50.0
50.0
51.0
51.0
52.0
52.0
52.0
52.0
51.0
52.0
51.0
51.0
53.0
53.0
48.0
54.0
133.0
198.0
194.0
162.0
172.0
125.0
71.0
62.0
53.0
52.0
51.0
51.0
50.0
50.0
50.0
50.0
50.0
50.0
51.0
50.0
50.0
51.0
0.0


50.0
50.0
51.0
50.0
50.0
50.0
51.0
51.0
52.0
52.0
51.0
52.0
52.0
52.0
50.0
51.0
68.0
110.0
177.0
158.0
172.0
175.0
159.0
127.0
121.0
80.0
50.0
53.0
50.0
51.0
50.0
50.0
50.0
50.0
49.0
49.0
49.0
50.0
51.0
52.0
0.0


51.0
50.0
49.0
50.0
50.0
51.0
50.0
51.0
52.0
52.0
51.0
51.0
52.0
52.0
51.0
112.0
187.0
189.0
176.0
154.0
162.0
172.0
144.0
122.0
160.0
97.0
48.0
52.0
50.0
50.0
50.0
51.0
50.0
50.0
50.0
49.0
49.0
50.0
50.0
51.0
0.0


50.0
50.0
50.0
49.0
50.0
50.0
51.0
52.0
52.0
52.0
51.0
51.0
52.0
43.0
102.0
187.0
169.0
177.0
194.0
158.0
148.0
166.0
156.0
142.0
205.0
125.0
49.0
52.0
50.0
49.0
49.0
49.0
50.0
50.0
50.0
49.0
49.0
49.0
50.0
51.0
0.0


51.0
51.0
50.0
50.0
50.0
50.0
50.0
50.0
51.0
51.0
51.0
50.0
53.0
104.0
169.0
178.0
167.0
167.0
174.0
179.0
146.0
161.0
175.0
157.0
183.0
211.0
71.0
48.0
51.0
50.0
49.0
49.0
49.0
49.0
48.0
48.0
48.0
48.0
49.0
51.0
0.0


51.0
50.0
51.0
50.0
50.0
50.0
49.0
49.0
51.0
51.0
51.0
50.0
119.0
188.0
171.0
188.0
171.0
156.0
166.0
184.0
167.0
163.0
184.0
162.0
181.0
251.0
116.0
47.0
52.0
50.0
49.0
49.0
49.0
49.0
49.0
48.0
49.0
49.0
50.0
51.0
0.0


50.0
50.0
51.0
50.0
49.0
49.0
49.0
50.0
51.0
52.0
47.0
98.0
189.0
166.0
162.0
156.0
178.0
164.0
166.0
181.0
185.0
165.0
186.0
175.0
184.0
249.0
141.0
48.0
52.0
50.0
49.0
48.0
48.0
48.0
47.0
47.0
48.0
49.0
50.0
51.0
0.0


50.0
50.0
50.0
50.0
50.0
49.0
49.0
50.0
52.0
49.0
62.0
154.0
168.0
185.0
161.0
149.0
160.0
181.0
176.0
179.0
191.0
178.0
199.0
190.0
184.0
246.0
152.0
52.0
53.0
51.0
49.0
49.0
48.0
48.0
47.0
47.0
48.0
48.0
50.0
51.0
0.0


50.0
50.0
50.0
50.0
50.0
49.0
49.0
50.0
51.0
48.0
109.0
170.0
179.0
200.0
193.0
173.0
161.0
177.0
203.0
185.0
205.0
198.0
212.0
208.0
180.0
228.0
190.0
62.0
54.0
58.0
53.0
52.0
52.0
51.0
52.0
52.0
52.0
51.0
52.0
53.0
0.0


50.0
50.0
49.0
50.0
50.0
49.0
50.0
51.0
48.0
57.0
145.0
169.0
193.0
210.0
220.0
199.0
188.0
212.0
235.0
215.0
244.0
210.0
165.0
184.0
183.0
196.0
246.0
99.0
50.0
60.0
55.0
53.0
53.0
53.0
54.0
53.0
54.0
54.0
54.0
54.0
0.0


50.0
50.0
50.0
50.0
51.0
49.0
50.0
50.0
50.0
52.0
138.0
171.0
173.0
191.0
217.0
230.0
208.0
216.0
217.0
221.0
216.0
187.0
146.0
172.0
187.0
189.0
240.0
157.0
56.0
54.0
54.0
54.0
54.0
53.0
54.0
54.0
54.0
54.0
55.0
55.0
0.0


50.0
50.0
50.0
50.0
51.0
50.0
50.0
50.0
51.0
46.0
110.0
155.0
151.0
182.0
189.0
205.0
217.0
199.0
206.0
208.0
192.0
204.0
160.0
178.0
178.0
186.0
236.0
160.0
57.0
55.0
55.0
55.0
55.0
54.0
54.0
54.0
55.0
56.0
55.0
55.0
0.0


51.0
51.0
51.0
51.0
51.0
51.0
51.0
51.0
52.0
47.0
75.0
151.0
136.0
132.0
152.0
185.0
204.0
216.0
220.0
217.0
194.0
179.0
180.0
174.0
167.0
186.0
245.0
121.0
53.0
58.0
56.0
56.0
56.0
56.0
56.0
55.0
56.0
56.0
56.0
54.0
0.0


51.0
51.0
51.0
51.0
51.0
51.0
51.0
51.0
51.0
50.0
61.0
137.0
131.0
127.0
128.0
151.0
171.0
187.0
188.0
190.0
160.0
134.0
141.0
150.0
158.0
192.0
225.0
79.0
56.0
59.0
57.0
56.0
56.0
56.0
56.0
57.0
57.0
57.0
56.0
55.0
0.0


52.0
51.0
51.0
51.0
51.0
51.0
51.0
51.0
51.0
51.0
55.0
131.0
136.0
128.0
118.0
125.0
154.0
156.0
155.0
149.0
125.0
124.0
133.0
142.0
162.0
218.0
139.0
59.0
62.0
59.0
58.0
57.0
57.0
57.0
57.0
56.0
58.0
57.0
56.0
54.0
0.0


52.0
51.0
52.0
52.0
51.0
52.0
52.0
52.0
53.0
53.0
50.0
121.0
148.0
129.0
121.0
119.0
136.0
136.0
139.0
132.0
116.0
129.0
141.0
155.0
176.0
217.0
89.0
61.0
63.0
59.0
58.0
58.0
58.0
57.0
58.0
58.0
58.0
57.0
56.0
54.0
0.0


53.0
52.0
51.0
52.0
53.0
53.0
54.0
53.0
54.0
54.0
48.0
94.0
170.0
136.0
129.0
129.0
126.0
121.0
129.0
129.0
128.0
140.0
157.0
173.0
216.0
155.0
67.0
67.0
63.0
61.0
60.0
58.0
58.0
57.0
58.0
57.0
58.0
57.0
56.0
54.0
0.0


52.0
53.0
53.0
53.0
53.0
53.0
53.0
54.0
54.0
55.0
52.0
68.0
168.0
151.0
138.0
138.0
128.0
118.0
128.0
143.0
143.0
157.0
177.0
190.0
241.0
110.0
66.0
67.0
63.0
61.0
59.0
58.0
58.0
58.0
58.0
57.0
57.0
55.0
53.0
52.0
0.0


53.0
53.0
53.0
53.0
53.0
53.0
54.0
55.0
56.0
57.0
58.0
56.0
122.0
181.0
147.0
141.0
135.0
132.0
136.0
159.0
164.0
184.0
198.0
219.0
189.0
80.0
69.0
67.0
63.0
61.0
59.0
58.0
57.0
57.0
56.0
56.0
55.0
53.0
52.0
52.0
0.0


55.0
54.0
54.0
54.0
53.0
54.0
55.0
55.0
56.0
58.0
61.0
62.0
76.0
168.0
163.0
148.0
145.0
151.0
156.0
165.0
177.0
200.0
209.0
238.0
161.0
72.0
71.0
67.0
63.0
61.0
59.0
58.0
57.0
55.0
54.0
54.0
52.0
51.0
51.0
53.0
0.0


54.0
53.0
54.0
54.0
54.0
54.0
56.0
56.0
56.0
60.0
63.0
67.0
63.0
113.0
187.0
152.0
156.0
166.0
172.0
179.0
188.0
197.0
204.0
241.0
166.0
74.0
71.0
68.0
64.0
61.0
58.0
57.0
57.0
57.0
55.0
54.0
54.0
52.0
52.0
52.0
0.0


54.0
53.0
54.0
54.0
54.0
55.0
55.0
57.0
58.0
63.0
65.0
68.0
68.0
82.0
171.0
176.0
177.0
190.0
198.0
198.0
198.0
202.0
201.0
220.0
187.0
83.0
72.0
67.0
64.0
63.0
60.0
59.0
58.0
58.0
58.0
57.0
56.0
55.0
54.0
53.0
0.0


54.0
54.0
54.0
54.0
55.0
55.0
56.0
58.0
59.0
63.0
66.0
70.0
73.0
70.0
119.0
201.0
193.0
213.0
209.0
206.0
197.0
192.0
192.0
203.0
228.0
100.0
70.0
69.0
65.0
64.0
63.0
61.0
60.0
59.0
59.0
58.0
57.0
56.0
55.0
54.0
0.0


54.0
54.0
54.0
54.0
55.0
55.0
55.0
58.0
59.0
63.0
66.0
71.0
73.0
73.0
86.0
174.0
178.0
193.0
199.0
196.0
195.0
185.0
184.0
193.0
242.0
128.0
70.0
71.0
66.0
65.0
63.0
62.0
60.0
60.0
60.0
58.0
58.0
57.0
55.0
56.0
0.0


54.0
54.0
54.0
54.0
55.0
55.0
55.0
58.0
60.0
62.0
65.0
71.0
74.0
76.0
79.0
151.0
176.0
181.0
185.0
179.0
184.0
180.0
176.0
183.0
222.0
162.0
75.0
71.0
68.0
66.0
64.0
63.0
62.0
61.0
60.0
59.0
58.0
58.0
57.0
57.0
0.0


55.0
54.0
54.0
55.0
55.0
55.0
55.0
58.0
60.0
62.0
66.0
70.0
74.0
77.0
77.0
133.0
174.0
167.0
170.0
167.0
171.0
172.0
171.0
180.0
197.0
202.0
93.0
74.0
73.0
70.0
68.0
66.0
65.0
64.0
62.0
59.0
60.0
59.0
59.0
60.0
0.0


55.0
55.0
55.0
55.0
55.0
56.0
57.0
57.0
59.0
62.0
65.0
71.0
75.0
77.0
78.0
118.0
174.0
160.0
167.0
166.0
167.0
168.0
167.0
175.0
190.0
236.0
126.0
76.0
77.0
73.0
71.0
69.0
68.0
65.0
62.0
61.0
60.0
59.0
60.0
60.0
0.0


0.0
0.0
0.0
0.0
0.0
0.0
0.0
0.0
0.0
0.0
0.0
0.0
0.0
0.0
0.0
0.0
0.0
0.0
0.0
0.0
0.0
0.0
0.0
0.0
0.0
0.0
0.0
0.0
0.0
0.0
0.0
0.0
0.0
0.0
0.0
0.0
0.0
0.0
0.0
0.0
0.0


