47.0
47.0
48.0
49.0
48.0
49.0
49.0
50.0
50.0
51.0
52.0
51.0
50.0
50.0
51.0
52.0
51.0
51.0
52.0
52.0
52.0
53.0
51.0
50.0
51.0
51.0
51.0
50.0
61.0
129.0
119.0
144.0
145.0
61.0
52.0
48.0
49.0
50.0
51.0
51.0
51.0
53.0
52.0
52.0
52.0
52.0
51.0
51.0
52.0
52.0
52.0
52.0
52.0
52.0
52.0
52.0
52.0
52.0
53.0
52.0
0.0


48.0
47.0
47.0
49.0
49.0
49.0
49.0
48.0
49.0
51.0
52.0
50.0
51.0
51.0
51.0
51.0
51.0
51.0
50.0
47.0
48.0
48.0
52.0
50.0
51.0
51.0
51.0
49.0
61.0
134.0
131.0
157.0
150.0
60.0
51.0
49.0
49.0
50.0
52.0
50.0
52.0
49.0
53.0
56.0
51.0
53.0
52.0
50.0
51.0
51.0
52.0
51.0
52.0
52.0
51.0
49.0
50.0
50.0
50.0
49.0
0.0


48.0
47.0
47.0
48.0
49.0
49.0
49.0
50.0
51.0
51.0
52.0
52.0
52.0
52.0
51.0
50.0
51.0
51.0
52.0
82.0
99.0
71.0
49.0
51.0
50.0
50.0
51.0
47.0
66.0
134.0
133.0
160.0
156.0
54.0
49.0
51.0
49.0
51.0
51.0
51.0
49.0
58.0
99.0
119.0
84.0
49.0
52.0
50.0
51.0
51.0
51.0
51.0
52.0
51.0
49.0
50.0
51.0
50.0
50.0
49.0
0.0


49.0
48.0
48.0
49.0
49.0
50.0
50.0
49.0
51.0
50.0
51.0
52.0
51.0
51.0
51.0
51.0
51.0
47.0
78.0
113.0
124.0
147.0
58.0
47.0
51.0
49.0
53.0
47.0
77.0
136.0
130.0
152.0
169.0
57.0
47.0
51.0
50.0
51.0
52.0
52.0
48.0
87.0
120.0
135.0
151.0
64.0
48.0
54.0
52.0
52.0
52.0
52.0
52.0
51.0
50.0
49.0
48.0
48.0
49.0
49.0
0.0


50.0
49.0
48.0
48.0
48.0
49.0
50.0
50.0
50.0
50.0
51.0
51.0
51.0
51.0
51.0
50.0
52.0
45.0
85.0
129.0
118.0
169.0
76.0
46.0
51.0
49.0
51.0
45.0
87.0
132.0
131.0
148.0
180.0
68.0
45.0
52.0
49.0
50.0
51.0
52.0
49.0
100.0
134.0
139.0
173.0
74.0
47.0
54.0
51.0
52.0
52.0
51.0
52.0
52.0
50.0
49.0
49.0
49.0
49.0
49.0
0.0


51.0
50.0
49.0
49.0
49.0
49.0
49.0
50.0
50.0
50.0
50.0
50.0
50.0
50.0
49.0
50.0
53.0
45.0
77.0
138.0
126.0
176.0
79.0
45.0
51.0
49.0
51.0
45.0
94.0
126.0
134.0
151.0
177.0
71.0
46.0
52.0
48.0
49.0
50.0
49.0
52.0
115.0
141.0
147.0
169.0
70.0
48.0
53.0
51.0
52.0
52.0
52.0
52.0
51.0
49.0
49.0
49.0
49.0
50.0
50.0
0.0


50.0
50.0
49.0
48.0
49.0
50.0
50.0
49.0
50.0
51.0
50.0
51.0
51.0
50.0
50.0
50.0
51.0
45.0
79.0
140.0
126.0
175.0
90.0
44.0
51.0
49.0
51.0
47.0
107.0
139.0
142.0
152.0
177.0
68.0
47.0
51.0
48.0
49.0
52.0
45.0
65.0
128.0
127.0
149.0
166.0
66.0
49.0
54.0
51.0
52.0
53.0
51.0
52.0
51.0
51.0
50.0
48.0
50.0
49.0
50.0
0.0


49.0
50.0
48.0
49.0
48.0
50.0
50.0
49.0
49.0
51.0
50.0
50.0
50.0
51.0
51.0
52.0
53.0
45.0
82.0
140.0
123.0
164.0
112.0
45.0
50.0
49.0
49.0
49.0
123.0
147.0
150.0
162.0
178.0
62.0
47.0
51.0
49.0
49.0
52.0
45.0
85.0
128.0
126.0
153.0
160.0
63.0
48.0
53.0
51.0
52.0
50.0
51.0
51.0
51.0
51.0
48.0
49.0
49.0
49.0
51.0
0.0


50.0
50.0
50.0
49.0
50.0
50.0
50.0
49.0
49.0
49.0
51.0
51.0
50.0
51.0
50.0
50.0
53.0
45.0
88.0
133.0
122.0
155.0
138.0
50.0
52.0
50.0
48.0
57.0
129.0
135.0
144.0
156.0
169.0
61.0
47.0
51.0
50.0
52.0
51.0
52.0
104.0
122.0
131.0
156.0
156.0
59.0
48.0
54.0
50.0
50.0
51.0
50.0
51.0
52.0
51.0
49.0
50.0
50.0
49.0
51.0
0.0


49.0
49.0
50.0
50.0
49.0
49.0
50.0
49.0
50.0
51.0
50.0
51.0
50.0
50.0
50.0
50.0
53.0
45.0
92.0
128.0
120.0
146.0
158.0
56.0
47.0
50.0
47.0
65.0
133.0
132.0
145.0
156.0
167.0
58.0
48.0
51.0
49.0
54.0
49.0
62.0
127.0
130.0
141.0
163.0
143.0
56.0
49.0
53.0
50.0
50.0
50.0
51.0
51.0
51.0
52.0
51.0
49.0
51.0
51.0
51.0
0.0


50.0
51.0
49.0
50.0
49.0
51.0
50.0
48.0
50.0
50.0
49.0
49.0
49.0
50.0
50.0
50.0
52.0
44.0
88.0
139.0
127.0
151.0
177.0
65.0
46.0
52.0
44.0
70.0
138.0
135.0
145.0
162.0
159.0
55.0
49.0
51.0
49.0
53.0
47.0
79.0
145.0
137.0
152.0
189.0
121.0
46.0
52.0
52.0
50.0
50.0
50.0
51.0
52.0
52.0
52.0
51.0
50.0
50.0
51.0
52.0
0.0


50.0
49.0
50.0
50.0
51.0
51.0
48.0
50.0
50.0
49.0
51.0
50.0
49.0
49.0
49.0
49.0
51.0
45.0
79.0
149.0
133.0
149.0
188.0
72.0
44.0
54.0
44.0
81.0
142.0
139.0
150.0
170.0
148.0
52.0
51.0
51.0
50.0
53.0
50.0
101.0
132.0
132.0
156.0
204.0
96.0
45.0
57.0
50.0
49.0
51.0
51.0
50.0
52.0
52.0
51.0
51.0
52.0
51.0
51.0
52.0
0.0


50.0
49.0
50.0
50.0
51.0
50.0
50.0
48.0
48.0
50.0
45.0
52.0
52.0
49.0
49.0
49.0
51.0
46.0
70.0
147.0
134.0
145.0
190.0
80.0
44.0
54.0
45.0
94.0
145.0
141.0
150.0
175.0
140.0
48.0
52.0
51.0
51.0
53.0
60.0
121.0
125.0
143.0
162.0
191.0
76.0
46.0
55.0
50.0
50.0
50.0
51.0
51.0
51.0
51.0
52.0
52.0
52.0
52.0
51.0
52.0
0.0


49.0
50.0
50.0
50.0
49.0
51.0
49.0
50.0
93.0
112.0
73.0
47.0
54.0
50.0
50.0
50.0
52.0
47.0
68.0
143.0
139.0
149.0
193.0
87.0
42.0
54.0
46.0
108.0
141.0
148.0
152.0
185.0
128.0
46.0
54.0
50.0
52.0
47.0
79.0
126.0
124.0
148.0
171.0
167.0
60.0
49.0
54.0
50.0
51.0
51.0
51.0
51.0
52.0
51.0
51.0
51.0
52.0
52.0
52.0
52.0
0.0


50.0
50.0
50.0
50.0
49.0
51.0
47.0
61.0
115.0
133.0
141.0
58.0
48.0
52.0
50.0
50.0
53.0
48.0
65.0
136.0
139.0
150.0
189.0
97.0
42.0
51.0
54.0
124.0
139.0
159.0
157.0
194.0
119.0
44.0
57.0
52.0
52.0
52.0
109.0
122.0
131.0
148.0
183.0
142.0
49.0
54.0
53.0
51.0
51.0
51.0
51.0
52.0
52.0
52.0
52.0
52.0
51.0
52.0
52.0
53.0
0.0


50.0
51.0
50.0
50.0
50.0
51.0
47.0
58.0
128.0
134.0
164.0
84.0
44.0
52.0
50.0
50.0
52.0
47.0
63.0
135.0
137.0
149.0
186.0
111.0
44.0
47.0
65.0
143.0
147.0
166.0
160.0
205.0
119.0
43.0
55.0
54.0
48.0
73.0
121.0
122.0
148.0
157.0
200.0
118.0
45.0
56.0
53.0
52.0
51.0
52.0
52.0
52.0
51.0
52.0
52.0
52.0
52.0
52.0
52.0
52.0
0.0


49.0
50.0
50.0
50.0
51.0
50.0
49.0
49.0
125.0
152.0
173.0
115.0
47.0
51.0
50.0
49.0
52.0
47.0
61.0
135.0
132.0
148.0
176.0
127.0
46.0
44.0
74.0
159.0
154.0
161.0
161.0
231.0
110.0
45.0
56.0
54.0
47.0
108.0
135.0
144.0
152.0
159.0
215.0
93.0
44.0
56.0
52.0
53.0
51.0
52.0
52.0
52.0
52.0
51.0
51.0
51.0
52.0
52.0
52.0
52.0
0.0


49.0
49.0
50.0
50.0
50.0
50.0
52.0
43.0
110.0
164.0
161.0
158.0
57.0
47.0
51.0
50.0
52.0
46.0
62.0
137.0
132.0
153.0
168.0
147.0
55.0
41.0
83.0
143.0
133.0
146.0
154.0
218.0
98.0
45.0
58.0
50.0
61.0
132.0
146.0
157.0
165.0
166.0
205.0
73.0
47.0
56.0
52.0
52.0
52.0
51.0
52.0
52.0
51.0
51.0
50.0
51.0
51.0
52.0
52.0
52.0
0.0


50.0
51.0
50.0
50.0
50.0
50.0
52.0
41.0
99.0
169.0
148.0
198.0
86.0
44.0
52.0
50.0
51.0
47.0
66.0
141.0
134.0
165.0
174.0
173.0
63.0
41.0
94.0
138.0
120.0
138.0
151.0
213.0
87.0
47.0
59.0
50.0
82.0
120.0
143.0
154.0
164.0
193.0
172.0
58.0
52.0
54.0
53.0
53.0
51.0
52.0
51.0
50.0
50.0
52.0
51.0
50.0
50.0
50.0
51.0
51.0
0.0


50.0
49.0
50.0
50.0
50.0
49.0
52.0
43.0
84.0
173.0
145.0
189.0
129.0
46.0
51.0
51.0
51.0
48.0
66.0
151.0
147.0
168.0
173.0
204.0
77.0
39.0
100.0
137.0
125.0
146.0
158.0
201.0
78.0
51.0
57.0
55.0
99.0
116.0
129.0
142.0
159.0
227.0
125.0
47.0
56.0
54.0
53.0
53.0
51.0
52.0
50.0
50.0
51.0
52.0
52.0
51.0
51.0
50.0
50.0
51.0
0.0


49.0
50.0
51.0
51.0
49.0
50.0
51.0
46.0
63.0
162.0
157.0
172.0
173.0
60.0
50.0
52.0
52.0
48.0
65.0
149.0
139.0
154.0
157.0
194.0
95.0
40.0
106.0
138.0
132.0
148.0
160.0
189.0
71.0
53.0
53.0
67.0
110.0
115.0
128.0
143.0
159.0
216.0
77.0
49.0
58.0
55.0
53.0
52.0
51.0
51.0
51.0
51.0
51.0
52.0
52.0
51.0
52.0
51.0
51.0
50.0
0.0


50.0
51.0
51.0
50.0
50.0
50.0
50.0
51.0
45.0
124.0
176.0
148.0
181.0
95.0
44.0
55.0
51.0
49.0
60.0
135.0
124.0
137.0
146.0
184.0
106.0
38.0
107.0
141.0
135.0
149.0
164.0
170.0
61.0
56.0
54.0
84.0
121.0
119.0
133.0
150.0
187.0
154.0
52.0
56.0
55.0
55.0
54.0
51.0
51.0
51.0
51.0
51.0
52.0
51.0
49.0
50.0
50.0
52.0
51.0
50.0
0.0


50.0
51.0
50.0
49.0
50.0
49.0
49.0
51.0
43.0
85.0
170.0
140.0
158.0
140.0
52.0
51.0
53.0
51.0
55.0
129.0
128.0
132.0
144.0
176.0
117.0
41.0
107.0
148.0
139.0
151.0
181.0
148.0
57.0
58.0
60.0
101.0
123.0
126.0
144.0
150.0
210.0
106.0
48.0
55.0
54.0
55.0
53.0
51.0
51.0
49.0
52.0
52.0
52.0
51.0
50.0
52.0
51.0
51.0
50.0
50.0
0.0


50.0
50.0
50.0
49.0
49.0
49.0
50.0
50.0
47.0
60.0
150.0
145.0
148.0
173.0
85.0
44.0
56.0
52.0
52.0
122.0
133.0
132.0
145.0
174.0
121.0
43.0
108.0
159.0
154.0
164.0
204.0
127.0
56.0
58.0
66.0
119.0
128.0
139.0
149.0
159.0
192.0
72.0
51.0
55.0
55.0
55.0
53.0
52.0
50.0
50.0
52.0
50.0
49.0
49.0
47.0
52.0
51.0
50.0
50.0
50.0
0.0


50.0
50.0
50.0
49.0
49.0
49.0
48.0
48.0
50.0
46.0
117.0
161.0
143.0
164.0
142.0
54.0
51.0
55.0
50.0
111.0
143.0
135.0
147.0
173.0
124.0
50.0
115.0
143.0
144.0
152.0
195.0
110.0
55.0
56.0
75.0
138.0
140.0
146.0
145.0
186.0
147.0
56.0
54.0
55.0
55.0
54.0
52.0
52.0
51.0
51.0
49.0
61.0
79.0
81.0
61.0
45.0
50.0
50.0
50.0
50.0
0.0


49.0
48.0
49.0
49.0
49.0
49.0
49.0
49.0
50.0
44.0
85.0
167.0
141.0
164.0
182.0
79.0
46.0
58.0
48.0
98.0
150.0
133.0
147.0
180.0
127.0
59.0
134.0
149.0
156.0
158.0
207.0
100.0
50.0
59.0
105.0
146.0
150.0
150.0
154.0
209.0
104.0
51.0
58.0
56.0
54.0
54.0
53.0
52.0
51.0
49.0
81.0
113.0
109.0
120.0
124.0
57.0
47.0
50.0
49.0
50.0
0.0


48.0
50.0
49.0
49.0
49.0
50.0
49.0
49.0
50.0
45.0
66.0
158.0
147.0
159.0
166.0
111.0
51.0
57.0
51.0
89.0
153.0
138.0
158.0
171.0
152.0
90.0
108.0
138.0
156.0
145.0
155.0
104.0
61.0
84.0
131.0
149.0
156.0
162.0
180.0
185.0
72.0
50.0
58.0
55.0
56.0
54.0
52.0
51.0
47.0
73.0
121.0
108.0
103.0
114.0
143.0
62.0
44.0
50.0
49.0
49.0
0.0


49.0
49.0
49.0
48.0
48.0
49.0
49.0
50.0
50.0
50.0
49.0
121.0
164.0
138.0
133.0
139.0
71.0
53.0
52.0
84.0
148.0
137.0
155.0
155.0
137.0
104.0
107.0
122.0
123.0
119.0
107.0
96.0
90.0
103.0
118.0
122.0
134.0
152.0
201.0
144.0
54.0
57.0
59.0
56.0
55.0
53.0
52.0
47.0
64.0
117.0
107.0
107.0
111.0
149.0
128.0
47.0
48.0
50.0
49.0
49.0
0.0


49.0
48.0
48.0
49.0
49.0
49.0
49.0
49.0
48.0
52.0
46.0
73.0
141.0
119.0
118.0
136.0
109.0
55.0
52.0
88.0
154.0
139.0
149.0
136.0
116.0
110.0
117.0
123.0
122.0
121.0
117.0
99.0
95.0
106.0
113.0
117.0
127.0
141.0
188.0
122.0
51.0
58.0
58.0
56.0
55.0
53.0
51.0
50.0
102.0
117.0
109.0
117.0
135.0
179.0
73.0
41.0
52.0
49.0
49.0
50.0
0.0


50.0
49.0
49.0
49.0
49.0
50.0
50.0
49.0
48.0
50.0
50.0
53.0
124.0
123.0
117.0
118.0
137.0
76.0
46.0
94.0
120.0
109.0
127.0
124.0
120.0
116.0
121.0
127.0
123.0
122.0
117.0
100.0
103.0
116.0
117.0
125.0
133.0
145.0
194.0
113.0
52.0
60.0
57.0
57.0
56.0
57.0
47.0
83.0
119.0
109.0
121.0
124.0
171.0
116.0
42.0
50.0
49.0
49.0
49.0
49.0
0.0


50.0
50.0
49.0
49.0
49.0
49.0
49.0
49.0
48.0
50.0
53.0
45.0
107.0
137.0
115.0
117.0
127.0
112.0
63.0
97.0
90.0
105.0
122.0
121.0
122.0
124.0
128.0
127.0
127.0
126.0
110.0
108.0
122.0
127.0
126.0
135.0
144.0
152.0
203.0
105.0
53.0
62.0
57.0
57.0
57.0
53.0
60.0
115.0
113.0
113.0
118.0
140.0
186.0
65.0
43.0
51.0
49.0
49.0
48.0
49.0
0.0


51.0
49.0
49.0
49.0
49.0
49.0
50.0
48.0
49.0
50.0
54.0
45.0
80.0
142.0
114.0
117.0
114.0
118.0
101.0
81.0
83.0
111.0
124.0
125.0
124.0
128.0
132.0
129.0
133.0
129.0
114.0
125.0
133.0
130.0
130.0
137.0
152.0
154.0
187.0
95.0
54.0
63.0
57.0
57.0
58.0
49.0
92.0
127.0
113.0
115.0
125.0
170.0
142.0
45.0
49.0
48.0
48.0
49.0
48.0
49.0
0.0


51.0
51.0
50.0
49.0
49.0
49.0
49.0
49.0
49.0
50.0
54.0
50.0
55.0
127.0
116.0
110.0
111.0
106.0
80.0
69.0
87.0
110.0
123.0
129.0
130.0
130.0
131.0
133.0
140.0
122.0
121.0
131.0
128.0
130.0
143.0
148.0
151.0
158.0
169.0
86.0
59.0
65.0
58.0
59.0
54.0
60.0
123.0
132.0
123.0
123.0
141.0
228.0
93.0
40.0
51.0
47.0
49.0
49.0
49.0
49.0
0.0


50.0
51.0
50.0
50.0
49.0
50.0
50.0
50.0
50.0
52.0
52.0
53.0
47.0
100.0
125.0
120.0
108.0
89.0
82.0
83.0
103.0
119.0
122.0
132.0
135.0
133.0
129.0
141.0
140.0
123.0
125.0
130.0
134.0
145.0
148.0
134.0
145.0
172.0
189.0
83.0
59.0
65.0
59.0
59.0
51.0
80.0
125.0
123.0
133.0
140.0
165.0
200.0
60.0
46.0
50.0
48.0
49.0
49.0
49.0
49.0
0.0


50.0
48.0
51.0
50.0
50.0
49.0
49.0
50.0
51.0
52.0
52.0
54.0
49.0
84.0
136.0
113.0
99.0
98.0
96.0
100.0
114.0
125.0
128.0
135.0
138.0
132.0
138.0
147.0
127.0
123.0
131.0
146.0
145.0
122.0
108.0
128.0
151.0
143.0
172.0
129.0
60.0
62.0
60.0
57.0
57.0
106.0
124.0
119.0
130.0
150.0
232.0
130.0
43.0
51.0
50.0
49.0
49.0
49.0
49.0
48.0
0.0


50.0
51.0
51.0
50.0
49.0
50.0
51.0
50.0
50.0
52.0
52.0
53.0
50.0
72.0
123.0
99.0
104.0
103.0
100.0
105.0
115.0
123.0
128.0
133.0
132.0
141.0
150.0
135.0
129.0
135.0
148.0
135.0
105.0
104.0
117.0
130.0
122.0
121.0
138.0
148.0
72.0
58.0
63.0
57.0
82.0
116.0
120.0
133.0
144.0
171.0
241.0
73.0
45.0
53.0
50.0
50.0
50.0
50.0
50.0
50.0
0.0


49.0
51.0
50.0
50.0
49.0
50.0
50.0
51.0
52.0
52.0
52.0
54.0
52.0
64.0
123.0
108.0
105.0
100.0
104.0
110.0
117.0
125.0
127.0
133.0
144.0
148.0
136.0
131.0
145.0
146.0
131.0
106.0
104.0
110.0
107.0
113.0
131.0
151.0
158.0
147.0
76.0
58.0
59.0
59.0
103.0
109.0
129.0
144.0
161.0
240.0
142.0
48.0
53.0
53.0
51.0
51.0
51.0
51.0
52.0
52.0
0.0


50.0
50.0
50.0
50.0
50.0
50.0
51.0
51.0
52.0
53.0
54.0
54.0
54.0
55.0
119.0
118.0
108.0
108.0
110.0
112.0
118.0
124.0
132.0
151.0
143.0
131.0
133.0
140.0
133.0
125.0
121.0
115.0
106.0
93.0
99.0
103.0
106.0
114.0
135.0
178.0
110.0
54.0
56.0
84.0
113.0
122.0
135.0
149.0
178.0
250.0
81.0
46.0
56.0
53.0
51.0
51.0
52.0
51.0
52.0
50.0
0.0


50.0
49.0
50.0
50.0
51.0
51.0
51.0
51.0
54.0
55.0
55.0
54.0
56.0
51.0
103.0
131.0
112.0
113.0
115.0
119.0
126.0
136.0
149.0
142.0
132.0
136.0
143.0
136.0
122.0
127.0
124.0
117.0
101.0
102.0
109.0
107.0
99.0
99.0
108.0
135.0
160.0
79.0
70.0
104.0
114.0
125.0
140.0
155.0
217.0
157.0
52.0
51.0
54.0
53.0
52.0
52.0
53.0
52.0
51.0
51.0
0.0


49.0
50.0
50.0
50.0
50.0
51.0
51.0
53.0
55.0
55.0
55.0
56.0
58.0
52.0
92.0
136.0
118.0
124.0
129.0
135.0
133.0
132.0
134.0
133.0
139.0
144.0
147.0
130.0
128.0
126.0
122.0
110.0
105.0
107.0
109.0
107.0
100.0
101.0
111.0
113.0
115.0
92.0
92.0
106.0
115.0
128.0
152.0
164.0
239.0
101.0
44.0
57.0
54.0
53.0
53.0
53.0
53.0
53.0
53.0
51.0
0.0


50.0
51.0
51.0
51.0
52.0
51.0
51.0
53.0
54.0
56.0
55.0
55.0
57.0
51.0
74.0
143.0
134.0
140.0
130.0
119.0
118.0
127.0
135.0
141.0
145.0
149.0
140.0
130.0
125.0
121.0
120.0
111.0
109.0
106.0
100.0
90.0
83.0
78.0
73.0
91.0
96.0
87.0
112.0
113.0
115.0
138.0
148.0
172.0
201.0
70.0
49.0
57.0
54.0
53.0
54.0
53.0
53.0
53.0
52.0
51.0
0.0


51.0
52.0
52.0
51.0
53.0
52.0
53.0
53.0
56.0
56.0
56.0
55.0
58.0
56.0
62.0
134.0
140.0
125.0
120.0
119.0
120.0
130.0
137.0
144.0
150.0
141.0
133.0
125.0
121.0
119.0
114.0
108.0
104.0
98.0
95.0
93.0
88.0
87.0
91.0
92.0
102.0
107.0
99.0
104.0
123.0
135.0
143.0
199.0
156.0
54.0
55.0
55.0
54.0
54.0
53.0
53.0
53.0
52.0
53.0
51.0
0.0


51.0
53.0
52.0
52.0
52.0
54.0
53.0
56.0
56.0
57.0
58.0
56.0
58.0
58.0
57.0
115.0
140.0
123.0
124.0
121.0
119.0
127.0
136.0
143.0
142.0
135.0
129.0
119.0
117.0
120.0
105.0
97.0
96.0
94.0
94.0
90.0
88.0
84.0
82.0
75.0
80.0
86.0
80.0
101.0
118.0
128.0
154.0
237.0
116.0
47.0
57.0
55.0
55.0
54.0
53.0
53.0
53.0
52.0
54.0
53.0
0.0


51.0
50.0
52.0
53.0
53.0
54.0
55.0
55.0
56.0
58.0
58.0
57.0
58.0
59.0
56.0
101.0
140.0
125.0
128.0
122.0
117.0
124.0
135.0
139.0
140.0
136.0
126.0
115.0
115.0
116.0
91.0
85.0
93.0
93.0
81.0
80.0
78.0
77.0
79.0
79.0
77.0
89.0
94.0
106.0
124.0
146.0
179.0
240.0
91.0
48.0
60.0
55.0
56.0
54.0
54.0
53.0
52.0
52.0
51.0
52.0
0.0


52.0
52.0
53.0
53.0
52.0
53.0
54.0
55.0
56.0
57.0
58.0
58.0
58.0
59.0
56.0
91.0
143.0
126.0
129.0
123.0
115.0
118.0
129.0
133.0
137.0
132.0
124.0
112.0
107.0
105.0
82.0
86.0
89.0
86.0
81.0
82.0
85.0
87.0
88.0
89.0
88.0
109.0
126.0
136.0
158.0
182.0
205.0
201.0
67.0
55.0
58.0
56.0
55.0
55.0
54.0
53.0
53.0
52.0
51.0
52.0
0.0


51.0
53.0
53.0
53.0
53.0
53.0
56.0
55.0
56.0
58.0
58.0
58.0
58.0
61.0
56.0
82.0
148.0
128.0
126.0
121.0
114.0
117.0
126.0
130.0
135.0
130.0
113.0
104.0
96.0
90.0
78.0
81.0
83.0
87.0
86.0
85.0
89.0
89.0
90.0
100.0
104.0
126.0
145.0
156.0
186.0
191.0
255.0
112.0
51.0
60.0
57.0
56.0
55.0
55.0
54.0
53.0
53.0
53.0
52.0
52.0
0.0


52.0
53.0
53.0
52.0
53.0
54.0
56.0
56.0
57.0
58.0
58.0
57.0
58.0
62.0
58.0
74.0
143.0
135.0
127.0
125.0
116.0
115.0
127.0
131.0
133.0
125.0
108.0
96.0
90.0
85.0
76.0
83.0
89.0
90.0
90.0
93.0
96.0
97.0
102.0
107.0
119.0
137.0
151.0
163.0
181.0
246.0
138.0
55.0
59.0
59.0
58.0
55.0
54.0
55.0
54.0
53.0
52.0
52.0
53.0
53.0
0.0


53.0
53.0
53.0
53.0
53.0
54.0
56.0
55.0
57.0
59.0
59.0
60.0
61.0
64.0
62.0
63.0
133.0
148.0
131.0
127.0
119.0
117.0
129.0
133.0
130.0
120.0
102.0
92.0
88.0
86.0
81.0
88.0
95.0
96.0
95.0
101.0
105.0
109.0
116.0
125.0
137.0
147.0
166.0
176.0
241.0
151.0
60.0
59.0
63.0
60.0
58.0
57.0
56.0
55.0
56.0
55.0
53.0
53.0
51.0
51.0
0.0


53.0
53.0
53.0
53.0
53.0
53.0
56.0
57.0
57.0
59.0
59.0
61.0
62.0
62.0
62.0
57.0
112.0
162.0
136.0
131.0
123.0
123.0
130.0
128.0
128.0
116.0
100.0
95.0
89.0
87.0
89.0
96.0
96.0
101.0
108.0
115.0
120.0
127.0
133.0
141.0
150.0
165.0
178.0
240.0
156.0
63.0
60.0
66.0
62.0
61.0
59.0
58.0
56.0
55.0
53.0
52.0
53.0
53.0
53.0
51.0
0.0


53.0
54.0
54.0
54.0
54.0
55.0
57.0
56.0
58.0
59.0
60.0
62.0
61.0
62.0
65.0
58.0
88.0
166.0
146.0
139.0
134.0
130.0
133.0
126.0
122.0
114.0
100.0
99.0
93.0
92.0
94.0
101.0
101.0
106.0
114.0
123.0
130.0
134.0
142.0
152.0
166.0
177.0
234.0
167.0
67.0
61.0
68.0
63.0
64.0
62.0
58.0
56.0
56.0
56.0
52.0
52.0
52.0
52.0
53.0
50.0
0.0


53.0
54.0
54.0
55.0
55.0
54.0
56.0
55.0
57.0
58.0
61.0
62.0
62.0
64.0
65.0
62.0
70.0
149.0
159.0
144.0
141.0
140.0
136.0
126.0
116.0
113.0
103.0
104.0
100.0
95.0
96.0
106.0
114.0
121.0
125.0
131.0
139.0
146.0
156.0
167.0
179.0
215.0
184.0
74.0
62.0
71.0
66.0
65.0
64.0
62.0
59.0
56.0
56.0
54.0
54.0
52.0
52.0
52.0
49.0
51.0
0.0


54.0
54.0
53.0
54.0
56.0
55.0
56.0
55.0
57.0
58.0
59.0
63.0
64.0
64.0
63.0
66.0
61.0
115.0
171.0
146.0
147.0
148.0
137.0
126.0
116.0
114.0
109.0
108.0
106.0
100.0
105.0
109.0
120.0
130.0
139.0
145.0
153.0
164.0
174.0
182.0
207.0
216.0
86.0
63.0
74.0
69.0
68.0
67.0
65.0
62.0
59.0
56.0
55.0
56.0
53.0
52.0
51.0
51.0
50.0
51.0
0.0


56.0
55.0
54.0
54.0
55.0
56.0
56.0
56.0
58.0
58.0
58.0
62.0
63.0
64.0
65.0
66.0
64.0
79.0
164.0
155.0
150.0
147.0
139.0
135.0
126.0
120.0
116.0
115.0
118.0
113.0
117.0
117.0
126.0
140.0
150.0
158.0
165.0
175.0
187.0
198.0
245.0
103.0
66.0
76.0
72.0
71.0
70.0
69.0
65.0
63.0
58.0
56.0
55.0
55.0
53.0
51.0
51.0
51.0
50.0
49.0
0.0


53.0
53.0
54.0
55.0
56.0
56.0
55.0
57.0
59.0
59.0
59.0
61.0
63.0
64.0
65.0
66.0
70.0
64.0
114.0
172.0
148.0
149.0
144.0
144.0
140.0
131.0
128.0
126.0
130.0
128.0
128.0
132.0
138.0
150.0
157.0
168.0
176.0
189.0
201.0
254.0
126.0
70.0
78.0
75.0
74.0
72.0
72.0
68.0
65.0
61.0
59.0
58.0
58.0
56.0
53.0
52.0
52.0
52.0
50.0
51.0
0.0


54.0
54.0
54.0
55.0
55.0
56.0
56.0
57.0
57.0
58.0
59.0
62.0
64.0
64.0
66.0
69.0
71.0
70.0
76.0
155.0
159.0
153.0
148.0
149.0
147.0
141.0
140.0
140.0
141.0
146.0
146.0
151.0
154.0
164.0
175.0
188.0
201.0
202.0
236.0
134.0
75.0
81.0
80.0
78.0
78.0
76.0
74.0
71.0
67.0
64.0
62.0
60.0
60.0
57.0
56.0
55.0
55.0
54.0
53.0
54.0
0.0


55.0
54.0
54.0
55.0
56.0
57.0
56.0
58.0
59.0
59.0
59.0
60.0
62.0
66.0
67.0
68.0
72.0
74.0
69.0
110.0
173.0
143.0
149.0
155.0
150.0
151.0
151.0
150.0
146.0
145.0
159.0
169.0
176.0
186.0
196.0
204.0
209.0
223.0
179.0
82.0
80.0
86.0
82.0
80.0
81.0
79.0
77.0
74.0
69.0
67.0
65.0
65.0
63.0
61.0
60.0
60.0
59.0
59.0
57.0
57.0
0.0


54.0
55.0
56.0
55.0
57.0
57.0
57.0
58.0
58.0
60.0
59.0
59.0
63.0
67.0
67.0
70.0
73.0
75.0
74.0
80.0
154.0
163.0
151.0
160.0
158.0
159.0
154.0
155.0
161.0
153.0
159.0
174.0
188.0
204.0
211.0
214.0
213.0
247.0
162.0
84.0
89.0
87.0
86.0
83.0
83.0
80.0
78.0
74.0
72.0
69.0
68.0
68.0
64.0
64.0
63.0
63.0
63.0
62.0
60.0
60.0
0.0


54.0
56.0
57.0
54.0
57.0
57.0
58.0
57.0
58.0
59.0
59.0
61.0
63.0
66.0
68.0
72.0
73.0
75.0
77.0
74.0
114.0
191.0
168.0
176.0
174.0
171.0
170.0
174.0
180.0
178.0
179.0
181.0
188.0
205.0
214.0
221.0
222.0
247.0
177.0
90.0
89.0
90.0
87.0
86.0
83.0
82.0
78.0
74.0
73.0
70.0
68.0
69.0
67.0
65.0
64.0
63.0
62.0
62.0
63.0
62.0
0.0


55.0
55.0
56.0
56.0
55.0
57.0
57.0
58.0
59.0
61.0
60.0
60.0
63.0
67.0
69.0
72.0
74.0
75.0
78.0
77.0
80.0
151.0
192.0
182.0
193.0
192.0
190.0
183.0
180.0
182.0
188.0
194.0
197.0
206.0
213.0
216.0
219.0
223.0
207.0
106.0
87.0
92.0
88.0
87.0
86.0
83.0
79.0
75.0
72.0
72.0
70.0
69.0
67.0
67.0
64.0
64.0
64.0
64.0
64.0
63.0
0.0


55.0
55.0
55.0
55.0
54.0
56.0
57.0
57.0
60.0
60.0
59.0
62.0
64.0
68.0
70.0
70.0
73.0
76.0
77.0
81.0
76.0
99.0
182.0
192.0
201.0
203.0
198.0
196.0
196.0
192.0
191.0
196.0
199.0
207.0
213.0
216.0
219.0
213.0
234.0
133.0
87.0
95.0
89.0
86.0
86.0
81.0
77.0
77.0
74.0
72.0
72.0
70.0
69.0
68.0
66.0
65.0
66.0
66.0
63.0
64.0
0.0


0.0
0.0
0.0
0.0
0.0
0.0
0.0
0.0
0.0
0.0
0.0
0.0
0.0
0.0
0.0
0.0
0.0
0.0
0.0
0.0
0.0
0.0
0.0
0.0
0.0
0.0
0.0
0.0
0.0
0.0
0.0
0.0
0.0
0.0
0.0
0.0
0.0
0.0
0.0
0.0
0.0
0.0
0.0
0.0
0.0
0.0
0.0
0.0
0.0
0.0
0.0
0.0
0.0
0.0
0.0
0.0
0.0
0.0
0.0
0.0
0.0


