48.0
50.0
49.0
49.0
50.0
50.0
49.0
50.0
51.0
51.0
52.0
51.0
52.0
52.0
50.0
52.0
52.0
52.0
51.0
51.0
51.0
50.0
49.0
56.0
63.0
49.0
49.0
51.0
52.0
52.0
52.0
52.0
51.0
60.0
53.0
51.0
54.0
52.0
51.0
52.0
53.0
52.0
54.0
54.0
53.0
54.0
53.0
54.0
53.0
53.0
52.0
52.0
52.0
53.0
50.0
51.0
51.0
51.0
51.0
52.0
0.0


49.0
49.0
49.0
50.0
50.0
50.0
50.0
49.0
51.0
51.0
52.0
52.0
52.0
51.0
50.0
52.0
52.0
51.0
51.0
51.0
51.0
48.0
57.0
98.0
116.0
107.0
58.0
49.0
52.0
52.0
51.0
51.0
53.0
58.0
50.0
51.0
52.0
51.0
52.0
52.0
52.0
51.0
53.0
54.0
58.0
54.0
52.0
52.0
53.0
52.0
51.0
52.0
53.0
52.0
50.0
50.0
50.0
49.0
50.0
50.0
0.0


48.0
49.0
49.0
48.0
49.0
49.0
49.0
50.0
51.0
51.0
51.0
52.0
53.0
52.0
51.0
51.0
51.0
52.0
51.0
51.0
53.0
47.0
77.0
123.0
107.0
162.0
99.0
45.0
54.0
52.0
51.0
52.0
52.0
53.0
50.0
53.0
52.0
51.0
52.0
53.0
51.0
52.0
48.0
53.0
60.0
53.0
52.0
52.0
52.0
52.0
52.0
51.0
53.0
52.0
49.0
52.0
51.0
49.0
49.0
50.0
0.0


50.0
49.0
49.0
49.0
49.0
50.0
50.0
50.0
51.0
51.0
51.0
52.0
51.0
53.0
51.0
51.0
51.0
52.0
51.0
51.0
53.0
46.0
83.0
144.0
118.0
152.0
133.0
49.0
52.0
52.0
51.0
51.0
52.0
52.0
51.0
53.0
52.0
51.0
52.0
52.0
53.0
50.0
71.0
99.0
82.0
51.0
51.0
52.0
54.0
53.0
52.0
51.0
53.0
53.0
50.0
49.0
48.0
50.0
50.0
49.0
0.0


51.0
50.0
50.0
50.0
50.0
50.0
50.0
50.0
50.0
49.0
51.0
51.0
51.0
52.0
52.0
52.0
51.0
50.0
51.0
52.0
54.0
47.0
68.0
148.0
135.0
148.0
165.0
61.0
49.0
53.0
52.0
52.0
52.0
52.0
52.0
52.0
51.0
51.0
51.0
52.0
48.0
65.0
120.0
120.0
156.0
80.0
49.0
54.0
53.0
53.0
52.0
52.0
52.0
52.0
49.0
49.0
49.0
48.0
49.0
49.0
0.0


51.0
50.0
49.0
50.0
51.0
50.0
49.0
49.0
51.0
50.0
50.0
50.0
51.0
52.0
51.0
52.0
51.0
51.0
52.0
51.0
53.0
49.0
57.0
135.0
140.0
143.0
184.0
92.0
45.0
54.0
50.0
52.0
52.0
52.0
51.0
52.0
51.0
51.0
50.0
53.0
46.0
80.0
130.0
118.0
168.0
103.0
47.0
54.0
53.0
53.0
52.0
51.0
52.0
51.0
50.0
50.0
49.0
49.0
49.0
50.0
0.0


51.0
50.0
49.0
49.0
49.0
51.0
49.0
50.0
50.0
50.0
50.0
51.0
50.0
51.0
52.0
51.0
52.0
52.0
51.0
52.0
52.0
51.0
56.0
127.0
135.0
139.0
164.0
134.0
49.0
52.0
52.0
52.0
51.0
51.0
51.0
52.0
52.0
52.0
50.0
51.0
48.0
93.0
137.0
130.0
177.0
100.0
45.0
54.0
54.0
53.0
51.0
52.0
50.0
50.0
50.0
48.0
48.0
49.0
49.0
50.0
0.0


50.0
49.0
49.0
50.0
49.0
51.0
50.0
50.0
51.0
51.0
50.0
52.0
52.0
51.0
51.0
51.0
51.0
51.0
51.0
51.0
52.0
51.0
52.0
122.0
136.0
139.0
153.0
161.0
62.0
49.0
53.0
51.0
52.0
49.0
50.0
52.0
51.0
51.0
51.0
52.0
52.0
106.0
130.0
131.0
181.0
96.0
45.0
53.0
52.0
52.0
52.0
52.0
51.0
51.0
50.0
49.0
49.0
50.0
50.0
50.0
0.0


50.0
50.0
50.0
50.0
49.0
49.0
50.0
50.0
50.0
50.0
51.0
50.0
51.0
51.0
51.0
51.0
51.0
50.0
51.0
52.0
51.0
51.0
48.0
108.0
139.0
138.0
149.0
174.0
78.0
45.0
55.0
52.0
51.0
50.0
50.0
52.0
51.0
51.0
54.0
49.0
63.0
117.0
124.0
133.0
187.0
94.0
47.0
54.0
51.0
52.0
52.0
52.0
52.0
52.0
51.0
51.0
50.0
50.0
50.0
52.0
0.0


49.0
49.0
50.0
51.0
50.0
50.0
50.0
50.0
50.0
51.0
50.0
51.0
52.0
51.0
51.0
51.0
51.0
51.0
51.0
51.0
52.0
52.0
46.0
101.0
156.0
147.0
153.0
189.0
94.0
43.0
54.0
51.0
51.0
50.0
50.0
50.0
52.0
53.0
54.0
46.0
79.0
120.0
127.0
134.0
191.0
90.0
46.0
54.0
52.0
52.0
52.0
51.0
52.0
52.0
51.0
52.0
50.0
50.0
51.0
53.0
0.0


50.0
49.0
50.0
51.0
51.0
51.0
50.0
49.0
50.0
50.0
49.0
51.0
52.0
50.0
50.0
51.0
51.0
51.0
51.0
51.0
51.0
52.0
46.0
91.0
169.0
145.0
152.0
180.0
118.0
46.0
51.0
51.0
51.0
50.0
49.0
51.0
52.0
51.0
51.0
48.0
97.0
127.0
131.0
136.0
190.0
83.0
46.0
54.0
52.0
51.0
51.0
51.0
51.0
51.0
51.0
51.0
50.0
51.0
51.0
52.0
0.0


51.0
49.0
50.0
51.0
51.0
51.0
50.0
49.0
51.0
50.0
50.0
52.0
51.0
50.0
51.0
50.0
50.0
51.0
51.0
50.0
51.0
51.0
46.0
80.0
156.0
139.0
146.0
164.0
143.0
53.0
50.0
52.0
51.0
51.0
50.0
51.0
51.0
53.0
48.0
58.0
125.0
139.0
140.0
150.0
182.0
69.0
48.0
54.0
51.0
49.0
51.0
51.0
52.0
52.0
52.0
51.0
52.0
51.0
51.0
53.0
0.0


50.0
50.0
50.0
50.0
51.0
52.0
50.0
49.0
50.0
49.0
49.0
52.0
51.0
50.0
51.0
50.0
50.0
51.0
50.0
50.0
51.0
52.0
46.0
73.0
148.0
138.0
145.0
158.0
162.0
61.0
46.0
52.0
51.0
51.0
51.0
51.0
51.0
53.0
47.0
73.0
133.0
129.0
141.0
182.0
158.0
55.0
51.0
52.0
49.0
49.0
50.0
51.0
52.0
51.0
51.0
53.0
54.0
52.0
52.0
52.0
0.0


49.0
50.0
50.0
50.0
50.0
51.0
50.0
50.0
49.0
50.0
49.0
53.0
53.0
51.0
50.0
52.0
51.0
51.0
50.0
51.0
51.0
51.0
46.0
65.0
144.0
139.0
148.0
159.0
176.0
74.0
44.0
53.0
50.0
50.0
51.0
51.0
51.0
53.0
47.0
87.0
130.0
133.0
146.0
200.0
127.0
47.0
53.0
52.0
49.0
49.0
51.0
50.0
52.0
51.0
52.0
53.0
52.0
52.0
52.0
53.0
0.0


51.0
51.0
51.0
50.0
51.0
51.0
51.0
50.0
49.0
49.0
51.0
53.0
51.0
51.0
51.0
51.0
51.0
50.0
50.0
50.0
49.0
51.0
46.0
59.0
136.0
144.0
148.0
156.0
188.0
90.0
43.0
53.0
50.0
50.0
50.0
51.0
52.0
50.0
53.0
107.0
130.0
136.0
150.0
218.0
103.0
45.0
53.0
51.0
50.0
50.0
51.0
51.0
52.0
52.0
52.0
53.0
53.0
52.0
53.0
54.0
0.0


50.0
50.0
50.0
50.0
51.0
50.0
50.0
51.0
50.0
49.0
53.0
52.0
50.0
50.0
49.0
50.0
51.0
49.0
50.0
50.0
48.0
51.0
47.0
56.0
130.0
144.0
148.0
155.0
192.0
107.0
43.0
51.0
51.0
49.0
50.0
51.0
52.0
47.0
66.0
126.0
126.0
140.0
156.0
203.0
84.0
47.0
53.0
52.0
51.0
51.0
50.0
52.0
52.0
52.0
51.0
53.0
53.0
53.0
53.0
53.0
0.0


51.0
49.0
50.0
50.0
51.0
51.0
50.0
51.0
51.0
50.0
52.0
50.0
50.0
50.0
49.0
50.0
50.0
50.0
49.0
50.0
50.0
49.0
47.0
52.0
120.0
148.0
151.0
153.0
188.0
127.0
47.0
49.0
52.0
50.0
49.0
51.0
52.0
49.0
91.0
133.0
134.0
146.0
166.0
184.0
68.0
47.0
53.0
51.0
51.0
51.0
51.0
53.0
52.0
51.0
52.0
51.0
53.0
53.0
52.0
52.0
0.0


51.0
51.0
50.0
51.0
51.0
50.0
50.0
51.0
50.0
51.0
50.0
49.0
50.0
49.0
49.0
49.0
49.0
49.0
48.0
49.0
48.0
48.0
47.0
48.0
116.0
148.0
156.0
163.0
174.0
155.0
55.0
49.0
51.0
49.0
49.0
49.0
50.0
57.0
123.0
135.0
144.0
150.0
181.0
163.0
59.0
51.0
54.0
52.0
51.0
50.0
52.0
52.0
51.0
51.0
51.0
52.0
52.0
53.0
51.0
52.0
0.0


51.0
50.0
50.0
50.0
51.0
50.0
51.0
51.0
50.0
50.0
50.0
50.0
49.0
49.0
49.0
50.0
50.0
49.0
49.0
48.0
49.0
49.0
46.0
49.0
115.0
154.0
159.0
165.0
174.0
190.0
66.0
47.0
53.0
50.0
48.0
50.0
45.0
84.0
158.0
150.0
157.0
152.0
197.0
146.0
52.0
52.0
54.0
52.0
51.0
53.0
53.0
52.0
51.0
51.0
51.0
52.0
51.0
52.0
52.0
53.0
0.0


50.0
50.0
50.0
50.0
51.0
50.0
50.0
50.0
51.0
51.0
50.0
49.0
50.0
50.0
50.0
50.0
49.0
49.0
49.0
49.0
49.0
48.0
47.0
49.0
119.0
161.0
154.0
164.0
166.0
205.0
82.0
47.0
53.0
50.0
49.0
51.0
47.0
108.0
152.0
149.0
159.0
166.0
217.0
125.0
48.0
53.0
53.0
53.0
52.0
53.0
51.0
52.0
52.0
51.0
52.0
50.0
51.0
52.0
51.0
52.0
0.0


50.0
51.0
51.0
50.0
51.0
51.0
51.0
50.0
51.0
51.0
50.0
50.0
50.0
49.0
50.0
50.0
50.0
52.0
49.0
50.0
48.0
50.0
49.0
49.0
111.0
147.0
147.0
156.0
149.0
201.0
92.0
47.0
53.0
49.0
50.0
47.0
59.0
122.0
131.0
143.0
156.0
182.0
234.0
94.0
45.0
56.0
52.0
54.0
53.0
52.0
51.0
51.0
52.0
51.0
51.0
51.0
52.0
51.0
52.0
51.0
0.0


50.0
51.0
50.0
50.0
50.0
52.0
52.0
51.0
51.0
51.0
50.0
50.0
51.0
51.0
51.0
51.0
51.0
52.0
51.0
50.0
51.0
51.0
51.0
47.0
99.0
150.0
140.0
154.0
153.0
209.0
98.0
46.0
55.0
49.0
51.0
46.0
84.0
122.0
123.0
134.0
153.0
184.0
178.0
60.0
50.0
56.0
53.0
53.0
53.0
51.0
51.0
53.0
52.0
51.0
51.0
52.0
52.0
51.0
51.0
52.0
0.0


50.0
51.0
50.0
50.0
50.0
51.0
50.0
51.0
52.0
52.0
53.0
52.0
52.0
51.0
51.0
51.0
51.0
51.0
51.0
51.0
46.0
45.0
48.0
38.0
80.0
160.0
146.0
161.0
158.0
203.0
108.0
48.0
52.0
51.0
49.0
52.0
108.0
120.0
127.0
144.0
161.0
210.0
124.0
45.0
56.0
54.0
53.0
52.0
52.0
51.0
50.0
52.0
52.0
51.0
51.0
52.0
52.0
52.0
52.0
54.0
0.0


50.0
51.0
50.0
50.0
50.0
50.0
51.0
51.0
52.0
53.0
52.0
52.0
52.0
52.0
51.0
51.0
51.0
51.0
52.0
46.0
70.0
112.0
128.0
74.0
59.0
158.0
162.0
165.0
161.0
204.0
117.0
49.0
53.0
51.0
48.0
67.0
127.0
125.0
136.0
154.0
165.0
222.0
79.0
47.0
56.0
53.0
53.0
51.0
51.0
52.0
51.0
51.0
51.0
51.0
51.0
53.0
52.0
52.0
53.0
51.0
0.0


50.0
50.0
50.0
50.0
50.0
50.0
51.0
51.0
50.0
52.0
52.0
51.0
52.0
52.0
52.0
51.0
51.0
53.0
46.0
65.0
160.0
170.0
178.0
189.0
83.0
128.0
189.0
166.0
163.0
202.0
126.0
51.0
54.0
52.0
46.0
85.0
132.0
130.0
143.0
154.0
179.0
170.0
56.0
53.0
54.0
53.0
52.0
52.0
51.0
52.0
51.0
50.0
51.0
51.0
51.0
51.0
52.0
53.0
54.0
52.0
0.0


51.0
50.0
49.0
50.0
50.0
50.0
51.0
51.0
51.0
52.0
52.0
52.0
51.0
52.0
52.0
52.0
51.0
52.0
45.0
101.0
169.0
139.0
142.0
177.0
121.0
108.0
203.0
179.0
176.0
214.0
141.0
53.0
54.0
54.0
49.0
107.0
141.0
139.0
146.0
151.0
222.0
121.0
46.0
57.0
54.0
53.0
53.0
52.0
52.0
50.0
51.0
52.0
52.0
51.0
51.0
51.0
52.0
52.0
53.0
53.0
0.0


50.0
49.0
50.0
50.0
51.0
50.0
50.0
51.0
52.0
52.0
51.0
52.0
52.0
51.0
51.0
52.0
52.0
53.0
45.0
101.0
161.0
143.0
146.0
163.0
134.0
97.0
194.0
192.0
179.0
192.0
166.0
59.0
54.0
48.0
62.0
139.0
148.0
142.0
148.0
160.0
232.0
79.0
47.0
56.0
54.0
54.0
53.0
52.0
52.0
52.0
51.0
52.0
51.0
52.0
51.0
52.0
52.0
52.0
52.0
52.0
0.0


49.0
50.0
49.0
49.0
50.0
50.0
50.0
51.0
51.0
52.0
51.0
53.0
51.0
51.0
51.0
52.0
52.0
52.0
46.0
96.0
157.0
137.0
144.0
155.0
156.0
104.0
169.0
188.0
179.0
178.0
201.0
83.0
46.0
55.0
112.0
161.0
151.0
153.0
154.0
185.0
170.0
55.0
52.0
55.0
54.0
54.0
53.0
52.0
53.0
51.0
51.0
51.0
51.0
51.0
51.0
51.0
52.0
52.0
52.0
53.0
0.0


49.0
49.0
49.0
49.0
51.0
50.0
50.0
51.0
51.0
52.0
52.0
52.0
52.0
51.0
51.0
51.0
51.0
53.0
45.0
77.0
147.0
137.0
145.0
150.0
121.0
119.0
148.0
178.0
183.0
175.0
159.0
126.0
84.0
103.0
139.0
142.0
146.0
157.0
163.0
229.0
116.0
47.0
56.0
55.0
55.0
53.0
53.0
52.0
52.0
50.0
50.0
51.0
51.0
51.0
51.0
51.0
52.0
53.0
52.0
54.0
0.0


49.0
49.0
50.0
49.0
51.0
50.0
49.0
51.0
51.0
51.0
52.0
51.0
51.0
52.0
51.0
52.0
51.0
52.0
46.0
62.0
142.0
137.0
146.0
124.0
100.0
139.0
140.0
151.0
157.0
153.0
142.0
124.0
123.0
122.0
123.0
122.0
126.0
138.0
160.0
230.0
88.0
48.0
56.0
54.0
55.0
54.0
52.0
53.0
51.0
51.0
51.0
51.0
52.0
51.0
51.0
52.0
52.0
52.0
53.0
52.0
0.0


50.0
50.0
49.0
49.0
50.0
51.0
50.0
50.0
51.0
51.0
52.0
52.0
52.0
51.0
52.0
51.0
50.0
53.0
49.0
57.0
134.0
141.0
138.0
120.0
132.0
151.0
147.0
157.0
158.0
149.0
149.0
135.0
118.0
120.0
120.0
122.0
126.0
135.0
159.0
202.0
80.0
50.0
56.0
56.0
57.0
55.0
53.0
53.0
52.0
51.0
51.0
51.0
51.0
51.0
52.0
52.0
52.0
51.0
52.0
52.0
0.0


50.0
50.0
49.0
50.0
50.0
50.0
50.0
50.0
52.0
52.0
52.0
52.0
52.0
52.0
51.0
51.0
53.0
54.0
48.0
44.0
119.0
152.0
135.0
139.0
155.0
159.0
159.0
164.0
166.0
159.0
144.0
134.0
126.0
127.0
124.0
129.0
128.0
139.0
170.0
193.0
75.0
54.0
55.0
56.0
57.0
54.0
54.0
52.0
52.0
52.0
51.0
51.0
50.0
51.0
52.0
51.0
51.0
51.0
52.0
52.0
0.0


50.0
49.0
49.0
50.0
50.0
50.0
49.0
51.0
51.0
50.0
52.0
51.0
51.0
51.0
51.0
52.0
52.0
46.0
58.0
60.0
121.0
166.0
144.0
154.0
171.0
176.0
173.0
165.0
178.0
206.0
145.0
131.0
141.0
133.0
128.0
135.0
131.0
156.0
185.0
186.0
69.0
54.0
58.0
56.0
56.0
55.0
54.0
54.0
52.0
52.0
51.0
51.0
51.0
50.0
50.0
51.0
51.0
51.0
52.0
52.0
0.0


51.0
49.0
49.0
50.0
50.0
49.0
49.0
49.0
50.0
50.0
50.0
51.0
52.0
51.0
51.0
51.0
47.0
90.0
142.0
159.0
161.0
156.0
165.0
173.0
167.0
180.0
180.0
180.0
212.0
208.0
182.0
143.0
141.0
135.0
135.0
127.0
137.0
166.0
183.0
168.0
63.0
55.0
58.0
57.0
57.0
54.0
53.0
53.0
52.0
51.0
51.0
51.0
51.0
50.0
50.0
51.0
52.0
52.0
52.0
52.0
0.0


50.0
49.0
48.0
49.0
50.0
49.0
49.0
50.0
50.0
51.0
50.0
51.0
51.0
51.0
53.0
46.0
92.0
172.0
154.0
156.0
175.0
159.0
171.0
193.0
174.0
169.0
182.0
198.0
207.0
194.0
204.0
181.0
136.0
137.0
144.0
130.0
159.0
151.0
188.0
151.0
58.0
57.0
58.0
60.0
57.0
53.0
53.0
53.0
53.0
52.0
51.0
51.0
51.0
50.0
52.0
52.0
51.0
52.0
52.0
52.0
0.0


49.0
49.0
49.0
49.0
50.0
50.0
48.0
50.0
50.0
51.0
52.0
50.0
51.0
53.0
47.0
58.0
153.0
165.0
154.0
154.0
162.0
185.0
174.0
194.0
197.0
173.0
185.0
195.0
195.0
195.0
199.0
212.0
156.0
146.0
138.0
153.0
159.0
146.0
217.0
128.0
54.0
59.0
57.0
60.0
67.0
57.0
52.0
52.0
53.0
52.0
51.0
52.0
52.0
50.0
51.0
52.0
53.0
52.0
52.0
51.0
0.0


50.0
50.0
48.0
49.0
50.0
50.0
49.0
49.0
50.0
51.0
51.0
51.0
50.0
52.0
44.0
85.0
169.0
167.0
154.0
155.0
150.0
175.0
188.0
189.0
192.0
173.0
186.0
202.0
201.0
203.0
201.0
207.0
203.0
144.0
141.0
139.0
123.0
155.0
182.0
122.0
55.0
59.0
58.0
57.0
62.0
57.0
52.0
51.0
52.0
52.0
51.0
51.0
52.0
51.0
50.0
51.0
52.0
52.0
52.0
51.0
0.0


49.0
50.0
50.0
49.0
50.0
50.0
49.0
49.0
49.0
50.0
51.0
51.0
52.0
49.0
52.0
122.0
173.0
165.0
152.0
145.0
145.0
159.0
193.0
186.0
153.0
160.0
187.0
201.0
206.0
214.0
212.0
213.0
223.0
160.0
117.0
111.0
151.0
152.0
172.0
129.0
57.0
60.0
58.0
57.0
55.0
53.0
53.0
52.0
52.0
51.0
51.0
52.0
52.0
51.0
52.0
51.0
52.0
53.0
51.0
52.0
0.0


50.0
49.0
49.0
49.0
51.0
50.0
50.0
50.0
49.0
50.0
51.0
51.0
53.0
47.0
59.0
151.0
171.0
165.0
159.0
143.0
143.0
151.0
180.0
185.0
145.0
148.0
185.0
191.0
203.0
206.0
213.0
215.0
223.0
196.0
128.0
149.0
168.0
143.0
183.0
133.0
58.0
59.0
58.0
59.0
57.0
54.0
54.0
52.0
52.0
51.0
52.0
52.0
51.0
51.0
52.0
52.0
52.0
52.0
51.0
51.0
0.0


50.0
50.0
50.0
49.0
51.0
50.0
50.0
50.0
51.0
50.0
50.0
51.0
53.0
49.0
58.0
143.0
171.0
174.0
169.0
154.0
146.0
149.0
165.0
187.0
149.0
142.0
169.0
197.0
199.0
206.0
209.0
214.0
214.0
216.0
184.0
159.0
152.0
142.0
181.0
144.0
60.0
59.0
58.0
58.0
54.0
54.0
54.0
53.0
52.0
52.0
51.0
51.0
51.0
51.0
53.0
50.0
52.0
51.0
51.0
51.0
0.0


50.0
50.0
50.0
51.0
50.0
50.0
50.0
51.0
52.0
51.0
51.0
51.0
52.0
50.0
51.0
123.0
174.0
181.0
188.0
166.0
160.0
157.0
161.0
184.0
160.0
136.0
154.0
190.0
188.0
206.0
207.0
212.0
214.0
206.0
211.0
167.0
136.0
141.0
179.0
163.0
67.0
58.0
59.0
57.0
57.0
55.0
53.0
54.0
52.0
52.0
51.0
51.0
51.0
52.0
52.0
51.0
50.0
51.0
50.0
53.0
0.0


50.0
49.0
50.0
51.0
50.0
51.0
51.0
52.0
51.0
51.0
50.0
51.0
51.0
51.0
45.0
98.0
164.0
151.0
168.0
181.0
172.0
165.0
167.0
185.0
206.0
169.0
169.0
179.0
173.0
190.0
202.0
206.0
210.0
209.0
207.0
198.0
169.0
157.0
181.0
181.0
70.0
59.0
59.0
58.0
57.0
55.0
54.0
53.0
53.0
52.0
52.0
52.0
52.0
51.0
51.0
50.0
51.0
51.0
51.0
51.0
0.0


49.0
49.0
51.0
51.0
51.0
51.0
50.0
51.0
50.0
50.0
50.0
51.0
50.0
52.0
45.0
68.0
130.0
150.0
186.0
214.0
185.0
176.0
189.0
194.0
212.0
223.0
196.0
178.0
170.0
181.0
191.0
201.0
204.0
205.0
206.0
207.0
199.0
177.0
180.0
197.0
78.0
57.0
59.0
57.0
57.0
55.0
53.0
53.0
52.0
51.0
51.0
52.0
52.0
52.0
53.0
52.0
52.0
51.0
51.0
50.0
0.0


51.0
50.0
50.0
51.0
51.0
51.0
51.0
51.0
49.0
52.0
52.0
51.0
50.0
53.0
47.0
61.0
143.0
167.0
160.0
174.0
180.0
187.0
203.0
204.0
207.0
215.0
193.0
172.0
173.0
183.0
177.0
192.0
200.0
203.0
204.0
202.0
199.0
191.0
185.0
210.0
79.0
58.0
62.0
57.0
57.0
54.0
54.0
53.0
52.0
52.0
51.0
51.0
52.0
51.0
52.0
52.0
52.0
51.0
51.0
50.0
0.0


50.0
50.0
50.0
52.0
51.0
52.0
52.0
51.0
51.0
51.0
51.0
50.0
50.0
53.0
45.0
70.0
138.0
128.0
136.0
148.0
167.0
181.0
193.0
210.0
171.0
168.0
195.0
166.0
174.0
179.0
170.0
179.0
197.0
198.0
200.0
197.0
199.0
200.0
192.0
207.0
80.0
57.0
60.0
58.0
57.0
55.0
53.0
53.0
53.0
52.0
51.0
51.0
52.0
51.0
52.0
51.0
50.0
50.0
51.0
51.0
0.0


50.0
51.0
51.0
52.0
51.0
52.0
51.0
50.0
50.0
51.0
51.0
50.0
50.0
53.0
46.0
68.0
133.0
134.0
138.0
144.0
158.0
174.0
186.0
190.0
154.0
146.0
167.0
175.0
172.0
158.0
161.0
170.0
191.0
194.0
193.0
195.0
200.0
202.0
201.0
185.0
74.0
58.0
60.0
58.0
57.0
56.0
52.0
52.0
53.0
53.0
52.0
51.0
52.0
51.0
51.0
51.0
51.0
50.0
52.0
51.0
0.0


50.0
50.0
50.0
51.0
51.0
52.0
51.0
51.0
52.0
51.0
51.0
51.0
51.0
53.0
47.0
64.0
134.0
133.0
134.0
140.0
143.0
163.0
177.0
176.0
164.0
149.0
150.0
171.0
172.0
133.0
140.0
168.0
192.0
196.0
189.0
192.0
208.0
204.0
216.0
166.0
68.0
61.0
62.0
57.0
57.0
55.0
53.0
53.0
52.0
52.0
52.0
52.0
51.0
51.0
52.0
51.0
51.0
51.0
51.0
49.0
0.0


50.0
50.0
50.0
50.0
51.0
53.0
51.0
51.0
52.0
51.0
52.0
52.0
50.0
52.0
48.0
59.0
128.0
132.0
131.0
132.0
135.0
153.0
168.0
176.0
175.0
164.0
159.0
165.0
165.0
128.0
121.0
160.0
175.0
195.0
195.0
201.0
216.0
200.0
236.0
154.0
64.0
62.0
61.0
57.0
57.0
55.0
53.0
53.0
52.0
52.0
52.0
52.0
52.0
51.0
50.0
51.0
52.0
51.0
51.0
50.0
0.0


50.0
51.0
50.0
51.0
52.0
52.0
52.0
52.0
52.0
53.0
53.0
51.0
51.0
51.0
50.0
56.0
124.0
136.0
127.0
127.0
127.0
141.0
161.0
171.0
185.0
163.0
168.0
164.0
148.0
138.0
124.0
138.0
172.0
188.0
202.0
213.0
219.0
197.0
245.0
141.0
62.0
64.0
60.0
57.0
58.0
55.0
53.0
53.0
54.0
53.0
52.0
52.0
52.0
51.0
51.0
52.0
52.0
51.0
50.0
50.0
0.0


52.0
52.0
52.0
51.0
52.0
52.0
52.0
51.0
52.0
52.0
52.0
52.0
52.0
53.0
53.0
50.0
113.0
143.0
126.0
124.0
124.0
139.0
151.0
162.0
168.0
152.0
174.0
154.0
139.0
127.0
139.0
139.0
157.0
192.0
206.0
214.0
218.0
198.0
248.0
131.0
60.0
64.0
60.0
58.0
58.0
55.0
54.0
54.0
53.0
52.0
52.0
51.0
51.0
52.0
51.0
51.0
51.0
50.0
49.0
49.0
0.0


51.0
51.0
51.0
51.0
52.0
53.0
52.0
51.0
53.0
53.0
52.0
52.0
53.0
52.0
54.0
47.0
93.0
150.0
128.0
124.0
127.0
136.0
138.0
152.0
153.0
151.0
174.0
141.0
135.0
128.0
133.0
152.0
162.0
172.0
198.0
215.0
218.0
200.0
250.0
122.0
60.0
63.0
59.0
58.0
57.0
55.0
53.0
52.0
52.0
53.0
52.0
51.0
51.0
51.0
50.0
50.0
50.0
50.0
50.0
50.0
0.0


52.0
51.0
50.0
51.0
52.0
53.0
52.0
52.0
53.0
53.0
54.0
52.0
53.0
52.0
55.0
49.0
73.0
151.0
133.0
129.0
129.0
131.0
129.0
140.0
137.0
151.0
164.0
134.0
133.0
136.0
139.0
150.0
169.0
188.0
198.0
212.0
215.0
202.0
247.0
114.0
61.0
64.0
61.0
58.0
57.0
54.0
52.0
52.0
51.0
52.0
51.0
50.0
50.0
50.0
49.0
50.0
51.0
50.0
47.0
49.0
0.0


53.0
52.0
51.0
51.0
52.0
52.0
52.0
54.0
54.0
54.0
52.0
53.0
53.0
54.0
55.0
54.0
56.0
132.0
142.0
132.0
133.0
130.0
125.0
130.0
127.0
149.0
155.0
137.0
136.0
143.0
153.0
159.0
170.0
191.0
213.0
217.0
212.0
207.0
246.0
98.0
58.0
65.0
60.0
58.0
58.0
54.0
52.0
53.0
52.0
51.0
51.0
50.0
49.0
49.0
50.0
49.0
48.0
48.0
48.0
48.0
0.0


51.0
51.0
51.0
51.0
51.0
52.0
53.0
54.0
55.0
53.0
54.0
53.0
54.0
55.0
54.0
58.0
51.0
94.0
158.0
133.0
137.0
129.0
124.0
123.0
120.0
148.0
153.0
140.0
145.0
151.0
162.0
173.0
183.0
197.0
206.0
212.0
207.0
227.0
200.0
75.0
59.0
65.0
60.0
59.0
58.0
54.0
52.0
52.0
52.0
50.0
50.0
52.0
49.0
49.0
49.0
48.0
48.0
47.0
48.0
50.0
0.0


50.0
52.0
51.0
52.0
51.0
52.0
53.0
54.0
55.0
54.0
53.0
53.0
56.0
53.0
55.0
58.0
57.0
64.0
141.0
143.0
135.0
129.0
128.0
125.0
121.0
146.0
161.0
147.0
153.0
163.0
168.0
177.0
192.0
204.0
211.0
213.0
204.0
246.0
150.0
63.0
64.0
64.0
60.0
58.0
58.0
55.0
53.0
52.0
52.0
51.0
51.0
50.0
50.0
50.0
48.0
49.0
51.0
48.0
49.0
50.0
0.0


52.0
51.0
52.0
52.0
51.0
53.0
54.0
53.0
54.0
54.0
53.0
54.0
56.0
56.0
57.0
57.0
62.0
56.0
94.0
161.0
137.0
137.0
137.0
133.0
127.0
141.0
164.0
158.0
162.0
170.0
178.0
184.0
197.0
206.0
215.0
215.0
205.0
247.0
118.0
60.0
67.0
63.0
60.0
59.0
57.0
55.0
53.0
52.0
52.0
51.0
51.0
51.0
51.0
50.0
49.0
51.0
49.0
50.0
50.0
50.0
0.0


52.0
52.0
52.0
52.0
52.0
52.0
53.0
55.0
55.0
55.0
55.0
55.0
56.0
56.0
55.0
58.0
62.0
62.0
65.0
132.0
152.0
138.0
142.0
140.0
139.0
141.0
158.0
164.0
170.0
176.0
188.0
197.0
203.0
210.0
216.0
213.0
209.0
244.0
119.0
65.0
66.0
63.0
61.0
60.0
58.0
56.0
55.0
54.0
53.0
52.0
51.0
52.0
51.0
51.0
51.0
51.0
51.0
51.0
50.0
51.0
0.0


51.0
52.0
51.0
52.0
51.0
52.0
52.0
53.0
55.0
55.0
54.0
55.0
56.0
56.0
58.0
62.0
63.0
65.0
61.0
86.0
154.0
144.0
146.0
148.0
150.0
149.0
155.0
162.0
174.0
190.0
194.0
202.0
208.0
215.0
217.0
214.0
209.0
242.0
144.0
67.0
66.0
63.0
60.0
59.0
58.0
56.0
55.0
55.0
53.0
53.0
52.0
53.0
52.0
52.0
51.0
50.0
51.0
50.0
50.0
52.0
0.0


52.0
52.0
52.0
52.0
52.0
52.0
52.0
53.0
55.0
56.0
54.0
54.0
57.0
56.0
59.0
63.0
63.0
65.0
68.0
64.0
119.0
164.0
151.0
157.0
160.0
158.0
161.0
169.0
176.0
188.0
199.0
202.0
208.0
214.0
220.0
221.0
214.0
221.0
183.0
79.0
63.0
65.0
60.0
59.0
58.0
56.0
54.0
54.0
54.0
53.0
54.0
54.0
52.0
51.0
51.0
51.0
51.0
51.0
51.0
51.0
0.0


52.0
52.0
51.0
51.0
52.0
53.0
52.0
53.0
55.0
56.0
55.0
55.0
56.0
56.0
60.0
63.0
65.0
65.0
69.0
64.0
82.0
169.0
175.0
170.0
171.0
173.0
178.0
183.0
185.0
185.0
195.0
200.0
210.0
220.0
224.0
223.0
219.0
206.0
226.0
106.0
63.0
65.0
61.0
60.0
58.0
57.0
55.0
54.0
54.0
53.0
53.0
54.0
52.0
51.0
50.0
51.0
51.0
52.0
50.0
50.0
0.0


0.0
0.0
0.0
0.0
0.0
0.0
0.0
0.0
0.0
0.0
0.0
0.0
0.0
0.0
0.0
0.0
0.0
0.0
0.0
0.0
0.0
0.0
0.0
0.0
0.0
0.0
0.0
0.0
0.0
0.0
0.0
0.0
0.0
0.0
0.0
0.0
0.0
0.0
0.0
0.0
0.0
0.0
0.0
0.0
0.0
0.0
0.0
0.0
0.0
0.0
0.0
0.0
0.0
0.0
0.0
0.0
0.0
0.0
0.0
0.0
0.0


