49.0
49.0
49.0
49.0
50.0
51.0
51.0
52.0
52.0
51.0
52.0
52.0
49.0
63.0
124.0
153.0
92.0
46.0
53.0
52.0
52.0
52.0
52.0
51.0
52.0
51.0
69.0
75.0
50.0
52.0
53.0
52.0
52.0
51.0
49.0
49.0
49.0
50.0
52.0
55.0
0.0


50.0
50.0
50.0
50.0
50.0
50.0
50.0
51.0
52.0
52.0
51.0
52.0
51.0
55.0
127.0
156.0
122.0
48.0
52.0
52.0
52.0
52.0
51.0
51.0
49.0
61.0
122.0
142.0
66.0
51.0
54.0
52.0
52.0
51.0
49.0
49.0
49.0
50.0
52.0
55.0
0.0


50.0
49.0
50.0
50.0
50.0
50.0
50.0
51.0
52.0
52.0
52.0
51.0
52.0
51.0
116.0
144.0
159.0
63.0
49.0
52.0
51.0
51.0
52.0
52.0
47.0
76.0
134.0
157.0
71.0
49.0
54.0
52.0
51.0
50.0
49.0
49.0
49.0
50.0
52.0
55.0
0.0


50.0
50.0
49.0
50.0
50.0
50.0
51.0
51.0
51.0
51.0
51.0
51.0
52.0
49.0
108.0
140.0
169.0
83.0
47.0
53.0
50.0
51.0
51.0
52.0
49.0
89.0
134.0
158.0
68.0
49.0
53.0
52.0
52.0
51.0
50.0
50.0
51.0
51.0
53.0
55.0
0.0


49.0
50.0
50.0
50.0
50.0
50.0
50.0
52.0
51.0
51.0
51.0
51.0
53.0
46.0
101.0
156.0
174.0
102.0
45.0
53.0
50.0
50.0
52.0
52.0
53.0
106.0
131.0
160.0
66.0
49.0
53.0
51.0
52.0
51.0
51.0
50.0
51.0
53.0
53.0
55.0
0.0


50.0
50.0
51.0
51.0
50.0
50.0
50.0
51.0
51.0
50.0
51.0
51.0
52.0
46.0
92.0
157.0
159.0
126.0
48.0
52.0
51.0
50.0
52.0
48.0
65.0
133.0
141.0
156.0
59.0
50.0
51.0
51.0
52.0
52.0
51.0
51.0
51.0
53.0
53.0
55.0
0.0


50.0
50.0
51.0
51.0
49.0
49.0
51.0
52.0
50.0
51.0
51.0
50.0
52.0
46.0
81.0
150.0
151.0
148.0
54.0
50.0
51.0
51.0
52.0
47.0
82.0
137.0
162.0
137.0
50.0
52.0
49.0
51.0
51.0
51.0
53.0
52.0
52.0
53.0
54.0
54.0
0.0


50.0
51.0
51.0
51.0
50.0
49.0
52.0
52.0
51.0
51.0
51.0
50.0
51.0
45.0
72.0
149.0
150.0
168.0
63.0
48.0
51.0
50.0
52.0
50.0
101.0
134.0
181.0
110.0
46.0
52.0
50.0
50.0
52.0
52.0
53.0
52.0
53.0
54.0
54.0
55.0
0.0


50.0
50.0
51.0
50.0
50.0
50.0
52.0
50.0
49.0
50.0
50.0
49.0
50.0
45.0
65.0
146.0
149.0
183.0
75.0
45.0
51.0
50.0
49.0
60.0
125.0
137.0
191.0
89.0
47.0
53.0
50.0
51.0
52.0
51.0
52.0
53.0
52.0
53.0
54.0
54.0
0.0


50.0
50.0
51.0
50.0
51.0
50.0
50.0
49.0
49.0
49.0
49.0
49.0
49.0
45.0
60.0
143.0
157.0
194.0
95.0
45.0
52.0
50.0
47.0
89.0
148.0
146.0
190.0
74.0
49.0
53.0
51.0
52.0
51.0
51.0
52.0
52.0
52.0
53.0
54.0
54.0
0.0


50.0
50.0
51.0
50.0
50.0
51.0
50.0
49.0
50.0
50.0
49.0
49.0
49.0
45.0
61.0
148.0
158.0
191.0
120.0
47.0
52.0
49.0
51.0
126.0
159.0
163.0
182.0
63.0
50.0
53.0
52.0
52.0
51.0
51.0
51.0
52.0
52.0
53.0
53.0
54.0
0.0


51.0
50.0
51.0
52.0
51.0
51.0
50.0
50.0
50.0
50.0
51.0
50.0
50.0
46.0
60.0
138.0
147.0
169.0
133.0
50.0
52.0
47.0
66.0
129.0
137.0
188.0
146.0
51.0
53.0
53.0
52.0
51.0
52.0
51.0
51.0
52.0
51.0
52.0
53.0
54.0
0.0


51.0
50.0
50.0
51.0
52.0
52.0
52.0
52.0
51.0
51.0
51.0
51.0
47.0
53.0
47.0
123.0
156.0
172.0
142.0
53.0
51.0
47.0
92.0
127.0
138.0
206.0
93.0
47.0
55.0
52.0
51.0
51.0
52.0
51.0
52.0
52.0
52.0
53.0
54.0
54.0
0.0


50.0
50.0
50.0
51.0
51.0
52.0
52.0
52.0
52.0
51.0
52.0
48.0
94.0
159.0
100.0
106.0
184.0
173.0
152.0
56.0
50.0
55.0
117.0
135.0
157.0
180.0
63.0
51.0
53.0
52.0
51.0
51.0
51.0
51.0
52.0
53.0
53.0
52.0
53.0
54.0
0.0


50.0
50.0
50.0
51.0
51.0
52.0
52.0
52.0
52.0
53.0
49.0
60.0
158.0
155.0
163.0
111.0
184.0
185.0
170.0
61.0
48.0
67.0
142.0
138.0
175.0
135.0
50.0
56.0
53.0
52.0
51.0
51.0
52.0
51.0
51.0
52.0
53.0
52.0
52.0
54.0
0.0


50.0
49.0
50.0
50.0
51.0
52.0
52.0
52.0
51.0
52.0
49.0
61.0
144.0
141.0
158.0
118.0
169.0
187.0
201.0
77.0
47.0
112.0
162.0
146.0
205.0
92.0
48.0
56.0
54.0
52.0
52.0
51.0
51.0
51.0
52.0
52.0
52.0
52.0
53.0
53.0
0.0


49.0
49.0
50.0
50.0
50.0
52.0
52.0
52.0
51.0
52.0
50.0
52.0
124.0
148.0
132.0
119.0
152.0
173.0
164.0
117.0
101.0
137.0
138.0
160.0
183.0
64.0
52.0
55.0
53.0
52.0
51.0
51.0
51.0
51.0
52.0
52.0
53.0
53.0
52.0
53.0
0.0


50.0
49.0
50.0
50.0
50.0
51.0
52.0
52.0
52.0
51.0
53.0
47.0
110.0
148.0
121.0
138.0
151.0
155.0
146.0
132.0
123.0
120.0
122.0
153.0
156.0
57.0
54.0
57.0
54.0
52.0
51.0
51.0
51.0
51.0
52.0
51.0
52.0
52.0
53.0
53.0
0.0


50.0
49.0
50.0
50.0
50.0
51.0
52.0
52.0
51.0
52.0
50.0
47.0
103.0
156.0
146.0
170.0
165.0
174.0
160.0
131.0
130.0
128.0
130.0
171.0
148.0
56.0
56.0
56.0
55.0
53.0
52.0
51.0
51.0
51.0
51.0
51.0
52.0
52.0
53.0
53.0
0.0


49.0
49.0
50.0
49.0
49.0
50.0
51.0
51.0
52.0
48.0
80.0
135.0
154.0
161.0
172.0
174.0
180.0
202.0
197.0
148.0
137.0
131.0
138.0
191.0
134.0
54.0
59.0
56.0
53.0
53.0
52.0
51.0
51.0
50.0
51.0
52.0
52.0
52.0
52.0
54.0
0.0


49.0
49.0
50.0
49.0
50.0
51.0
51.0
52.0
48.0
65.0
170.0
161.0
167.0
174.0
193.0
178.0
187.0
199.0
202.0
186.0
141.0
144.0
148.0
184.0
115.0
52.0
59.0
62.0
54.0
52.0
52.0
52.0
51.0
51.0
52.0
52.0
52.0
51.0
52.0
53.0
0.0


50.0
49.0
50.0
50.0
49.0
50.0
51.0
51.0
46.0
101.0
182.0
149.0
150.0
181.0
188.0
172.0
190.0
205.0
203.0
220.0
165.0
125.0
132.0
179.0
108.0
53.0
58.0
59.0
54.0
52.0
52.0
51.0
52.0
50.0
51.0
52.0
52.0
52.0
52.0
53.0
0.0


50.0
49.0
50.0
50.0
49.0
50.0
51.0
51.0
51.0
137.0
176.0
151.0
141.0
167.0
174.0
146.0
187.0
204.0
210.0
224.0
194.0
131.0
152.0
172.0
114.0
55.0
59.0
55.0
54.0
53.0
51.0
52.0
51.0
52.0
52.0
52.0
51.0
52.0
53.0
53.0
0.0


50.0
50.0
50.0
50.0
51.0
51.0
51.0
52.0
50.0
129.0
191.0
170.0
151.0
157.0
176.0
141.0
167.0
199.0
206.0
212.0
217.0
189.0
141.0
167.0
128.0
56.0
59.0
56.0
54.0
53.0
52.0
51.0
51.0
52.0
51.0
51.0
51.0
52.0
52.0
52.0
0.0


50.0
50.0
51.0
50.0
51.0
51.0
51.0
52.0
45.0
95.0
164.0
181.0
177.0
166.0
190.0
182.0
172.0
178.0
194.0
208.0
208.0
207.0
167.0
178.0
146.0
59.0
58.0
57.0
54.0
53.0
52.0
52.0
52.0
51.0
51.0
51.0
51.0
50.0
51.0
52.0
0.0


50.0
50.0
51.0
51.0
50.0
51.0
51.0
52.0
46.0
72.0
158.0
172.0
184.0
190.0
205.0
225.0
190.0
172.0
182.0
194.0
204.0
205.0
199.0
200.0
157.0
62.0
59.0
57.0
54.0
53.0
52.0
51.0
51.0
52.0
52.0
51.0
50.0
50.0
50.0
49.0
0.0


50.0
51.0
52.0
52.0
50.0
51.0
51.0
52.0
46.0
78.0
142.0
137.0
162.0
189.0
190.0
161.0
177.0
173.0
170.0
178.0
198.0
196.0
196.0
217.0
155.0
61.0
59.0
57.0
54.0
53.0
53.0
52.0
52.0
52.0
51.0
50.0
51.0
51.0
49.0
47.0
0.0


50.0
51.0
51.0
52.0
51.0
51.0
51.0
52.0
47.0
74.0
141.0
134.0
146.0
172.0
176.0
150.0
160.0
168.0
136.0
169.0
196.0
190.0
198.0
241.0
138.0
59.0
60.0
57.0
54.0
52.0
52.0
52.0
51.0
51.0
51.0
51.0
51.0
50.0
49.0
49.0
0.0


50.0
50.0
52.0
52.0
52.0
52.0
52.0
52.0
48.0
70.0
139.0
128.0
131.0
155.0
177.0
170.0
164.0
156.0
125.0
147.0
189.0
202.0
206.0
245.0
126.0
58.0
61.0
57.0
54.0
53.0
52.0
52.0
52.0
51.0
52.0
52.0
50.0
51.0
50.0
50.0
0.0


52.0
51.0
52.0
52.0
52.0
52.0
52.0
53.0
50.0
62.0
135.0
126.0
125.0
143.0
163.0
161.0
166.0
139.0
131.0
143.0
176.0
209.0
208.0
247.0
116.0
58.0
60.0
57.0
54.0
53.0
53.0
52.0
51.0
52.0
51.0
50.0
49.0
50.0
50.0
51.0
0.0


51.0
51.0
52.0
52.0
52.0
53.0
53.0
53.0
53.0
52.0
121.0
135.0
127.0
132.0
140.0
150.0
155.0
131.0
135.0
152.0
176.0
204.0
208.0
247.0
109.0
58.0
61.0
56.0
53.0
52.0
52.0
51.0
50.0
50.0
50.0
50.0
49.0
49.0
50.0
51.0
0.0


52.0
51.0
51.0
52.0
54.0
54.0
53.0
53.0
55.0
50.0
93.0
150.0
130.0
127.0
124.0
141.0
149.0
137.0
150.0
164.0
188.0
212.0
208.0
247.0
91.0
59.0
61.0
57.0
53.0
52.0
51.0
51.0
49.0
49.0
49.0
48.0
48.0
49.0
51.0
51.0
0.0


51.0
52.0
51.0
53.0
54.0
54.0
53.0
55.0
55.0
56.0
65.0
140.0
137.0
128.0
121.0
136.0
156.0
150.0
165.0
179.0
199.0
209.0
222.0
187.0
70.0
62.0
60.0
57.0
53.0
52.0
51.0
51.0
50.0
49.0
49.0
49.0
49.0
51.0
50.0
51.0
0.0


52.0
52.0
51.0
53.0
54.0
54.0
54.0
56.0
56.0
60.0
57.0
97.0
155.0
137.0
135.0
138.0
161.0
166.0
178.0
191.0
207.0
210.0
242.0
157.0
66.0
64.0
60.0
58.0
55.0
53.0
52.0
51.0
51.0
50.0
51.0
51.0
51.0
51.0
51.0
51.0
0.0


52.0
52.0
52.0
52.0
54.0
55.0
54.0
56.0
57.0
61.0
63.0
67.0
132.0
150.0
148.0
150.0
156.0
174.0
192.0
203.0
212.0
214.0
227.0
182.0
73.0
62.0
60.0
58.0
55.0
54.0
53.0
53.0
52.0
51.0
51.0
51.0
51.0
52.0
51.0
51.0
0.0


52.0
51.0
52.0
52.0
53.0
56.0
55.0
56.0
58.0
63.0
66.0
63.0
90.0
179.0
166.0
168.0
173.0
180.0
191.0
202.0
215.0
223.0
214.0
239.0
96.0
61.0
61.0
59.0
55.0
54.0
53.0
53.0
52.0
51.0
51.0
51.0
50.0
51.0
51.0
51.0
0.0


52.0
52.0
52.0
53.0
53.0
55.0
56.0
57.0
59.0
64.0
66.0
69.0
67.0
117.0
208.0
188.0
189.0
188.0
192.0
199.0
213.0
220.0
211.0
244.0
134.0
61.0
62.0
59.0
56.0
55.0
54.0
53.0
53.0
51.0
52.0
52.0
52.0
52.0
51.0
52.0
0.0


52.0
52.0
52.0
53.0
53.0
55.0
56.0
58.0
60.0
65.0
66.0
69.0
72.0
75.0
162.0
201.0
192.0
195.0
192.0
198.0
208.0
215.0
214.0
219.0
185.0
75.0
62.0
62.0
59.0
57.0
57.0
55.0
55.0
55.0
54.0
55.0
54.0
54.0
53.0
53.0
0.0


53.0
52.0
52.0
53.0
54.0
55.0
56.0
58.0
61.0
65.0
67.0
69.0
76.0
73.0
114.0
203.0
183.0
184.0
187.0
186.0
200.0
209.0
213.0
206.0
241.0
102.0
62.0
64.0
61.0
60.0
59.0
58.0
57.0
57.0
57.0
56.0
56.0
56.0
55.0
55.0
0.0


53.0
53.0
53.0
53.0
54.0
55.0
57.0
59.0
61.0
65.0
68.0
70.0
75.0
76.0
91.0
171.0
168.0
173.0
181.0
181.0
185.0
200.0
207.0
205.0
245.0
141.0
64.0
66.0
63.0
61.0
60.0
60.0
58.0
58.0
58.0
58.0
57.0
56.0
56.0
57.0
0.0


0.0
0.0
0.0
0.0
0.0
0.0
0.0
0.0
0.0
0.0
0.0
0.0
0.0
0.0
0.0
0.0
0.0
0.0
0.0
0.0
0.0
0.0
0.0
0.0
0.0
0.0
0.0
0.0
0.0
0.0
0.0
0.0
0.0
0.0
0.0
0.0
0.0
0.0
0.0
0.0
0.0


