49.0
49.0
48.0
47.0
48.0
47.0
48.0
49.0
50.0
50.0
50.0
50.0
50.0
50.0
49.0
54.0
58.0
48.0
50.0
50.0
45.0
75.0
135.0
162.0
75.0
45.0
52.0
51.0
54.0
52.0
48.0
50.0
51.0
50.0
49.0
48.0
48.0
47.0
49.0
49.0
0.0


48.0
49.0
48.0
48.0
48.0
48.0
48.0
47.0
49.0
50.0
50.0
50.0
49.0
51.0
50.0
92.0
134.0
71.0
45.0
51.0
45.0
80.0
149.0
180.0
74.0
45.0
51.0
51.0
50.0
50.0
73.0
61.0
48.0
52.0
49.0
48.0
48.0
48.0
48.0
50.0
0.0


48.0
48.0
48.0
47.0
48.0
49.0
49.0
48.0
49.0
49.0
50.0
50.0
50.0
50.0
51.0
113.0
158.0
96.0
44.0
52.0
46.0
95.0
144.0
189.0
81.0
44.0
51.0
50.0
47.0
72.0
137.0
126.0
53.0
50.0
50.0
47.0
47.0
48.0
49.0
51.0
0.0


48.0
48.0
49.0
48.0
48.0
48.0
48.0
48.0
50.0
50.0
50.0
49.0
50.0
50.0
50.0
115.0
163.0
101.0
45.0
51.0
48.0
104.0
144.0
189.0
86.0
44.0
50.0
50.0
46.0
99.0
150.0
152.0
59.0
49.0
50.0
49.0
48.0
49.0
50.0
52.0
0.0


49.0
48.0
49.0
50.0
49.0
49.0
48.0
48.0
50.0
49.0
49.0
49.0
49.0
48.0
56.0
121.0
152.0
120.0
47.0
50.0
51.0
127.0
156.0
194.0
77.0
45.0
50.0
48.0
53.0
119.0
154.0
145.0
53.0
50.0
50.0
49.0
49.0
50.0
52.0
52.0
0.0


49.0
48.0
48.0
49.0
50.0
48.0
48.0
48.0
49.0
49.0
48.0
49.0
48.0
46.0
59.0
124.0
143.0
138.0
51.0
48.0
58.0
137.0
150.0
193.0
72.0
45.0
51.0
45.0
70.0
133.0
155.0
136.0
48.0
50.0
51.0
50.0
50.0
50.0
51.0
53.0
0.0


48.0
48.0
48.0
48.0
48.0
48.0
49.0
48.0
51.0
47.0
48.0
48.0
48.0
46.0
54.0
130.0
153.0
153.0
55.0
45.0
66.0
148.0
152.0
184.0
66.0
46.0
51.0
45.0
99.0
145.0
171.0
117.0
45.0
51.0
50.0
50.0
51.0
51.0
52.0
53.0
0.0


48.0
48.0
48.0
48.0
48.0
48.0
48.0
49.0
47.0
48.0
48.0
48.0
48.0
47.0
49.0
128.0
156.0
159.0
57.0
42.0
78.0
159.0
158.0
173.0
59.0
49.0
49.0
54.0
128.0
144.0
204.0
87.0
43.0
51.0
50.0
51.0
51.0
51.0
52.0
52.0
0.0


48.0
48.0
48.0
47.0
49.0
45.0
66.0
117.0
69.0
43.0
48.0
47.0
46.0
45.0
48.0
122.0
157.0
165.0
60.0
42.0
97.0
167.0
169.0
157.0
53.0
50.0
45.0
75.0
138.0
149.0
185.0
61.0
46.0
52.0
50.0
50.0
51.0
50.0
52.0
53.0
0.0


48.0
48.0
47.0
47.0
49.0
43.0
74.0
158.0
128.0
46.0
47.0
46.0
45.0
45.0
47.0
122.0
153.0
175.0
65.0
44.0
126.0
179.0
179.0
154.0
51.0
50.0
51.0
108.0
141.0
169.0
150.0
50.0
50.0
50.0
50.0
50.0
50.0
51.0
52.0
52.0
0.0


48.0
48.0
47.0
48.0
48.0
46.0
56.0
143.0
177.0
77.0
41.0
48.0
46.0
45.0
51.0
127.0
149.0
188.0
73.0
46.0
140.0
158.0
184.0
141.0
50.0
47.0
73.0
147.0
148.0
197.0
121.0
46.0
52.0
50.0
50.0
51.0
50.0
50.0
51.0
51.0
0.0


48.0
48.0
47.0
48.0
49.0
48.0
45.0
123.0
175.0
139.0
47.0
46.0
46.0
45.0
54.0
139.0
160.0
217.0
88.0
49.0
138.0
132.0
183.0
115.0
46.0
50.0
106.0
164.0
161.0
226.0
92.0
45.0
53.0
50.0
50.0
50.0
50.0
50.0
52.0
52.0
0.0


49.0
49.0
48.0
47.0
48.0
50.0
42.0
91.0
176.0
192.0
82.0
41.0
48.0
45.0
52.0
137.0
150.0
196.0
102.0
54.0
146.0
139.0
194.0
100.0
44.0
65.0
125.0
140.0
168.0
195.0
61.0
49.0
52.0
51.0
50.0
50.0
50.0
51.0
51.0
51.0
0.0


49.0
49.0
48.0
48.0
48.0
48.0
46.0
54.0
155.0
170.0
139.0
49.0
46.0
46.0
50.0
123.0
137.0
177.0
108.0
60.0
155.0
148.0
198.0
87.0
45.0
90.0
134.0
139.0
199.0
118.0
45.0
55.0
52.0
51.0
50.0
51.0
51.0
51.0
51.0
51.0
0.0


49.0
48.0
48.0
47.0
47.0
46.0
49.0
41.0
97.0
171.0
170.0
99.0
42.0
48.0
45.0
116.0
143.0
184.0
109.0
62.0
171.0
164.0
187.0
70.0
52.0
116.0
140.0
156.0
209.0
71.0
48.0
54.0
52.0
52.0
50.0
51.0
51.0
52.0
52.0
52.0
0.0


49.0
48.0
48.0
48.0
48.0
47.0
47.0
44.0
60.0
162.0
161.0
177.0
59.0
45.0
43.0
104.0
152.0
169.0
111.0
79.0
177.0
172.0
168.0
56.0
68.0
146.0
147.0
178.0
149.0
50.0
54.0
53.0
52.0
52.0
51.0
51.0
51.0
51.0
52.0
52.0
0.0


49.0
48.0
48.0
47.0
48.0
47.0
46.0
48.0
44.0
118.0
179.0
171.0
105.0
44.0
43.0
97.0
128.0
127.0
130.0
113.0
154.0
146.0
124.0
68.0
114.0
159.0
156.0
214.0
94.0
47.0
55.0
53.0
52.0
51.0
51.0
51.0
51.0
51.0
52.0
52.0
0.0


49.0
49.0
48.0
48.0
48.0
47.0
46.0
48.0
45.0
65.0
156.0
139.0
154.0
71.0
40.0
100.0
136.0
140.0
149.0
136.0
125.0
117.0
97.0
100.0
118.0
127.0
159.0
188.0
63.0
51.0
55.0
53.0
53.0
51.0
50.0
51.0
51.0
51.0
51.0
52.0
0.0


48.0
49.0
49.0
49.0
48.0
48.0
48.0
48.0
50.0
45.0
116.0
145.0
144.0
119.0
55.0
94.0
148.0
163.0
158.0
178.0
136.0
118.0
108.0
111.0
123.0
130.0
161.0
154.0
55.0
56.0
55.0
54.0
53.0
52.0
51.0
51.0
50.0
50.0
51.0
51.0
0.0


48.0
49.0
49.0
49.0
48.0
48.0
48.0
48.0
50.0
43.0
78.0
155.0
134.0
133.0
94.0
97.0
145.0
161.0
169.0
194.0
196.0
129.0
113.0
132.0
133.0
135.0
194.0
137.0
52.0
57.0
55.0
54.0
52.0
51.0
51.0
51.0
51.0
50.0
51.0
51.0
0.0


49.0
49.0
49.0
49.0
49.0
48.0
48.0
49.0
49.0
47.0
54.0
135.0
138.0
112.0
94.0
114.0
143.0
157.0
177.0
181.0
196.0
187.0
131.0
138.0
127.0
136.0
201.0
113.0
55.0
62.0
55.0
54.0
53.0
52.0
51.0
51.0
51.0
51.0
51.0
51.0
0.0


49.0
49.0
49.0
50.0
49.0
48.0
49.0
49.0
49.0
50.0
47.0
107.0
127.0
108.0
112.0
132.0
147.0
153.0
174.0
189.0
192.0
209.0
183.0
127.0
125.0
144.0
201.0
93.0
52.0
59.0
56.0
54.0
52.0
53.0
51.0
51.0
51.0
51.0
52.0
52.0
0.0


49.0
49.0
49.0
50.0
50.0
49.0
50.0
50.0
50.0
51.0
47.0
88.0
131.0
113.0
117.0
132.0
143.0
159.0
168.0
181.0
187.0
192.0
220.0
138.0
112.0
152.0
182.0
88.0
53.0
58.0
56.0
54.0
53.0
52.0
51.0
51.0
52.0
52.0
52.0
51.0
0.0


49.0
50.0
49.0
50.0
50.0
50.0
50.0
51.0
50.0
52.0
48.0
72.0
139.0
121.0
126.0
134.0
151.0
166.0
159.0
168.0
185.0
187.0
196.0
194.0
170.0
159.0
189.0
93.0
55.0
58.0
55.0
55.0
53.0
52.0
52.0
52.0
52.0
52.0
52.0
51.0
0.0


50.0
50.0
50.0
51.0
50.0
50.0
51.0
51.0
51.0
51.0
52.0
58.0
127.0
136.0
136.0
138.0
149.0
158.0
175.0
158.0
161.0
182.0
183.0
189.0
191.0
162.0
192.0
107.0
56.0
59.0
56.0
55.0
53.0
52.0
52.0
52.0
52.0
53.0
51.0
51.0
0.0


50.0
51.0
51.0
50.0
51.0
51.0
51.0
52.0
53.0
53.0
52.0
53.0
117.0
137.0
122.0
126.0
146.0
164.0
175.0
153.0
149.0
165.0
177.0
182.0
187.0
178.0
202.0
117.0
57.0
58.0
55.0
54.0
53.0
52.0
53.0
53.0
52.0
52.0
52.0
51.0
0.0


51.0
51.0
50.0
51.0
52.0
51.0
52.0
53.0
54.0
54.0
54.0
51.0
105.0
131.0
121.0
126.0
144.0
158.0
159.0
143.0
122.0
142.0
167.0
178.0
179.0
180.0
228.0
120.0
56.0
60.0
56.0
54.0
53.0
53.0
51.0
52.0
52.0
52.0
51.0
49.0
0.0


51.0
51.0
51.0
52.0
52.0
52.0
53.0
55.0
55.0
56.0
56.0
51.0
100.0
136.0
122.0
121.0
135.0
151.0
147.0
133.0
99.0
116.0
165.0
174.0
169.0
178.0
241.0
110.0
55.0
59.0
56.0
54.0
53.0
53.0
52.0
52.0
53.0
52.0
51.0
50.0
0.0


52.0
51.0
52.0
52.0
52.0
53.0
56.0
55.0
56.0
56.0
58.0
52.0
93.0
140.0
119.0
114.0
129.0
146.0
128.0
123.0
107.0
113.0
150.0
181.0
183.0
195.0
244.0
100.0
56.0
60.0
56.0
54.0
53.0
53.0
52.0
52.0
52.0
52.0
52.0
50.0
0.0


52.0
52.0
52.0
53.0
53.0
54.0
56.0
56.0
57.0
57.0
58.0
53.0
82.0
149.0
121.0
117.0
129.0
133.0
117.0
127.0
117.0
130.0
141.0
172.0
207.0
207.0
242.0
93.0
57.0
60.0
56.0
54.0
53.0
52.0
52.0
52.0
51.0
51.0
50.0
50.0
0.0


53.0
53.0
52.0
53.0
53.0
54.0
57.0
57.0
58.0
58.0
59.0
56.0
69.0
147.0
131.0
126.0
127.0
121.0
123.0
130.0
125.0
136.0
151.0
172.0
202.0
210.0
223.0
84.0
59.0
60.0
56.0
54.0
53.0
52.0
51.0
50.0
50.0
49.0
49.0
50.0
0.0


53.0
53.0
52.0
53.0
55.0
55.0
56.0
57.0
58.0
59.0
60.0
61.0
58.0
125.0
148.0
138.0
126.0
113.0
122.0
132.0
136.0
145.0
159.0
186.0
208.0
212.0
198.0
75.0
60.0
59.0
56.0
53.0
52.0
51.0
50.0
49.0
49.0
49.0
50.0
51.0
0.0


52.0
53.0
53.0
53.0
54.0
55.0
57.0
58.0
59.0
60.0
61.0
62.0
57.0
91.0
162.0
143.0
130.0
112.0
129.0
144.0
150.0
164.0
178.0
198.0
208.0
235.0
158.0
63.0
64.0
59.0
56.0
53.0
53.0
52.0
51.0
51.0
50.0
50.0
51.0
51.0
0.0


53.0
53.0
53.0
54.0
54.0
55.0
57.0
58.0
59.0
60.0
63.0
63.0
63.0
69.0
141.0
149.0
144.0
131.0
143.0
156.0
163.0
178.0
194.0
211.0
208.0
251.0
114.0
61.0
65.0
59.0
57.0
55.0
55.0
54.0
53.0
52.0
52.0
52.0
52.0
52.0
0.0


53.0
53.0
54.0
54.0
53.0
55.0
57.0
59.0
59.0
61.0
63.0
64.0
66.0
64.0
109.0
157.0
150.0
156.0
158.0
158.0
176.0
194.0
205.0
216.0
210.0
248.0
97.0
62.0
65.0
60.0
57.0
56.0
55.0
54.0
53.0
53.0
54.0
52.0
52.0
52.0
0.0


53.0
53.0
54.0
54.0
55.0
55.0
56.0
57.0
59.0
61.0
63.0
64.0
67.0
67.0
81.0
163.0
167.0
171.0
167.0
168.0
182.0
201.0
209.0
218.0
214.0
252.0
121.0
62.0
65.0
61.0
58.0
56.0
55.0
55.0
54.0
53.0
53.0
52.0
53.0
53.0
0.0


53.0
53.0
54.0
55.0
55.0
55.0
56.0
58.0
59.0
59.0
63.0
65.0
66.0
70.0
68.0
117.0
209.0
193.0
189.0
187.0
190.0
196.0
207.0
220.0
218.0
244.0
162.0
67.0
63.0
60.0
59.0
57.0
56.0
55.0
54.0
54.0
53.0
54.0
55.0
54.0
0.0


54.0
54.0
54.0
55.0
55.0
55.0
56.0
58.0
59.0
60.0
63.0
66.0
68.0
70.0
73.0
74.0
155.0
211.0
198.0
199.0
199.0
200.0
211.0
217.0
218.0
217.0
214.0
85.0
60.0
61.0
59.0
57.0
56.0
56.0
55.0
54.0
54.0
54.0
54.0
54.0
0.0


54.0
54.0
55.0
55.0
55.0
56.0
56.0
57.0
59.0
59.0
63.0
67.0
67.0
71.0
75.0
72.0
105.0
207.0
192.0
189.0
191.0
194.0
200.0
211.0
215.0
208.0
244.0
115.0
61.0
62.0
59.0
58.0
57.0
56.0
55.0
55.0
54.0
55.0
54.0
53.0
0.0


54.0
55.0
55.0
55.0
55.0
56.0
56.0
58.0
59.0
60.0
64.0
66.0
69.0
71.0
75.0
76.0
88.0
170.0
178.0
174.0
183.0
186.0
189.0
202.0
210.0
208.0
242.0
160.0
67.0
65.0
62.0
60.0
59.0
56.0
56.0
56.0
56.0
55.0
54.0
53.0
0.0


0.0
0.0
0.0
0.0
0.0
0.0
0.0
0.0
0.0
0.0
0.0
0.0
0.0
0.0
0.0
0.0
0.0
0.0
0.0
0.0
0.0
0.0
0.0
0.0
0.0
0.0
0.0
0.0
0.0
0.0
0.0
0.0
0.0
0.0
0.0
0.0
0.0
0.0
0.0
0.0
0.0


