49.0
50.0
50.0
50.0
50.0
50.0
50.0
50.0
50.0
51.0
52.0
53.0
53.0
54.0
54.0
54.0
56.0
57.0
50.0
49.0
54.0
53.0
53.0
53.0
54.0
54.0
55.0
54.0
56.0
57.0
0.0


50.0
50.0
51.0
50.0
50.0
49.0
50.0
52.0
52.0
51.0
52.0
53.0
53.0
54.0
54.0
54.0
56.0
52.0
63.0
84.0
53.0
53.0
53.0
52.0
53.0
51.0
51.0
51.0
51.0
55.0
0.0


50.0
50.0
51.0
51.0
50.0
49.0
50.0
52.0
52.0
52.0
52.0
53.0
54.0
54.0
54.0
54.0
55.0
49.0
83.0
181.0
64.0
50.0
54.0
53.0
53.0
51.0
49.0
50.0
51.0
55.0
0.0


50.0
50.0
51.0
52.0
51.0
50.0
50.0
51.0
51.0
52.0
53.0
53.0
53.0
54.0
55.0
54.0
55.0
50.0
88.0
168.0
74.0
48.0
54.0
52.0
52.0
51.0
49.0
50.0
52.0
55.0
0.0


50.0
50.0
51.0
51.0
51.0
51.0
51.0
51.0
52.0
52.0
53.0
53.0
53.0
54.0
54.0
54.0
54.0
50.0
98.0
179.0
77.0
47.0
53.0
51.0
52.0
52.0
51.0
51.0
53.0
55.0
0.0


50.0
50.0
51.0
51.0
52.0
52.0
50.0
51.0
51.0
52.0
52.0
53.0
53.0
53.0
53.0
54.0
54.0
53.0
114.0
181.0
73.0
48.0
52.0
51.0
52.0
53.0
52.0
53.0
54.0
55.0
0.0


50.0
51.0
50.0
51.0
51.0
52.0
51.0
51.0
52.0
52.0
51.0
52.0
52.0
53.0
52.0
52.0
50.0
57.0
129.0
175.0
68.0
49.0
52.0
51.0
52.0
53.0
54.0
54.0
54.0
54.0
0.0


51.0
51.0
50.0
51.0
51.0
51.0
52.0
52.0
50.0
50.0
50.0
50.0
51.0
52.0
51.0
52.0
46.0
73.0
169.0
168.0
63.0
51.0
52.0
51.0
52.0
53.0
53.0
52.0
53.0
53.0
0.0


51.0
50.0
50.0
50.0
50.0
51.0
51.0
51.0
50.0
50.0
50.0
50.0
51.0
52.0
52.0
53.0
48.0
80.0
153.0
140.0
56.0
53.0
52.0
52.0
52.0
51.0
51.0
52.0
52.0
52.0
0.0


50.0
50.0
50.0
50.0
50.0
51.0
51.0
51.0
52.0
51.0
51.0
51.0
53.0
53.0
53.0
53.0
51.0
84.0
148.0
120.0
51.0
55.0
52.0
52.0
51.0
52.0
52.0
53.0
53.0
52.0
0.0


50.0
50.0
50.0
50.0
50.0
50.0
52.0
52.0
52.0
51.0
51.0
49.0
46.0
48.0
49.0
50.0
48.0
98.0
178.0
104.0
51.0
55.0
52.0
51.0
51.0
52.0
52.0
52.0
53.0
52.0
0.0


50.0
50.0
50.0
50.0
49.0
51.0
51.0
52.0
52.0
52.0
49.0
57.0
117.0
72.0
69.0
147.0
93.0
113.0
193.0
88.0
52.0
55.0
52.0
51.0
51.0
51.0
51.0
52.0
52.0
53.0
0.0


50.0
50.0
50.0
49.0
49.0
50.0
50.0
51.0
51.0
51.0
43.0
91.0
203.0
151.0
152.0
192.0
133.0
128.0
153.0
84.0
51.0
54.0
52.0
51.0
51.0
51.0
51.0
51.0
53.0
53.0
0.0


50.0
50.0
50.0
50.0
49.0
50.0
49.0
51.0
49.0
53.0
108.0
154.0
146.0
150.0
173.0
146.0
151.0
169.0
162.0
86.0
52.0
55.0
51.0
50.0
50.0
49.0
50.0
50.0
52.0
53.0
0.0


50.0
50.0
50.0
50.0
49.0
49.0
49.0
51.0
45.0
82.0
185.0
153.0
161.0
144.0
162.0
153.0
166.0
198.0
229.0
84.0
53.0
55.0
50.0
49.0
48.0
48.0
49.0
50.0
52.0
52.0
0.0


50.0
50.0
50.0
49.0
49.0
49.0
49.0
50.0
45.0
112.0
184.0
136.0
153.0
162.0
168.0
173.0
172.0
192.0
247.0
93.0
53.0
57.0
51.0
50.0
49.0
50.0
50.0
50.0
52.0
53.0
0.0


50.0
50.0
50.0
49.0
49.0
49.0
49.0
49.0
50.0
135.0
212.0
177.0
168.0
202.0
213.0
191.0
184.0
188.0
255.0
118.0
50.0
56.0
51.0
51.0
50.0
50.0
51.0
51.0
52.0
53.0
0.0


50.0
50.0
50.0
50.0
49.0
49.0
49.0
49.0
48.0
120.0
185.0
207.0
213.0
205.0
201.0
182.0
199.0
190.0
215.0
190.0
68.0
51.0
52.0
52.0
51.0
51.0
52.0
52.0
52.0
53.0
0.0


51.0
50.0
50.0
49.0
49.0
49.0
49.0
50.0
44.0
87.0
149.0
156.0
198.0
197.0
197.0
181.0
152.0
180.0
186.0
255.0
109.0
47.0
53.0
51.0
51.0
51.0
52.0
51.0
52.0
50.0
0.0


50.0
50.0
50.0
50.0
50.0
50.0
50.0
50.0
45.0
77.0
131.0
126.0
161.0
184.0
187.0
168.0
142.0
174.0
185.0
244.0
96.0
48.0
54.0
52.0
51.0
51.0
51.0
52.0
50.0
48.0
0.0


51.0
51.0
50.0
50.0
50.0
50.0
51.0
52.0
46.0
75.0
136.0
113.0
130.0
149.0
146.0
127.0
144.0
162.0
185.0
215.0
70.0
52.0
54.0
51.0
51.0
50.0
52.0
51.0
50.0
50.0
0.0


51.0
51.0
51.0
50.0
51.0
51.0
51.0
52.0
48.0
64.0
138.0
119.0
118.0
117.0
120.0
117.0
135.0
155.0
213.0
160.0
59.0
58.0
54.0
53.0
52.0
51.0
51.0
50.0
52.0
53.0
0.0


51.0
52.0
52.0
51.0
51.0
52.0
52.0
52.0
52.0
51.0
119.0
143.0
118.0
108.0
125.0
136.0
154.0
176.0
246.0
117.0
59.0
61.0
56.0
54.0
52.0
51.0
50.0
51.0
53.0
54.0
0.0


53.0
53.0
52.0
51.0
51.0
52.0
52.0
52.0
54.0
52.0
81.0
155.0
130.0
128.0
140.0
162.0
185.0
210.0
203.0
81.0
63.0
61.0
57.0
54.0
53.0
52.0
51.0
52.0
55.0
55.0
0.0


53.0
52.0
52.0
52.0
51.0
52.0
53.0
54.0
55.0
61.0
61.0
120.0
160.0
152.0
161.0
171.0
194.0
225.0
200.0
81.0
64.0
62.0
59.0
57.0
56.0
55.0
55.0
56.0
57.0
58.0
0.0


52.0
52.0
52.0
52.0
51.0
52.0
52.0
54.0
57.0
64.0
63.0
80.0
175.0
193.0
192.0
191.0
197.0
207.0
248.0
105.0
63.0
65.0
60.0
59.0
58.0
57.0
57.0
58.0
58.0
58.0
0.0


52.0
52.0
52.0
52.0
52.0
52.0
52.0
55.0
59.0
64.0
68.0
67.0
120.0
212.0
192.0
192.0
190.0
198.0
244.0
141.0
65.0
65.0
61.0
60.0
58.0
57.0
57.0
58.0
58.0
58.0
0.0


53.0
52.0
53.0
53.0
52.0
52.0
54.0
56.0
59.0
65.0
70.0
69.0
95.0
180.0
174.0
179.0
178.0
186.0
215.0
192.0
76.0
62.0
62.0
59.0
58.0
56.0
57.0
57.0
57.0
58.0
0.0


53.0
52.0
53.0
53.0
53.0
53.0
55.0
56.0
59.0
65.0
70.0
70.0
87.0
160.0
164.0
167.0
170.0
178.0
194.0
243.0
101.0
59.0
63.0
60.0
57.0
56.0
56.0
57.0
56.0
59.0
0.0


53.0
52.0
53.0
53.0
53.0
54.0
56.0
57.0
59.0
64.0
68.0
72.0
80.0
149.0
164.0
161.0
164.0
171.0
188.0
241.0
142.0
63.0
64.0
63.0
58.0
56.0
56.0
56.0
57.0
59.0
0.0


0.0
0.0
0.0
0.0
0.0
0.0
0.0
0.0
0.0
0.0
0.0
0.0
0.0
0.0
0.0
0.0
0.0
0.0
0.0
0.0
0.0
0.0
0.0
0.0
0.0
0.0
0.0
0.0
0.0
0.0
0.0


