48.0
49.0
48.0
47.0
48.0
47.0
49.0
49.0
50.0
50.0
50.0
50.0
50.0
50.0
50.0
50.0
50.0
50.0
50.0
50.0
51.0
50.0
46.0
49.0
51.0
49.0
50.0
50.0
51.0
50.0
50.0
60.0
51.0
49.0
51.0
51.0
52.0
51.0
51.0
51.0
53.0
54.0
52.0
52.0
52.0
52.0
52.0
52.0
53.0
52.0
52.0
51.0
50.0
51.0
51.0
51.0
51.0
51.0
52.0
52.0
0.0


47.0
48.0
49.0
47.0
46.0
48.0
49.0
49.0
51.0
51.0
50.0
50.0
49.0
50.0
51.0
50.0
50.0
50.0
50.0
51.0
49.0
56.0
73.0
57.0
45.0
50.0
49.0
49.0
51.0
50.0
53.0
59.0
48.0
49.0
51.0
49.0
50.0
51.0
51.0
51.0
52.0
54.0
55.0
52.0
52.0
52.0
52.0
52.0
52.0
51.0
51.0
52.0
50.0
48.0
50.0
50.0
50.0
50.0
51.0
52.0
0.0


48.0
48.0
48.0
48.0
46.0
47.0
48.0
48.0
50.0
51.0
51.0
50.0
50.0
50.0
50.0
50.0
50.0
50.0
51.0
50.0
50.0
92.0
116.0
126.0
76.0
46.0
50.0
49.0
50.0
50.0
51.0
53.0
48.0
50.0
50.0
50.0
50.0
50.0
51.0
51.0
52.0
54.0
57.0
47.0
54.0
52.0
51.0
51.0
51.0
51.0
51.0
52.0
48.0
50.0
50.0
48.0
48.0
48.0
50.0
50.0
0.0


48.0
49.0
49.0
49.0
47.0
47.0
49.0
49.0
49.0
51.0
51.0
50.0
50.0
50.0
50.0
50.0
50.0
50.0
52.0
47.0
61.0
120.0
107.0
135.0
147.0
52.0
48.0
51.0
49.0
50.0
50.0
50.0
48.0
50.0
49.0
49.0
50.0
50.0
49.0
51.0
51.0
56.0
79.0
69.0
49.0
51.0
51.0
50.0
51.0
51.0
51.0
51.0
48.0
49.0
48.0
47.0
48.0
48.0
50.0
49.0
0.0


48.0
49.0
49.0
50.0
49.0
48.0
50.0
49.0
49.0
51.0
50.0
50.0
50.0
51.0
52.0
50.0
51.0
50.0
51.0
46.0
57.0
140.0
132.0
131.0
174.0
74.0
44.0
52.0
49.0
50.0
51.0
51.0
49.0
50.0
51.0
50.0
50.0
49.0
51.0
51.0
51.0
93.0
122.0
141.0
80.0
48.0
53.0
51.0
51.0
51.0
52.0
51.0
48.0
48.0
48.0
48.0
47.0
48.0
50.0
50.0
0.0


48.0
49.0
50.0
49.0
49.0
47.0
48.0
48.0
49.0
50.0
50.0
50.0
50.0
51.0
51.0
51.0
50.0
51.0
50.0
50.0
48.0
116.0
149.0
136.0
176.0
107.0
42.0
52.0
50.0
51.0
52.0
50.0
49.0
50.0
51.0
50.0
50.0
49.0
51.0
48.0
61.0
126.0
116.0
145.0
131.0
50.0
52.0
52.0
51.0
51.0
52.0
51.0
48.0
48.0
48.0
48.0
48.0
49.0
50.0
50.0
0.0


49.0
48.0
49.0
50.0
50.0
48.0
48.0
49.0
50.0
49.0
49.0
49.0
51.0
51.0
50.0
51.0
50.0
50.0
50.0
52.0
45.0
95.0
153.0
136.0
157.0
154.0
55.0
47.0
51.0
51.0
50.0
50.0
50.0
51.0
50.0
50.0
50.0
49.0
52.0
46.0
70.0
141.0
131.0
157.0
136.0
50.0
53.0
52.0
51.0
51.0
50.0
51.0
48.0
48.0
48.0
48.0
49.0
50.0
50.0
51.0
0.0


48.0
49.0
50.0
49.0
48.0
48.0
48.0
50.0
50.0
50.0
50.0
50.0
50.0
50.0
50.0
50.0
51.0
50.0
51.0
51.0
44.0
88.0
150.0
131.0
145.0
175.0
90.0
43.0
52.0
50.0
50.0
49.0
49.0
50.0
50.0
48.0
50.0
51.0
53.0
44.0
82.0
144.0
132.0
165.0
133.0
48.0
53.0
51.0
51.0
50.0
51.0
51.0
49.0
48.0
48.0
49.0
49.0
50.0
51.0
51.0
0.0


50.0
51.0
50.0
49.0
48.0
49.0
48.0
49.0
49.0
49.0
50.0
50.0
50.0
50.0
50.0
50.0
50.0
50.0
50.0
51.0
43.0
75.0
149.0
131.0
144.0
169.0
118.0
45.0
50.0
50.0
50.0
49.0
48.0
50.0
51.0
51.0
51.0
51.0
52.0
49.0
102.0
131.0
136.0
169.0
133.0
47.0
52.0
51.0
50.0
49.0
51.0
51.0
49.0
49.0
48.0
49.0
49.0
51.0
51.0
52.0
0.0


50.0
50.0
50.0
49.0
49.0
49.0
49.0
49.0
49.0
50.0
50.0
50.0
49.0
49.0
50.0
50.0
50.0
50.0
50.0
52.0
45.0
63.0
141.0
134.0
143.0
166.0
147.0
53.0
47.0
51.0
48.0
49.0
48.0
50.0
51.0
52.0
52.0
50.0
49.0
58.0
122.0
125.0
137.0
166.0
132.0
46.0
53.0
51.0
50.0
51.0
51.0
50.0
49.0
49.0
49.0
49.0
49.0
51.0
52.0
53.0
0.0


49.0
50.0
49.0
49.0
49.0
48.0
49.0
48.0
49.0
49.0
51.0
51.0
49.0
50.0
50.0
49.0
50.0
51.0
50.0
50.0
46.0
55.0
134.0
150.0
149.0
165.0
172.0
67.0
44.0
51.0
48.0
48.0
48.0
50.0
51.0
49.0
50.0
53.0
46.0
72.0
128.0
129.0
139.0
173.0
124.0
45.0
53.0
50.0
50.0
51.0
51.0
50.0
50.0
50.0
50.0
50.0
50.0
50.0
52.0
52.0
0.0


48.0
50.0
50.0
50.0
49.0
48.0
48.0
48.0
48.0
49.0
50.0
48.0
50.0
49.0
50.0
50.0
49.0
49.0
50.0
50.0
48.0
49.0
121.0
157.0
143.0
149.0
186.0
89.0
44.0
52.0
48.0
49.0
48.0
50.0
52.0
51.0
50.0
52.0
45.0
96.0
142.0
139.0
141.0
192.0
107.0
44.0
54.0
49.0
50.0
50.0
50.0
51.0
51.0
50.0
50.0
50.0
51.0
51.0
52.0
52.0
0.0


49.0
49.0
50.0
50.0
48.0
48.0
48.0
49.0
48.0
51.0
50.0
47.0
50.0
49.0
49.0
49.0
48.0
49.0
49.0
50.0
49.0
46.0
105.0
155.0
140.0
147.0
181.0
115.0
43.0
49.0
49.0
47.0
49.0
50.0
50.0
51.0
51.0
49.0
50.0
118.0
140.0
146.0
154.0
213.0
84.0
44.0
54.0
50.0
50.0
50.0
51.0
51.0
51.0
52.0
51.0
51.0
52.0
52.0
52.0
52.0
0.0


48.0
48.0
48.0
50.0
49.0
48.0
49.0
50.0
48.0
51.0
50.0
49.0
49.0
50.0
50.0
49.0
49.0
50.0
49.0
49.0
50.0
44.0
92.0
156.0
141.0
149.0
171.0
139.0
47.0
46.0
51.0
47.0
48.0
50.0
50.0
50.0
52.0
45.0
64.0
131.0
132.0
145.0
161.0
195.0
65.0
48.0
52.0
50.0
51.0
51.0
51.0
50.0
51.0
51.0
51.0
51.0
51.0
52.0
52.0
52.0
0.0


49.0
49.0
49.0
50.0
50.0
49.0
50.0
50.0
50.0
51.0
50.0
49.0
49.0
50.0
50.0
49.0
49.0
49.0
48.0
48.0
52.0
43.0
79.0
155.0
144.0
152.0
164.0
165.0
61.0
43.0
49.0
47.0
47.0
51.0
50.0
49.0
51.0
44.0
83.0
136.0
136.0
148.0
178.0
161.0
53.0
52.0
51.0
51.0
50.0
51.0
51.0
50.0
52.0
52.0
50.0
52.0
52.0
52.0
53.0
53.0
0.0


49.0
49.0
50.0
50.0
50.0
51.0
51.0
50.0
51.0
51.0
49.0
49.0
49.0
49.0
50.0
50.0
49.0
49.0
49.0
48.0
50.0
45.0
71.0
148.0
146.0
150.0
158.0
193.0
77.0
41.0
49.0
47.0
48.0
49.0
49.0
51.0
50.0
48.0
105.0
136.0
138.0
147.0
196.0
132.0
45.0
51.0
50.0
50.0
50.0
50.0
51.0
51.0
51.0
53.0
51.0
51.0
52.0
52.0
52.0
52.0
0.0


49.0
49.0
50.0
50.0
50.0
51.0
51.0
51.0
52.0
50.0
49.0
49.0
49.0
49.0
49.0
48.0
47.0
48.0
49.0
47.0
49.0
44.0
63.0
143.0
150.0
155.0
156.0
201.0
93.0
41.0
49.0
48.0
47.0
48.0
48.0
52.0
46.0
63.0
129.0
138.0
145.0
151.0
218.0
111.0
45.0
52.0
51.0
51.0
51.0
52.0
51.0
50.0
50.0
51.0
51.0
51.0
51.0
51.0
52.0
53.0
0.0


48.0
49.0
49.0
49.0
49.0
50.0
51.0
50.0
50.0
49.0
47.0
48.0
49.0
48.0
48.0
47.0
48.0
48.0
47.0
48.0
49.0
44.0
57.0
133.0
151.0
159.0
158.0
191.0
123.0
44.0
49.0
48.0
47.0
48.0
50.0
51.0
45.0
87.0
138.0
140.0
154.0
158.0
230.0
91.0
44.0
53.0
51.0
51.0
51.0
52.0
51.0
50.0
50.0
51.0
49.0
51.0
51.0
54.0
54.0
53.0
0.0


48.0
48.0
49.0
49.0
49.0
50.0
51.0
50.0
49.0
49.0
48.0
49.0
49.0
48.0
48.0
47.0
48.0
48.0
48.0
48.0
50.0
45.0
56.0
126.0
149.0
164.0
167.0
176.0
162.0
53.0
48.0
48.0
47.0
48.0
50.0
49.0
51.0
120.0
161.0
155.0
154.0
166.0
230.0
78.0
46.0
52.0
51.0
51.0
50.0
51.0
51.0
50.0
50.0
50.0
51.0
51.0
50.0
52.0
53.0
52.0
0.0


49.0
48.0
49.0
49.0
50.0
50.0
50.0
50.0
49.0
49.0
49.0
50.0
49.0
48.0
48.0
49.0
49.0
49.0
48.0
48.0
52.0
46.0
53.0
124.0
157.0
161.0
166.0
172.0
204.0
68.0
45.0
49.0
47.0
48.0
51.0
46.0
64.0
151.0
159.0
159.0
160.0
180.0
191.0
64.0
47.0
52.0
51.0
51.0
51.0
52.0
50.0
49.0
50.0
51.0
49.0
49.0
50.0
52.0
51.0
52.0
0.0


48.0
49.0
49.0
50.0
49.0
49.0
50.0
49.0
49.0
50.0
48.0
48.0
49.0
48.0
48.0
49.0
50.0
49.0
49.0
50.0
51.0
50.0
51.0
120.0
162.0
157.0
167.0
159.0
203.0
86.0
43.0
51.0
47.0
48.0
49.0
46.0
88.0
141.0
140.0
147.0
162.0
226.0
152.0
51.0
49.0
53.0
53.0
51.0
52.0
52.0
50.0
48.0
49.0
51.0
50.0
50.0
51.0
52.0
52.0
52.0
0.0


48.0
49.0
49.0
50.0
49.0
50.0
50.0
50.0
50.0
50.0
49.0
49.0
49.0
50.0
49.0
50.0
50.0
49.0
50.0
51.0
51.0
50.0
47.0
109.0
147.0
147.0
155.0
148.0
198.0
99.0
43.0
52.0
48.0
47.0
47.0
51.0
109.0
125.0
124.0
138.0
160.0
234.0
103.0
44.0
55.0
52.0
52.0
52.0
52.0
51.0
50.0
49.0
50.0
50.0
50.0
51.0
51.0
51.0
53.0
51.0
0.0


49.0
49.0
49.0
49.0
49.0
49.0
49.0
50.0
51.0
51.0
50.0
49.0
49.0
50.0
50.0
49.0
49.0
49.0
50.0
50.0
52.0
54.0
45.0
93.0
152.0
144.0
156.0
157.0
197.0
112.0
44.0
52.0
47.0
48.0
45.0
68.0
126.0
120.0
129.0
147.0
176.0
189.0
68.0
46.0
56.0
53.0
52.0
51.0
51.0
51.0
50.0
50.0
51.0
51.0
50.0
50.0
51.0
51.0
52.0
52.0
0.0


49.0
49.0
49.0
49.0
49.0
50.0
50.0
51.0
51.0
52.0
51.0
51.0
50.0
49.0
51.0
49.0
49.0
50.0
51.0
53.0
49.0
47.0
37.0
70.0
157.0
153.0
163.0
164.0
194.0
126.0
45.0
49.0
47.0
51.0
45.0
94.0
132.0
123.0
141.0
155.0
206.0
139.0
47.0
51.0
54.0
52.0
52.0
52.0
51.0
50.0
50.0
50.0
50.0
50.0
50.0
51.0
50.0
51.0
52.0
52.0
0.0


49.0
49.0
49.0
49.0
50.0
50.0
50.0
50.0
50.0
50.0
51.0
51.0
50.0
50.0
50.0
49.0
51.0
51.0
52.0
45.0
51.0
76.0
64.0
46.0
140.0
168.0
167.0
168.0
189.0
142.0
47.0
49.0
49.0
49.0
52.0
117.0
128.0
133.0
150.0
161.0
222.0
102.0
43.0
55.0
52.0
52.0
52.0
53.0
52.0
50.0
50.0
51.0
50.0
51.0
50.0
51.0
51.0
52.0
51.0
52.0
0.0


49.0
48.0
49.0
49.0
49.0
48.0
50.0
49.0
50.0
52.0
51.0
51.0
50.0
50.0
52.0
51.0
48.0
53.0
46.0
60.0
135.0
162.0
183.0
101.0
112.0
176.0
168.0
173.0
186.0
161.0
55.0
49.0
51.0
45.0
67.0
135.0
132.0
142.0
150.0
171.0
199.0
71.0
46.0
55.0
52.0
52.0
51.0
51.0
52.0
50.0
50.0
50.0
51.0
51.0
52.0
50.0
52.0
51.0
51.0
51.0
0.0


49.0
48.0
49.0
48.0
48.0
49.0
49.0
49.0
50.0
51.0
51.0
50.0
50.0
51.0
51.0
50.0
50.0
52.0
48.0
118.0
170.0
148.0
160.0
183.0
132.0
167.0
194.0
190.0
190.0
189.0
63.0
49.0
54.0
42.0
92.0
155.0
140.0
146.0
154.0
195.0
153.0
50.0
53.0
54.0
54.0
53.0
51.0
51.0
51.0
50.0
51.0
51.0
50.0
52.0
52.0
51.0
51.0
52.0
52.0
52.0
0.0


48.0
48.0
48.0
48.0
48.0
49.0
49.0
49.0
50.0
50.0
51.0
51.0
51.0
52.0
51.0
50.0
52.0
49.0
54.0
139.0
153.0
148.0
149.0
159.0
166.0
152.0
160.0
186.0
178.0
203.0
90.0
43.0
46.0
60.0
134.0
153.0
146.0
150.0
160.0
225.0
106.0
43.0
56.0
53.0
54.0
53.0
52.0
51.0
51.0
50.0
50.0
50.0
51.0
50.0
51.0
51.0
51.0
53.0
52.0
52.0
0.0


48.0
49.0
49.0
50.0
48.0
48.0
48.0
49.0
50.0
50.0
51.0
51.0
51.0
51.0
51.0
52.0
52.0
50.0
49.0
127.0
154.0
145.0
146.0
156.0
146.0
107.0
125.0
160.0
192.0
183.0
139.0
64.0
61.0
119.0
152.0
145.0
147.0
157.0
171.0
206.0
70.0
47.0
56.0
53.0
54.0
53.0
52.0
52.0
51.0
50.0
51.0
50.0
51.0
51.0
50.0
51.0
51.0
52.0
52.0
51.0
0.0


49.0
49.0
48.0
48.0
48.0
48.0
48.0
50.0
49.0
51.0
51.0
50.0
51.0
51.0
51.0
51.0
51.0
52.0
44.0
117.0
147.0
138.0
145.0
154.0
108.0
113.0
142.0
141.0
164.0
152.0
133.0
116.0
115.0
126.0
121.0
118.0
127.0
150.0
187.0
162.0
54.0
53.0
54.0
54.0
54.0
53.0
52.0
51.0
50.0
50.0
51.0
50.0
50.0
50.0
50.0
51.0
52.0
51.0
51.0
52.0
0.0


49.0
48.0
48.0
48.0
48.0
48.0
48.0
49.0
50.0
50.0
51.0
51.0
51.0
51.0
52.0
52.0
50.0
52.0
45.0
107.0
148.0
135.0
146.0
144.0
117.0
140.0
148.0
147.0
155.0
150.0
134.0
117.0
113.0
114.0
112.0
110.0
119.0
137.0
181.0
135.0
49.0
57.0
55.0
55.0
53.0
53.0
52.0
50.0
50.0
49.0
49.0
49.0
50.0
50.0
50.0
50.0
51.0
52.0
51.0
51.0
0.0


48.0
48.0
48.0
48.0
49.0
49.0
48.0
49.0
50.0
50.0
51.0
51.0
50.0
51.0
51.0
52.0
50.0
51.0
44.0
95.0
157.0
132.0
140.0
147.0
139.0
158.0
159.0
161.0
162.0
165.0
138.0
114.0
110.0
114.0
116.0
118.0
121.0
142.0
192.0
124.0
49.0
58.0
56.0
56.0
54.0
53.0
52.0
50.0
50.0
49.0
50.0
50.0
49.0
50.0
50.0
50.0
51.0
52.0
51.0
50.0
0.0


49.0
50.0
49.0
49.0
48.0
48.0
48.0
49.0
50.0
50.0
50.0
50.0
50.0
51.0
51.0
50.0
51.0
57.0
42.0
71.0
167.0
136.0
134.0
153.0
156.0
170.0
177.0
173.0
164.0
201.0
163.0
118.0
124.0
122.0
126.0
129.0
131.0
153.0
207.0
119.0
49.0
58.0
56.0
57.0
55.0
53.0
52.0
52.0
50.0
50.0
51.0
50.0
49.0
49.0
51.0
50.0
51.0
51.0
51.0
50.0
0.0


49.0
50.0
49.0
48.0
48.0
49.0
49.0
49.0
50.0
51.0
50.0
50.0
50.0
51.0
50.0
52.0
52.0
47.0
48.0
81.0
179.0
152.0
138.0
156.0
171.0
162.0
175.0
176.0
191.0
209.0
202.0
165.0
129.0
125.0
131.0
124.0
140.0
166.0
211.0
109.0
50.0
58.0
56.0
57.0
54.0
52.0
52.0
51.0
50.0
49.0
50.0
50.0
50.0
50.0
51.0
50.0
51.0
52.0
50.0
50.0
0.0


49.0
50.0
49.0
48.0
48.0
49.0
49.0
49.0
49.0
50.0
50.0
50.0
51.0
51.0
52.0
50.0
46.0
78.0
128.0
150.0
176.0
163.0
148.0
157.0
179.0
170.0
168.0
182.0
195.0
197.0
192.0
209.0
157.0
131.0
136.0
123.0
153.0
154.0
202.0
93.0
49.0
59.0
55.0
54.0
53.0
53.0
52.0
50.0
51.0
51.0
49.0
50.0
50.0
50.0
50.0
50.0
51.0
50.0
51.0
51.0
0.0


49.0
49.0
49.0
49.0
49.0
49.0
49.0
49.0
50.0
50.0
49.0
51.0
50.0
51.0
52.0
47.0
94.0
163.0
156.0
157.0
170.0
173.0
159.0
162.0
177.0
190.0
171.0
186.0
191.0
193.0
192.0
202.0
193.0
152.0
132.0
143.0
161.0
151.0
210.0
79.0
49.0
61.0
63.0
57.0
56.0
54.0
53.0
51.0
50.0
52.0
51.0
50.0
50.0
50.0
51.0
50.0
50.0
50.0
51.0
51.0
0.0


50.0
49.0
49.0
49.0
49.0
49.0
49.0
49.0
48.0
49.0
49.0
50.0
49.0
53.0
46.0
68.0
169.0
161.0
157.0
158.0
163.0
188.0
175.0
167.0
177.0
201.0
179.0
181.0
199.0
201.0
205.0
197.0
216.0
171.0
136.0
160.0
136.0
156.0
187.0
75.0
51.0
58.0
64.0
61.0
54.0
53.0
53.0
52.0
51.0
51.0
52.0
50.0
49.0
51.0
51.0
48.0
50.0
51.0
50.0
51.0
0.0


49.0
48.0
49.0
49.0
49.0
49.0
50.0
49.0
50.0
50.0
50.0
50.0
51.0
51.0
46.0
111.0
161.0
171.0
168.0
160.0
156.0
171.0
188.0
174.0
184.0
202.0
215.0
181.0
194.0
202.0
210.0
210.0
214.0
207.0
147.0
111.0
138.0
150.0
172.0
83.0
53.0
58.0
54.0
55.0
54.0
53.0
53.0
52.0
51.0
50.0
50.0
51.0
50.0
50.0
51.0
51.0
50.0
51.0
51.0
51.0
0.0


49.0
50.0
50.0
50.0
49.0
50.0
50.0
49.0
50.0
50.0
50.0
50.0
52.0
45.0
68.0
150.0
159.0
176.0
159.0
153.0
149.0
156.0
188.0
182.0
188.0
181.0
198.0
200.0
185.0
199.0
203.0
210.0
210.0
237.0
159.0
127.0
162.0
143.0
187.0
87.0
53.0
60.0
55.0
56.0
55.0
54.0
53.0
52.0
51.0
52.0
51.0
50.0
50.0
50.0
50.0
51.0
50.0
50.0
50.0
51.0
0.0


50.0
50.0
51.0
51.0
49.0
50.0
50.0
49.0
50.0
51.0
50.0
50.0
53.0
42.0
90.0
167.0
165.0
171.0
162.0
148.0
146.0
149.0
175.0
192.0
183.0
138.0
144.0
204.0
191.0
195.0
203.0
205.0
211.0
209.0
210.0
170.0
152.0
144.0
194.0
96.0
53.0
60.0
57.0
55.0
55.0
54.0
54.0
53.0
52.0
52.0
52.0
51.0
50.0
52.0
52.0
50.0
51.0
51.0
50.0
51.0
0.0


50.0
50.0
50.0
50.0
50.0
51.0
50.0
49.0
50.0
50.0
50.0
50.0
53.0
42.0
85.0
166.0
166.0
181.0
174.0
158.0
148.0
148.0
158.0
193.0
173.0
128.0
128.0
173.0
187.0
184.0
203.0
204.0
208.0
208.0
205.0
193.0
145.0
137.0
198.0
118.0
53.0
60.0
57.0
56.0
55.0
53.0
53.0
53.0
52.0
52.0
51.0
51.0
52.0
51.0
52.0
50.0
50.0
51.0
52.0
50.0
0.0


50.0
51.0
50.0
51.0
50.0
51.0
51.0
50.0
50.0
50.0
50.0
50.0
53.0
44.0
73.0
163.0
168.0
190.0
190.0
170.0
161.0
159.0
162.0
182.0
175.0
137.0
131.0
152.0
179.0
179.0
187.0
200.0
202.0
204.0
203.0
209.0
175.0
145.0
191.0
140.0
55.0
60.0
57.0
57.0
56.0
54.0
53.0
53.0
53.0
52.0
51.0
51.0
52.0
51.0
52.0
51.0
51.0
51.0
52.0
50.0
0.0


51.0
52.0
51.0
52.0
51.0
50.0
51.0
51.0
50.0
50.0
50.0
50.0
53.0
49.0
56.0
138.0
145.0
153.0
175.0
190.0
173.0
172.0
167.0
176.0
185.0
140.0
130.0
140.0
175.0
189.0
182.0
186.0
198.0
200.0
200.0
202.0
204.0
182.0
187.0
155.0
60.0
58.0
56.0
56.0
55.0
55.0
53.0
52.0
51.0
51.0
52.0
52.0
52.0
50.0
51.0
52.0
52.0
52.0
51.0
51.0
0.0


51.0
52.0
51.0
51.0
52.0
51.0
51.0
51.0
51.0
50.0
50.0
51.0
51.0
52.0
46.0
96.0
136.0
161.0
192.0
214.0
190.0
175.0
178.0
191.0
210.0
166.0
136.0
147.0
178.0
195.0
190.0
177.0
190.0
197.0
200.0
201.0
200.0
193.0
195.0
167.0
63.0
59.0
57.0
57.0
55.0
53.0
53.0
54.0
52.0
52.0
52.0
51.0
53.0
51.0
51.0
51.0
52.0
52.0
50.0
51.0
0.0


50.0
51.0
52.0
51.0
52.0
52.0
51.0
51.0
52.0
52.0
51.0
50.0
51.0
53.0
44.0
94.0
171.0
152.0
160.0
172.0
184.0
185.0
199.0
208.0
213.0
242.0
187.0
179.0
192.0
182.0
192.0
176.0
179.0
191.0
193.0
195.0
195.0
195.0
207.0
172.0
65.0
61.0
59.0
55.0
55.0
54.0
53.0
54.0
53.0
52.0
52.0
51.0
51.0
51.0
51.0
51.0
52.0
51.0
49.0
50.0
0.0


51.0
51.0
52.0
51.0
51.0
51.0
51.0
52.0
51.0
52.0
50.0
50.0
51.0
51.0
46.0
107.0
131.0
124.0
140.0
148.0
170.0
188.0
195.0
215.0
202.0
191.0
211.0
196.0
195.0
167.0
172.0
173.0
170.0
186.0
190.0
189.0
189.0
195.0
213.0
167.0
65.0
61.0
59.0
55.0
54.0
54.0
53.0
52.0
53.0
53.0
52.0
51.0
52.0
51.0
51.0
52.0
52.0
51.0
50.0
49.0
0.0


51.0
51.0
51.0
51.0
50.0
51.0
52.0
52.0
52.0
52.0
51.0
51.0
51.0
51.0
45.0
101.0
137.0
131.0
136.0
143.0
159.0
183.0
187.0
199.0
180.0
160.0
182.0
197.0
192.0
157.0
140.0
165.0
169.0
189.0
192.0
185.0
188.0
199.0
230.0
149.0
59.0
62.0
58.0
56.0
54.0
54.0
53.0
53.0
53.0
53.0
52.0
51.0
52.0
52.0
52.0
51.0
52.0
52.0
50.0
50.0
0.0


51.0
52.0
52.0
52.0
52.0
51.0
52.0
53.0
53.0
52.0
52.0
51.0
50.0
52.0
45.0
97.0
139.0
126.0
133.0
134.0
146.0
168.0
178.0
183.0
174.0
163.0
168.0
184.0
182.0
150.0
123.0
148.0
168.0
181.0
196.0
189.0
200.0
205.0
231.0
144.0
59.0
61.0
58.0
57.0
55.0
55.0
53.0
53.0
53.0
52.0
51.0
52.0
51.0
52.0
52.0
52.0
50.0
51.0
50.0
51.0
0.0


52.0
52.0
52.0
53.0
53.0
53.0
53.0
53.0
53.0
52.0
52.0
52.0
52.0
53.0
48.0
95.0
138.0
125.0
129.0
127.0
135.0
153.0
170.0
182.0
182.0
171.0
169.0
178.0
169.0
144.0
131.0
125.0
160.0
170.0
190.0
201.0
213.0
204.0
231.0
137.0
58.0
63.0
57.0
56.0
55.0
55.0
54.0
53.0
52.0
52.0
52.0
51.0
51.0
51.0
51.0
50.0
51.0
51.0
51.0
50.0
0.0


52.0
52.0
53.0
53.0
53.0
53.0
52.0
52.0
53.0
54.0
54.0
52.0
52.0
54.0
47.0
84.0
148.0
123.0
125.0
122.0
125.0
144.0
162.0
175.0
182.0
162.0
176.0
172.0
157.0
131.0
136.0
138.0
141.0
173.0
195.0
204.0
219.0
201.0
242.0
127.0
56.0
63.0
56.0
56.0
55.0
54.0
54.0
52.0
53.0
52.0
52.0
51.0
52.0
52.0
52.0
51.0
50.0
50.0
50.0
50.0
0.0


52.0
53.0
53.0
53.0
53.0
52.0
54.0
54.0
54.0
53.0
55.0
53.0
52.0
55.0
50.0
70.0
149.0
126.0
122.0
121.0
124.0
139.0
148.0
163.0
161.0
154.0
179.0
153.0
139.0
128.0
128.0
146.0
155.0
162.0
186.0
205.0
218.0
200.0
245.0
116.0
58.0
64.0
57.0
56.0
54.0
54.0
54.0
51.0
52.0
52.0
52.0
50.0
50.0
51.0
50.0
49.0
49.0
50.0
49.0
49.0
0.0


53.0
53.0
53.0
53.0
53.0
53.0
55.0
54.0
53.0
54.0
54.0
53.0
52.0
54.0
53.0
58.0
136.0
136.0
125.0
123.0
128.0
134.0
135.0
152.0
144.0
156.0
173.0
138.0
129.0
134.0
135.0
141.0
159.0
177.0
188.0
202.0
218.0
199.0
246.0
102.0
58.0
62.0
59.0
57.0
54.0
53.0
54.0
54.0
53.0
52.0
51.0
49.0
48.0
50.0
49.0
49.0
49.0
49.0
50.0
50.0
0.0


53.0
52.0
53.0
53.0
53.0
54.0
54.0
54.0
53.0
54.0
54.0
54.0
54.0
54.0
56.0
51.0
111.0
153.0
125.0
129.0
128.0
129.0
127.0
138.0
129.0
153.0
160.0
133.0
133.0
138.0
142.0
150.0
158.0
175.0
203.0
212.0
215.0
201.0
244.0
92.0
59.0
62.0
59.0
56.0
55.0
54.0
53.0
52.0
51.0
52.0
50.0
49.0
49.0
49.0
49.0
48.0
48.0
49.0
50.0
51.0
0.0


53.0
52.0
53.0
54.0
53.0
54.0
54.0
54.0
54.0
53.0
53.0
54.0
55.0
54.0
56.0
52.0
81.0
159.0
131.0
133.0
133.0
128.0
124.0
128.0
122.0
151.0
153.0
135.0
139.0
144.0
152.0
163.0
173.0
187.0
200.0
211.0
208.0
214.0
201.0
75.0
62.0
63.0
61.0
57.0
55.0
53.0
52.0
51.0
51.0
51.0
50.0
50.0
49.0
48.0
50.0
49.0
50.0
50.0
50.0
49.0
0.0


52.0
53.0
53.0
53.0
53.0
54.0
55.0
54.0
53.0
53.0
55.0
55.0
54.0
56.0
58.0
56.0
60.0
136.0
147.0
133.0
135.0
126.0
123.0
120.0
118.0
149.0
153.0
138.0
146.0
153.0
160.0
170.0
182.0
195.0
207.0
213.0
198.0
247.0
149.0
63.0
63.0
60.0
60.0
58.0
55.0
54.0
53.0
52.0
52.0
52.0
51.0
51.0
51.0
50.0
49.0
50.0
49.0
50.0
51.0
50.0
0.0


52.0
52.0
53.0
53.0
53.0
55.0
55.0
54.0
55.0
55.0
55.0
54.0
57.0
57.0
57.0
59.0
56.0
96.0
162.0
136.0
133.0
128.0
126.0
117.0
117.0
143.0
157.0
146.0
154.0
163.0
171.0
176.0
188.0
201.0
210.0
214.0
197.0
255.0
109.0
62.0
66.0
61.0
59.0
56.0
56.0
55.0
54.0
52.0
52.0
52.0
52.0
52.0
50.0
51.0
51.0
51.0
49.0
51.0
50.0
50.0
0.0


52.0
52.0
52.0
53.0
53.0
55.0
55.0
55.0
55.0
56.0
56.0
55.0
56.0
57.0
57.0
59.0
59.0
65.0
134.0
153.0
137.0
136.0
138.0
130.0
126.0
137.0
157.0
156.0
162.0
168.0
181.0
189.0
198.0
205.0
213.0
209.0
212.0
215.0
84.0
63.0
65.0
60.0
59.0
56.0
56.0
56.0
55.0
54.0
52.0
54.0
52.0
52.0
52.0
51.0
51.0
51.0
50.0
51.0
52.0
51.0
0.0


54.0
53.0
53.0
54.0
54.0
55.0
56.0
55.0
56.0
56.0
56.0
56.0
56.0
57.0
59.0
61.0
65.0
58.0
87.0
158.0
144.0
141.0
144.0
140.0
139.0
140.0
151.0
160.0
173.0
180.0
189.0
202.0
208.0
213.0
217.0
205.0
220.0
195.0
83.0
63.0
65.0
61.0
59.0
57.0
56.0
57.0
56.0
55.0
54.0
53.0
54.0
52.0
52.0
51.0
53.0
51.0
51.0
52.0
52.0
52.0
0.0


52.0
53.0
54.0
54.0
55.0
55.0
56.0
56.0
57.0
56.0
55.0
57.0
56.0
58.0
60.0
63.0
66.0
67.0
64.0
124.0
155.0
145.0
147.0
150.0
151.0
150.0
155.0
160.0
173.0
192.0
197.0
202.0
208.0
214.0
217.0
213.0
208.0
232.0
103.0
63.0
66.0
62.0
58.0
57.0
57.0
56.0
56.0
55.0
54.0
53.0
53.0
51.0
52.0
52.0
53.0
52.0
53.0
53.0
52.0
53.0
0.0


52.0
54.0
53.0
54.0
54.0
54.0
56.0
56.0
56.0
56.0
56.0
56.0
56.0
58.0
61.0
66.0
65.0
68.0
67.0
81.0
159.0
153.0
156.0
159.0
159.0
158.0
165.0
171.0
173.0
184.0
199.0
205.0
211.0
215.0
219.0
223.0
207.0
244.0
136.0
66.0
65.0
61.0
60.0
59.0
58.0
56.0
55.0
54.0
54.0
54.0
53.0
52.0
52.0
52.0
52.0
53.0
52.0
54.0
54.0
51.0
0.0


0.0
0.0
0.0
0.0
0.0
0.0
0.0
0.0
0.0
0.0
0.0
0.0
0.0
0.0
0.0
0.0
0.0
0.0
0.0
0.0
0.0
0.0
0.0
0.0
0.0
0.0
0.0
0.0
0.0
0.0
0.0
0.0
0.0
0.0
0.0
0.0
0.0
0.0
0.0
0.0
0.0
0.0
0.0
0.0
0.0
0.0
0.0
0.0
0.0
0.0
0.0
0.0
0.0
0.0
0.0
0.0
0.0
0.0
0.0
0.0
0.0


