51.0
51.0
50.0
50.0
51.0
51.0
51.0
51.0
51.0
51.0
52.0
52.0
53.0
53.0
53.0
53.0
54.0
54.0
54.0
53.0
54.0
51.0
110.0
148.0
130.0
51.0
52.0
53.0
54.0
54.0
54.0
53.0
52.0
52.0
51.0
50.0
50.0
50.0
51.0
52.0
0.0


50.0
50.0
51.0
50.0
50.0
51.0
51.0
51.0
51.0
51.0
52.0
52.0
53.0
53.0
53.0
53.0
54.0
54.0
54.0
53.0
53.0
52.0
108.0
138.0
153.0
62.0
49.0
53.0
53.0
53.0
54.0
53.0
53.0
52.0
52.0
50.0
50.0
50.0
52.0
54.0
0.0


51.0
50.0
51.0
51.0
51.0
50.0
51.0
50.0
52.0
52.0
51.0
52.0
52.0
53.0
53.0
53.0
53.0
53.0
53.0
53.0
52.0
52.0
113.0
139.0
163.0
70.0
48.0
53.0
53.0
52.0
53.0
52.0
51.0
52.0
52.0
51.0
51.0
51.0
53.0
54.0
0.0


51.0
50.0
50.0
51.0
51.0
50.0
51.0
51.0
52.0
51.0
51.0
52.0
52.0
53.0
52.0
53.0
53.0
52.0
52.0
52.0
52.0
53.0
123.0
150.0
180.0
71.0
47.0
53.0
52.0
52.0
52.0
51.0
52.0
53.0
52.0
52.0
52.0
52.0
53.0
54.0
0.0


51.0
51.0
51.0
51.0
51.0
50.0
50.0
51.0
53.0
51.0
51.0
52.0
52.0
53.0
52.0
52.0
53.0
51.0
52.0
52.0
51.0
54.0
124.0
151.0
189.0
73.0
47.0
54.0
52.0
50.0
52.0
51.0
51.0
52.0
52.0
53.0
53.0
51.0
53.0
54.0
0.0


51.0
51.0
51.0
51.0
51.0
50.0
50.0
52.0
53.0
51.0
52.0
52.0
51.0
51.0
51.0
51.0
52.0
51.0
51.0
51.0
49.0
56.0
127.0
150.0
191.0
77.0
47.0
53.0
51.0
50.0
51.0
51.0
51.0
52.0
53.0
54.0
53.0
53.0
54.0
54.0
0.0


51.0
50.0
50.0
52.0
51.0
51.0
52.0
52.0
51.0
50.0
50.0
50.0
50.0
50.0
50.0
51.0
51.0
50.0
51.0
51.0
47.0
60.0
137.0
154.0
198.0
85.0
47.0
53.0
51.0
51.0
52.0
51.0
52.0
52.0
52.0
53.0
53.0
53.0
54.0
55.0
0.0


51.0
50.0
50.0
51.0
51.0
51.0
51.0
52.0
50.0
50.0
50.0
50.0
49.0
50.0
50.0
50.0
50.0
51.0
51.0
51.0
47.0
71.0
163.0
161.0
203.0
89.0
47.0
53.0
51.0
51.0
51.0
52.0
52.0
52.0
52.0
53.0
52.0
53.0
54.0
54.0
0.0


51.0
51.0
51.0
51.0
51.0
51.0
51.0
51.0
50.0
51.0
51.0
51.0
50.0
50.0
50.0
51.0
51.0
51.0
51.0
53.0
48.0
77.0
160.0
153.0
209.0
81.0
47.0
53.0
52.0
51.0
52.0
52.0
52.0
52.0
51.0
52.0
53.0
52.0
53.0
54.0
0.0


50.0
50.0
50.0
51.0
51.0
51.0
51.0
51.0
52.0
51.0
52.0
51.0
51.0
50.0
50.0
51.0
52.0
50.0
51.0
52.0
49.0
81.0
131.0
140.0
185.0
69.0
50.0
53.0
52.0
52.0
52.0
52.0
52.0
52.0
52.0
52.0
52.0
52.0
54.0
54.0
0.0


50.0
51.0
51.0
51.0
51.0
52.0
52.0
53.0
53.0
52.0
52.0
52.0
51.0
52.0
51.0
50.0
51.0
49.0
51.0
52.0
49.0
87.0
136.0
153.0
174.0
64.0
52.0
53.0
53.0
52.0
52.0
52.0
52.0
52.0
52.0
53.0
52.0
53.0
55.0
54.0
0.0


51.0
51.0
51.0
51.0
52.0
52.0
52.0
52.0
53.0
52.0
52.0
52.0
50.0
45.0
47.0
51.0
50.0
50.0
52.0
53.0
50.0
94.0
145.0
159.0
165.0
60.0
53.0
53.0
53.0
52.0
51.0
51.0
51.0
52.0
52.0
52.0
53.0
54.0
54.0
54.0
0.0


50.0
50.0
50.0
50.0
51.0
51.0
51.0
52.0
52.0
52.0
52.0
50.0
54.0
83.0
66.0
46.0
49.0
44.0
45.0
51.0
51.0
102.0
153.0
164.0
153.0
56.0
54.0
54.0
53.0
52.0
51.0
51.0
51.0
52.0
52.0
52.0
53.0
53.0
53.0
53.0
0.0


50.0
50.0
50.0
50.0
50.0
51.0
51.0
52.0
52.0
52.0
54.0
48.0
112.0
183.0
181.0
69.0
47.0
96.0
99.0
60.0
48.0
119.0
160.0
175.0
143.0
54.0
55.0
54.0
52.0
52.0
51.0
51.0
51.0
52.0
52.0
53.0
52.0
53.0
54.0
54.0
0.0


49.0
50.0
50.0
50.0
51.0
51.0
51.0
51.0
52.0
52.0
47.0
49.0
144.0
157.0
179.0
113.0
101.0
139.0
151.0
146.0
66.0
125.0
142.0
154.0
141.0
54.0
56.0
54.0
52.0
51.0
51.0
51.0
51.0
52.0
52.0
52.0
52.0
53.0
54.0
54.0
0.0


49.0
50.0
49.0
49.0
50.0
51.0
51.0
51.0
52.0
50.0
92.0
122.0
143.0
148.0
148.0
152.0
140.0
118.0
144.0
172.0
138.0
122.0
133.0
132.0
153.0
59.0
56.0
54.0
54.0
51.0
50.0
50.0
50.0
51.0
51.0
52.0
52.0
52.0
53.0
53.0
0.0


50.0
50.0
49.0
50.0
50.0
51.0
51.0
52.0
47.0
67.0
175.0
168.0
163.0
136.0
143.0
156.0
163.0
158.0
173.0
167.0
165.0
145.0
134.0
142.0
166.0
61.0
56.0
54.0
54.0
52.0
51.0
51.0
52.0
51.0
51.0
51.0
51.0
53.0
53.0
53.0
0.0


50.0
50.0
49.0
49.0
49.0
49.0
50.0
52.0
45.0
86.0
175.0
143.0
159.0
149.0
142.0
151.0
167.0
169.0
185.0
191.0
204.0
169.0
135.0
157.0
156.0
60.0
55.0
55.0
52.0
50.0
52.0
52.0
51.0
51.0
50.0
52.0
52.0
52.0
53.0
53.0
0.0


49.0
49.0
49.0
49.0
48.0
49.0
49.0
51.0
44.0
96.0
173.0
135.0
144.0
167.0
150.0
154.0
169.0
164.0
186.0
206.0
202.0
196.0
156.0
152.0
152.0
61.0
55.0
56.0
57.0
53.0
50.0
51.0
51.0
51.0
51.0
51.0
51.0
51.0
52.0
53.0
0.0


49.0
49.0
49.0
49.0
49.0
49.0
49.0
50.0
44.0
101.0
193.0
150.0
141.0
160.0
164.0
162.0
186.0
170.0
183.0
207.0
203.0
222.0
160.0
144.0
161.0
65.0
55.0
55.0
57.0
54.0
51.0
51.0
50.0
51.0
51.0
50.0
51.0
51.0
52.0
52.0
0.0


49.0
49.0
49.0
50.0
49.0
49.0
49.0
51.0
45.0
100.0
192.0
170.0
159.0
175.0
199.0
204.0
212.0
182.0
187.0
198.0
219.0
226.0
198.0
157.0
165.0
68.0
54.0
55.0
53.0
52.0
51.0
51.0
50.0
50.0
50.0
51.0
51.0
51.0
52.0
52.0
0.0


50.0
49.0
49.0
50.0
49.0
49.0
50.0
51.0
44.0
85.0
174.0
175.0
186.0
219.0
235.0
223.0
202.0
181.0
197.0
189.0
212.0
220.0
223.0
160.0
173.0
74.0
54.0
55.0
53.0
52.0
51.0
51.0
51.0
51.0
51.0
51.0
51.0
51.0
52.0
52.0
0.0


50.0
50.0
50.0
51.0
49.0
49.0
49.0
51.0
47.0
63.0
141.0
165.0
200.0
197.0
198.0
217.0
206.0
177.0
201.0
193.0
193.0
219.0
217.0
197.0
194.0
79.0
53.0
55.0
54.0
53.0
52.0
52.0
52.0
51.0
51.0
52.0
52.0
52.0
52.0
51.0
0.0


50.0
50.0
50.0
51.0
50.0
49.0
50.0
50.0
49.0
53.0
126.0
145.0
151.0
171.0
192.0
200.0
190.0
186.0
209.0
212.0
180.0
210.0
213.0
205.0
220.0
84.0
53.0
56.0
54.0
53.0
52.0
52.0
52.0
52.0
51.0
52.0
51.0
52.0
51.0
50.0
0.0


50.0
50.0
50.0
51.0
50.0
50.0
49.0
49.0
50.0
51.0
112.0
126.0
129.0
152.0
173.0
167.0
178.0
165.0
144.0
196.0
178.0
193.0
209.0
200.0
240.0
83.0
53.0
56.0
54.0
53.0
52.0
52.0
51.0
50.0
51.0
51.0
52.0
51.0
51.0
49.0
0.0


50.0
50.0
51.0
51.0
51.0
51.0
50.0
50.0
51.0
50.0
107.0
130.0
122.0
135.0
149.0
155.0
168.0
140.0
132.0
169.0
171.0
186.0
205.0
199.0
242.0
86.0
54.0
56.0
54.0
53.0
51.0
51.0
51.0
51.0
51.0
51.0
51.0
51.0
51.0
50.0
0.0


50.0
50.0
51.0
51.0
51.0
51.0
50.0
51.0
53.0
48.0
97.0
130.0
115.0
117.0
135.0
148.0
144.0
141.0
139.0
172.0
150.0
178.0
205.0
208.0
242.0
91.0
55.0
56.0
55.0
53.0
52.0
52.0
51.0
51.0
51.0
51.0
50.0
50.0
51.0
50.0
0.0


51.0
51.0
50.0
51.0
52.0
50.0
51.0
51.0
52.0
47.0
84.0
138.0
110.0
109.0
117.0
121.0
118.0
137.0
147.0
169.0
153.0
169.0
204.0
212.0
242.0
89.0
55.0
56.0
54.0
54.0
52.0
52.0
51.0
50.0
50.0
51.0
50.0
50.0
49.0
50.0
0.0


51.0
51.0
51.0
51.0
51.0
51.0
51.0
51.0
52.0
50.0
68.0
142.0
121.0
117.0
111.0
108.0
121.0
132.0
140.0
149.0
153.0
177.0
204.0
210.0
235.0
84.0
56.0
55.0
54.0
52.0
52.0
52.0
51.0
51.0
49.0
52.0
51.0
49.0
49.0
50.0
0.0


53.0
52.0
51.0
51.0
51.0
51.0
53.0
52.0
52.0
54.0
54.0
124.0
136.0
122.0
111.0
106.0
129.0
135.0
140.0
152.0
166.0
189.0
210.0
219.0
195.0
71.0
57.0
56.0
55.0
53.0
52.0
50.0
50.0
49.0
49.0
49.0
49.0
49.0
49.0
50.0
0.0


51.0
52.0
51.0
51.0
51.0
52.0
53.0
53.0
54.0
56.0
53.0
87.0
151.0
126.0
118.0
110.0
132.0
147.0
152.0
166.0
180.0
201.0
206.0
246.0
136.0
58.0
61.0
57.0
56.0
52.0
51.0
50.0
50.0
49.0
49.0
49.0
48.0
49.0
50.0
50.0
0.0


52.0
51.0
52.0
52.0
52.0
53.0
54.0
53.0
55.0
57.0
59.0
61.0
128.0
144.0
133.0
129.0
135.0
155.0
170.0
182.0
197.0
209.0
206.0
250.0
108.0
59.0
63.0
57.0
56.0
54.0
52.0
51.0
50.0
50.0
50.0
50.0
50.0
50.0
51.0
51.0
0.0


52.0
52.0
51.0
52.0
52.0
53.0
54.0
54.0
56.0
58.0
63.0
61.0
84.0
155.0
142.0
148.0
147.0
155.0
175.0
193.0
204.0
213.0
212.0
245.0
134.0
62.0
63.0
58.0
58.0
55.0
54.0
54.0
53.0
51.0
51.0
51.0
52.0
52.0
51.0
51.0
0.0


52.0
51.0
51.0
52.0
52.0
52.0
55.0
55.0
57.0
59.0
64.0
68.0
64.0
123.0
178.0
164.0
170.0
176.0
178.0
187.0
201.0
216.0
219.0
226.0
182.0
73.0
62.0
61.0
60.0
56.0
55.0
55.0
55.0
54.0
52.0
53.0
54.0
54.0
53.0
52.0
0.0


52.0
51.0
51.0
52.0
52.0
52.0
54.0
56.0
59.0
61.0
64.0
67.0
66.0
76.0
160.0
203.0
193.0
190.0
190.0
193.0
202.0
214.0
218.0
209.0
241.0
99.0
60.0
62.0
60.0
58.0
58.0
56.0
55.0
55.0
54.0
54.0
54.0
55.0
54.0
54.0
0.0


52.0
52.0
52.0
51.0
52.0
52.0
54.0
57.0
59.0
62.0
65.0
66.0
70.0
67.0
92.0
200.0
193.0
194.0
194.0
194.0
200.0
212.0
214.0
206.0
241.0
140.0
63.0
63.0
60.0
59.0
57.0
57.0
57.0
55.0
55.0
54.0
55.0
54.0
54.0
54.0
0.0


52.0
52.0
52.0
52.0
53.0
53.0
54.0
56.0
59.0
61.0
64.0
68.0
70.0
74.0
73.0
142.0
198.0
181.0
187.0
188.0
189.0
205.0
211.0
210.0
216.0
193.0
76.0
62.0
61.0
59.0
57.0
57.0
56.0
56.0
55.0
56.0
55.0
55.0
55.0
54.0
0.0


52.0
53.0
52.0
53.0
53.0
53.0
53.0
56.0
61.0
62.0
65.0
68.0
71.0
74.0
72.0
109.0
184.0
169.0
177.0
185.0
182.0
188.0
204.0
209.0
206.0
245.0
105.0
59.0
63.0
60.0
58.0
58.0
57.0
56.0
56.0
55.0
55.0
56.0
55.0
54.0
0.0


52.0
53.0
53.0
53.0
54.0
54.0
55.0
57.0
60.0
62.0
66.0
68.0
70.0
74.0
74.0
96.0
170.0
162.0
168.0
177.0
178.0
180.0
197.0
204.0
204.0
242.0
154.0
64.0
63.0
61.0
60.0
59.0
57.0
57.0
56.0
56.0
56.0
57.0
54.0
54.0
0.0


52.0
53.0
53.0
53.0
55.0
55.0
56.0
57.0
59.0
62.0
66.0
69.0
71.0
74.0
75.0
88.0
160.0
164.0
164.0
169.0
172.0
175.0
186.0
200.0
205.0
211.0
217.0
81.0
61.0
63.0
60.0
60.0
60.0
57.0
55.0
55.0
56.0
56.0
55.0
55.0
0.0


0.0
0.0
0.0
0.0
0.0
0.0
0.0
0.0
0.0
0.0
0.0
0.0
0.0
0.0
0.0
0.0
0.0
0.0
0.0
0.0
0.0
0.0
0.0
0.0
0.0
0.0
0.0
0.0
0.0
0.0
0.0
0.0
0.0
0.0
0.0
0.0
0.0
0.0
0.0
0.0
0.0


