49.0
49.0
49.0
50.0
49.0
51.0
51.0
52.0
53.0
52.0
52.0
52.0
52.0
52.0
52.0
52.0
52.0
51.0
51.0
52.0
52.0
50.0
54.0
52.0
52.0
48.0
64.0
125.0
111.0
135.0
138.0
55.0
48.0
52.0
51.0
51.0
51.0
52.0
53.0
52.0
51.0
61.0
54.0
50.0
52.0
51.0
52.0
52.0
51.0
52.0
52.0
50.0
51.0
51.0
49.0
49.0
50.0
50.0
52.0
52.0
0.0


48.0
50.0
50.0
50.0
50.0
51.0
51.0
52.0
53.0
52.0
52.0
51.0
53.0
52.0
52.0
52.0
52.0
52.0
52.0
49.0
55.0
56.0
48.0
52.0
53.0
46.0
69.0
137.0
126.0
158.0
150.0
53.0
47.0
52.0
51.0
50.0
51.0
52.0
49.0
49.0
60.0
60.0
51.0
51.0
53.0
52.0
51.0
52.0
51.0
52.0
52.0
50.0
50.0
49.0
48.0
47.0
49.0
50.0
51.0
52.0
0.0


49.0
49.0
49.0
49.0
50.0
51.0
50.0
51.0
53.0
52.0
51.0
51.0
51.0
52.0
52.0
52.0
52.0
53.0
51.0
57.0
94.0
116.0
66.0
46.0
53.0
45.0
71.0
144.0
139.0
169.0
160.0
56.0
46.0
52.0
50.0
51.0
51.0
51.0
53.0
89.0
120.0
103.0
52.0
51.0
52.0
52.0
51.0
51.0
52.0
52.0
51.0
49.0
48.0
48.0
48.0
48.0
48.0
49.0
50.0
51.0
0.0


49.0
48.0
50.0
49.0
49.0
50.0
50.0
50.0
50.0
51.0
51.0
51.0
51.0
51.0
52.0
51.0
52.0
53.0
50.0
96.0
111.0
133.0
123.0
50.0
51.0
46.0
80.0
146.0
143.0
168.0
175.0
64.0
45.0
52.0
50.0
51.0
53.0
46.0
78.0
125.0
114.0
164.0
82.0
47.0
54.0
53.0
51.0
51.0
52.0
52.0
51.0
49.0
48.0
48.0
48.0
48.0
48.0
49.0
50.0
52.0
0.0


48.0
50.0
49.0
49.0
49.0
50.0
50.0
50.0
51.0
50.0
51.0
51.0
52.0
52.0
51.0
52.0
52.0
50.0
52.0
117.0
122.0
142.0
155.0
55.0
49.0
46.0
89.0
145.0
139.0
162.0
189.0
74.0
43.0
53.0
50.0
50.0
52.0
44.0
95.0
136.0
130.0
178.0
99.0
47.0
54.0
52.0
51.0
51.0
51.0
52.0
52.0
50.0
48.0
49.0
48.0
49.0
50.0
50.0
50.0
53.0
0.0


48.0
49.0
49.0
49.0
49.0
50.0
50.0
50.0
50.0
50.0
51.0
51.0
52.0
52.0
51.0
51.0
52.0
50.0
54.0
124.0
133.0
160.0
149.0
51.0
48.0
46.0
96.0
143.0
143.0
158.0
192.0
81.0
42.0
52.0
49.0
49.0
51.0
46.0
109.0
147.0
140.0
196.0
95.0
47.0
54.0
52.0
52.0
50.0
51.0
52.0
50.0
50.0
49.0
47.0
48.0
50.0
51.0
51.0
50.0
52.0
0.0


50.0
49.0
49.0
49.0
48.0
49.0
50.0
50.0
51.0
51.0
52.0
52.0
52.0
52.0
50.0
51.0
52.0
49.0
59.0
134.0
142.0
171.0
158.0
54.0
47.0
48.0
108.0
147.0
145.0
161.0
188.0
76.0
43.0
51.0
49.0
52.0
49.0
56.0
127.0
139.0
146.0
198.0
94.0
47.0
53.0
51.0
51.0
51.0
51.0
51.0
51.0
50.0
49.0
48.0
48.0
50.0
51.0
52.0
52.0
52.0
0.0


51.0
49.0
50.0
49.0
49.0
49.0
50.0
51.0
51.0
51.0
50.0
51.0
53.0
51.0
51.0
50.0
54.0
48.0
67.0
143.0
143.0
165.0
170.0
61.0
45.0
49.0
124.0
165.0
151.0
167.0
192.0
72.0
44.0
51.0
49.0
55.0
47.0
76.0
137.0
136.0
145.0
202.0
92.0
46.0
54.0
51.0
51.0
51.0
49.0
50.0
52.0
51.0
49.0
51.0
50.0
50.0
52.0
52.0
52.0
53.0
0.0


50.0
50.0
50.0
49.0
48.0
50.0
50.0
49.0
50.0
50.0
50.0
50.0
51.0
51.0
52.0
50.0
54.0
46.0
79.0
144.0
142.0
159.0
183.0
63.0
43.0
54.0
131.0
153.0
150.0
167.0
201.0
77.0
43.0
52.0
50.0
53.0
48.0
93.0
138.0
139.0
145.0
208.0
87.0
45.0
54.0
50.0
50.0
50.0
51.0
53.0
52.0
51.0
51.0
51.0
52.0
51.0
51.0
53.0
53.0
54.0
0.0


50.0
52.0
51.0
49.0
49.0
50.0
51.0
49.0
51.0
52.0
51.0
51.0
51.0
49.0
50.0
51.0
52.0
44.0
87.0
141.0
141.0
157.0
193.0
63.0
38.0
58.0
140.0
146.0
148.0
161.0
196.0
79.0
45.0
53.0
51.0
49.0
51.0
117.0
142.0
142.0
149.0
202.0
76.0
48.0
55.0
51.0
50.0
49.0
51.0
52.0
52.0
52.0
50.0
51.0
51.0
51.0
53.0
53.0
53.0
54.0
0.0


51.0
51.0
51.0
50.0
49.0
49.0
50.0
49.0
48.0
52.0
50.0
50.0
50.0
49.0
49.0
49.0
53.0
43.0
86.0
152.0
144.0
163.0
195.0
65.0
38.0
63.0
150.0
146.0
155.0
168.0
187.0
72.0
44.0
54.0
53.0
46.0
63.0
139.0
149.0
151.0
170.0
184.0
61.0
50.0
54.0
50.0
50.0
50.0
50.0
50.0
51.0
54.0
52.0
52.0
52.0
51.0
53.0
53.0
53.0
54.0
0.0


50.0
51.0
50.0
50.0
49.0
50.0
49.0
50.0
69.0
55.0
45.0
51.0
49.0
49.0
51.0
49.0
52.0
42.0
88.0
162.0
156.0
172.0
206.0
66.0
37.0
71.0
162.0
148.0
159.0
175.0
181.0
67.0
45.0
54.0
53.0
46.0
81.0
143.0
139.0
149.0
197.0
151.0
50.0
50.0
52.0
50.0
50.0
51.0
51.0
51.0
51.0
53.0
53.0
53.0
53.0
52.0
51.0
54.0
54.0
55.0
0.0


50.0
50.0
50.0
49.0
49.0
50.0
46.0
74.0
125.0
122.0
58.0
45.0
50.0
49.0
50.0
48.0
52.0
42.0
86.0
157.0
153.0
167.0
209.0
67.0
35.0
82.0
174.0
150.0
162.0
178.0
175.0
64.0
46.0
54.0
51.0
48.0
101.0
141.0
142.0
154.0
217.0
122.0
46.0
52.0
50.0
50.0
50.0
51.0
50.0
51.0
51.0
51.0
52.0
53.0
52.0
52.0
53.0
53.0
53.0
54.0
0.0


49.0
50.0
49.0
50.0
51.0
50.0
48.0
99.0
126.0
161.0
98.0
40.0
51.0
49.0
48.0
48.0
50.0
40.0
88.0
158.0
158.0
168.0
211.0
67.0
37.0
95.0
175.0
153.0
165.0
185.0
166.0
56.0
46.0
54.0
50.0
56.0
122.0
136.0
144.0
158.0
228.0
99.0
46.0
53.0
51.0
50.0
50.0
50.0
52.0
52.0
52.0
52.0
52.0
52.0
51.0
51.0
53.0
54.0
54.0
54.0
0.0


49.0
50.0
49.0
49.0
50.0
50.0
46.0
105.0
156.0
157.0
128.0
44.0
47.0
48.0
46.0
46.0
48.0
42.0
90.0
155.0
156.0
169.0
215.0
69.0
35.0
110.0
185.0
164.0
168.0
186.0
169.0
58.0
46.0
54.0
48.0
76.0
144.0
137.0
151.0
165.0
221.0
86.0
45.0
54.0
51.0
50.0
50.0
51.0
52.0
53.0
51.0
52.0
51.0
52.0
52.0
51.0
50.0
52.0
53.0
52.0
0.0


49.0
49.0
49.0
49.0
50.0
51.0
43.0
95.0
174.0
165.0
163.0
55.0
44.0
50.0
46.0
45.0
50.0
42.0
93.0
156.0
158.0
170.0
229.0
75.0
37.0
132.0
186.0
166.0
170.0
190.0
179.0
63.0
47.0
54.0
49.0
105.0
144.0
146.0
160.0
175.0
204.0
72.0
47.0
54.0
51.0
51.0
51.0
50.0
51.0
52.0
52.0
52.0
52.0
52.0
52.0
51.0
51.0
53.0
53.0
53.0
0.0


50.0
50.0
49.0
49.0
50.0
52.0
43.0
92.0
179.0
163.0
199.0
80.0
42.0
50.0
46.0
46.0
49.0
41.0
99.0
154.0
162.0
164.0
230.0
85.0
41.0
147.0
173.0
163.0
167.0
205.0
168.0
56.0
48.0
51.0
60.0
145.0
152.0
158.0
158.0
188.0
180.0
64.0
48.0
53.0
51.0
51.0
49.0
48.0
51.0
51.0
51.0
52.0
52.0
50.0
51.0
51.0
51.0
52.0
53.0
53.0
0.0


49.0
50.0
49.0
49.0
50.0
51.0
42.0
88.0
177.0
159.0
202.0
114.0
42.0
49.0
47.0
45.0
49.0
41.0
102.0
156.0
171.0
165.0
229.0
106.0
47.0
144.0
138.0
142.0
155.0
198.0
138.0
48.0
55.0
49.0
82.0
166.0
158.0
166.0
163.0
203.0
158.0
55.0
50.0
54.0
51.0
51.0
50.0
51.0
51.0
51.0
51.0
52.0
52.0
51.0
51.0
51.0
51.0
52.0
53.0
52.0
0.0


49.0
47.0
49.0
49.0
49.0
53.0
42.0
74.0
171.0
161.0
196.0
150.0
50.0
46.0
47.0
47.0
50.0
43.0
107.0
170.0
180.0
172.0
231.0
120.0
53.0
144.0
124.0
136.0
152.0
203.0
125.0
46.0
56.0
53.0
107.0
141.0
149.0
156.0
175.0
232.0
122.0
47.0
55.0
52.0
51.0
51.0
51.0
52.0
51.0
51.0
52.0
51.0
51.0
52.0
51.0
51.0
51.0
53.0
52.0
54.0
0.0


49.0
49.0
49.0
48.0
48.0
52.0
45.0
55.0
151.0
178.0
175.0
177.0
66.0
43.0
50.0
48.0
49.0
42.0
106.0
169.0
171.0
165.0
232.0
115.0
60.0
146.0
128.0
145.0
157.0
206.0
114.0
46.0
53.0
63.0
125.0
124.0
131.0
147.0
173.0
225.0
85.0
46.0
56.0
50.0
52.0
51.0
51.0
52.0
52.0
50.0
51.0
52.0
51.0
52.0
51.0
50.0
52.0
53.0
54.0
55.0
0.0


49.0
49.0
49.0
49.0
50.0
51.0
50.0
45.0
119.0
170.0
147.0
186.0
96.0
42.0
51.0
48.0
50.0
44.0
100.0
138.0
141.0
147.0
206.0
119.0
65.0
150.0
133.0
149.0
160.0
208.0
106.0
48.0
52.0
85.0
129.0
123.0
136.0
152.0
185.0
170.0
59.0
51.0
55.0
53.0
52.0
50.0
50.0
52.0
52.0
50.0
50.0
51.0
50.0
51.0
51.0
53.0
52.0
51.0
53.0
54.0
0.0


49.0
50.0
49.0
48.0
49.0
51.0
53.0
44.0
91.0
164.0
149.0
170.0
145.0
51.0
47.0
51.0
50.0
46.0
99.0
132.0
133.0
144.0
201.0
122.0
66.0
152.0
135.0
155.0
163.0
207.0
90.0
46.0
57.0
107.0
129.0
131.0
147.0
163.0
212.0
124.0
46.0
57.0
54.0
53.0
53.0
52.0
52.0
51.0
52.0
50.0
50.0
51.0
50.0
51.0
51.0
52.0
52.0
51.0
52.0
53.0
0.0


49.0
49.0
50.0
49.0
49.0
50.0
53.0
46.0
66.0
156.0
155.0
155.0
193.0
90.0
43.0
52.0
51.0
45.0
100.0
132.0
132.0
148.0
197.0
120.0
68.0
163.0
147.0
165.0
173.0
194.0
78.0
46.0
66.0
124.0
129.0
139.0
154.0
164.0
228.0
86.0
45.0
57.0
53.0
54.0
50.0
47.0
49.0
52.0
52.0
49.0
50.0
51.0
50.0
52.0
52.0
51.0
51.0
52.0
52.0
53.0
0.0


49.0
49.0
50.0
48.0
48.0
50.0
51.0
50.0
48.0
130.0
159.0
157.0
176.0
146.0
52.0
51.0
52.0
45.0
99.0
138.0
140.0
153.0
198.0
117.0
72.0
164.0
155.0
171.0
179.0
171.0
67.0
48.0
78.0
133.0
135.0
146.0
156.0
177.0
185.0
59.0
50.0
56.0
54.0
48.0
56.0
69.0
64.0
49.0
51.0
51.0
49.0
51.0
51.0
51.0
53.0
53.0
52.0
51.0
52.0
53.0
0.0


48.0
49.0
49.0
48.0
48.0
49.0
49.0
50.0
42.0
103.0
168.0
165.0
175.0
172.0
62.0
48.0
54.0
47.0
97.0
143.0
144.0
152.0
211.0
107.0
83.0
154.0
144.0
159.0
175.0
155.0
61.0
48.0
92.0
147.0
140.0
148.0
155.0
212.0
133.0
47.0
54.0
55.0
48.0
68.0
108.0
106.0
122.0
62.0
49.0
52.0
49.0
50.0
51.0
51.0
51.0
51.0
52.0
51.0
51.0
52.0
0.0


48.0
48.0
48.0
49.0
49.0
49.0
49.0
50.0
44.0
76.0
169.0
160.0
149.0
156.0
85.0
44.0
57.0
47.0
95.0
151.0
153.0
160.0
211.0
112.0
101.0
154.0
159.0
162.0
179.0
150.0
54.0
65.0
127.0
146.0
144.0
152.0
162.0
230.0
88.0
46.0
57.0
51.0
57.0
121.0
113.0
100.0
135.0
71.0
46.0
51.0
50.0
50.0
51.0
51.0
52.0
52.0
51.0
52.0
51.0
52.0
0.0


48.0
48.0
49.0
48.0
49.0
49.0
48.0
49.0
50.0
53.0
128.0
138.0
121.0
135.0
118.0
50.0
57.0
47.0
96.0
149.0
154.0
159.0
156.0
116.0
98.0
124.0
138.0
130.0
129.0
124.0
72.0
99.0
129.0
135.0
146.0
162.0
184.0
183.0
62.0
52.0
56.0
47.0
87.0
126.0
106.0
117.0
155.0
67.0
48.0
52.0
50.0
51.0
51.0
50.0
52.0
52.0
51.0
51.0
52.0
52.0
0.0


49.0
49.0
49.0
48.0
47.0
47.0
48.0
48.0
51.0
45.0
97.0
126.0
110.0
121.0
139.0
72.0
48.0
52.0
109.0
149.0
143.0
133.0
107.0
92.0
108.0
121.0
117.0
113.0
102.0
94.0
98.0
101.0
106.0
112.0
128.0
148.0
209.0
141.0
52.0
55.0
52.0
56.0
114.0
118.0
119.0
152.0
158.0
55.0
49.0
52.0
51.0
51.0
51.0
50.0
51.0
51.0
53.0
52.0
51.0
53.0
0.0


49.0
49.0
49.0
48.0
48.0
48.0
50.0
50.0
51.0
46.0
87.0
131.0
108.0
115.0
132.0
100.0
45.0
57.0
106.0
122.0
118.0
108.0
103.0
104.0
118.0
123.0
120.0
115.0
112.0
101.0
97.0
103.0
107.0
112.0
125.0
138.0
199.0
122.0
50.0
56.0
50.0
77.0
133.0
123.0
131.0
195.0
120.0
45.0
51.0
51.0
51.0
50.0
50.0
51.0
51.0
51.0
53.0
52.0
52.0
53.0
0.0


48.0
49.0
48.0
48.0
49.0
50.0
49.0
50.0
52.0
47.0
73.0
133.0
109.0
114.0
120.0
126.0
58.0
69.0
97.0
101.0
106.0
109.0
111.0
116.0
127.0
125.0
119.0
120.0
111.0
98.0
105.0
114.0
116.0
124.0
134.0
145.0
208.0
116.0
52.0
54.0
52.0
100.0
136.0
128.0
138.0
211.0
88.0
42.0
52.0
49.0
49.0
50.0
51.0
51.0
51.0
51.0
50.0
52.0
51.0
53.0
0.0


49.0
48.0
48.0
48.0
48.0
49.0
50.0
50.0
52.0
49.0
62.0
123.0
112.0
108.0
115.0
121.0
100.0
85.0
90.0
108.0
113.0
113.0
118.0
128.0
130.0
126.0
129.0
124.0
107.0
109.0
122.0
125.0
127.0
136.0
141.0
151.0
226.0
112.0
54.0
53.0
61.0
121.0
129.0
130.0
149.0
224.0
89.0
44.0
52.0
50.0
49.0
51.0
52.0
50.0
51.0
52.0
52.0
51.0
52.0
53.0
0.0


48.0
50.0
49.0
49.0
48.0
49.0
50.0
50.0
51.0
50.0
53.0
107.0
113.0
108.0
114.0
103.0
80.0
74.0
94.0
109.0
118.0
122.0
124.0
131.0
132.0
132.0
137.0
117.0
114.0
125.0
129.0
127.0
132.0
138.0
147.0
149.0
213.0
96.0
53.0
54.0
71.0
141.0
125.0
137.0
156.0
236.0
105.0
44.0
52.0
51.0
49.0
50.0
51.0
52.0
51.0
51.0
52.0
52.0
52.0
51.0
0.0


49.0
50.0
50.0
50.0
49.0
48.0
49.0
49.0
52.0
51.0
49.0
94.0
131.0
116.0
96.0
88.0
83.0
91.0
109.0
114.0
119.0
127.0
129.0
132.0
133.0
142.0
132.0
111.0
120.0
126.0
125.0
138.0
146.0
134.0
144.0
153.0
200.0
86.0
54.0
51.0
88.0
160.0
128.0
146.0
168.0
244.0
120.0
45.0
52.0
51.0
49.0
50.0
51.0
52.0
51.0
50.0
53.0
51.0
51.0
52.0
0.0


49.0
48.0
49.0
49.0
49.0
49.0
49.0
51.0
52.0
52.0
48.0
90.0
129.0
98.0
92.0
93.0
94.0
105.0
117.0
122.0
126.0
133.0
134.0
132.0
140.0
145.0
121.0
116.0
123.0
136.0
143.0
146.0
127.0
128.0
158.0
173.0
201.0
78.0
52.0
54.0
107.0
146.0
138.0
156.0
175.0
255.0
119.0
45.0
52.0
51.0
50.0
50.0
51.0
52.0
52.0
52.0
53.0
53.0
51.0
52.0
0.0


49.0
49.0
48.0
49.0
49.0
48.0
50.0
51.0
52.0
53.0
49.0
82.0
111.0
95.0
97.0
97.0
99.0
108.0
119.0
126.0
129.0
132.0
132.0
138.0
147.0
126.0
116.0
124.0
143.0
148.0
123.0
108.0
118.0
145.0
143.0
139.0
184.0
98.0
49.0
64.0
129.0
129.0
140.0
164.0
191.0
251.0
84.0
44.0
54.0
51.0
50.0
50.0
51.0
51.0
51.0
51.0
52.0
52.0
53.0
52.0
0.0


49.0
49.0
49.0
49.0
49.0
48.0
50.0
50.0
51.0
53.0
48.0
77.0
120.0
99.0
95.0
98.0
104.0
112.0
121.0
124.0
129.0
134.0
142.0
145.0
128.0
123.0
132.0
142.0
137.0
106.0
102.0
114.0
117.0
111.0
109.0
119.0
156.0
132.0
52.0
85.0
136.0
133.0
150.0
171.0
236.0
173.0
55.0
49.0
53.0
51.0
51.0
51.0
51.0
51.0
51.0
51.0
51.0
52.0
51.0
53.0
0.0


48.0
49.0
50.0
50.0
50.0
49.0
50.0
50.0
51.0
53.0
48.0
69.0
125.0
103.0
101.0
105.0
108.0
114.0
123.0
128.0
137.0
145.0
135.0
124.0
124.0
134.0
134.0
123.0
111.0
107.0
108.0
97.0
105.0
126.0
142.0
142.0
150.0
138.0
59.0
107.0
129.0
139.0
160.0
182.0
253.0
126.0
45.0
53.0
51.0
51.0
51.0
51.0
51.0
52.0
51.0
51.0
51.0
53.0
53.0
54.0
0.0


48.0
50.0
49.0
50.0
50.0
50.0
51.0
53.0
53.0
55.0
50.0
62.0
122.0
111.0
104.0
107.0
112.0
122.0
132.0
141.0
142.0
130.0
123.0
125.0
132.0
124.0
112.0
118.0
122.0
112.0
97.0
98.0
104.0
106.0
112.0
131.0
152.0
149.0
93.0
120.0
128.0
139.0
158.0
191.0
250.0
93.0
44.0
55.0
51.0
51.0
51.0
51.0
51.0
51.0
52.0
50.0
52.0
52.0
52.0
53.0
0.0


49.0
50.0
48.0
50.0
50.0
51.0
52.0
53.0
53.0
55.0
51.0
57.0
113.0
120.0
115.0
124.0
129.0
129.0
128.0
131.0
124.0
125.0
131.0
136.0
130.0
110.0
118.0
123.0
124.0
107.0
105.0
105.0
98.0
87.0
93.0
116.0
143.0
144.0
113.0
122.0
132.0
142.0
158.0
202.0
216.0
70.0
48.0
55.0
52.0
52.0
51.0
52.0
51.0
51.0
52.0
51.0
51.0
50.0
52.0
52.0
0.0


50.0
50.0
50.0
51.0
51.0
51.0
52.0
54.0
54.0
56.0
55.0
53.0
104.0
140.0
129.0
122.0
114.0
111.0
119.0
124.0
129.0
131.0
135.0
138.0
122.0
115.0
116.0
121.0
113.0
107.0
103.0
99.0
92.0
88.0
100.0
118.0
128.0
106.0
101.0
124.0
134.0
147.0
162.0
221.0
174.0
57.0
54.0
56.0
52.0
52.0
51.0
51.0
50.0
52.0
52.0
51.0
51.0
52.0
52.0
52.0
0.0


50.0
49.0
50.0
52.0
51.0
52.0
53.0
54.0
55.0
56.0
57.0
50.0
91.0
136.0
114.0
109.0
109.0
110.0
120.0
127.0
132.0
137.0
136.0
128.0
118.0
112.0
109.0
117.0
110.0
105.0
100.0
93.0
87.0
87.0
89.0
108.0
109.0
110.0
116.0
120.0
139.0
145.0
162.0
236.0
144.0
49.0
57.0
56.0
52.0
52.0
51.0
52.0
51.0
52.0
51.0
52.0
52.0
50.0
52.0
53.0
0.0


49.0
50.0
50.0
50.0
51.0
52.0
54.0
54.0
55.0
56.0
57.0
51.0
79.0
129.0
116.0
113.0
109.0
107.0
115.0
127.0
134.0
134.0
125.0
121.0
114.0
111.0
112.0
111.0
101.0
100.0
96.0
95.0
92.0
93.0
96.0
96.0
109.0
112.0
112.0
123.0
137.0
145.0
169.0
242.0
124.0
46.0
58.0
53.0
52.0
52.0
52.0
52.0
51.0
51.0
51.0
51.0
52.0
50.0
50.0
51.0
0.0


50.0
50.0
50.0
50.0
51.0
52.0
53.0
55.0
55.0
55.0
58.0
52.0
69.0
128.0
119.0
115.0
112.0
107.0
114.0
126.0
131.0
128.0
123.0
118.0
109.0
107.0
115.0
102.0
91.0
95.0
97.0
93.0
89.0
86.0
90.0
90.0
101.0
96.0
102.0
126.0
134.0
153.0
182.0
244.0
114.0
47.0
58.0
52.0
53.0
52.0
52.0
52.0
52.0
53.0
52.0
52.0
51.0
51.0
51.0
49.0
0.0


51.0
50.0
50.0
52.0
52.0
53.0
55.0
55.0
55.0
57.0
57.0
52.0
65.0
125.0
124.0
116.0
112.0
106.0
110.0
123.0
125.0
127.0
123.0
119.0
105.0
104.0
111.0
91.0
90.0
98.0
93.0
90.0
89.0
88.0
89.0
90.0
98.0
107.0
117.0
131.0
146.0
174.0
194.0
243.0
102.0
49.0
58.0
52.0
53.0
53.0
53.0
53.0
53.0
53.0
52.0
52.0
52.0
51.0
50.0
48.0
0.0


51.0
50.0
51.0
51.0
52.0
53.0
55.0
56.0
56.0
57.0
58.0
57.0
61.0
119.0
126.0
117.0
112.0
106.0
109.0
118.0
122.0
124.0
121.0
113.0
102.0
97.0
98.0
90.0
96.0
96.0
91.0
91.0
97.0
98.0
99.0
101.0
110.0
133.0
143.0
156.0
175.0
196.0
202.0
227.0
73.0
52.0
57.0
52.0
53.0
53.0
52.0
52.0
50.0
52.0
52.0
52.0
51.0
50.0
50.0
49.0
0.0


51.0
52.0
52.0
52.0
52.0
53.0
54.0
54.0
56.0
57.0
59.0
59.0
57.0
113.0
133.0
120.0
115.0
107.0
107.0
115.0
124.0
126.0
120.0
104.0
97.0
92.0
95.0
91.0
95.0
94.0
92.0
92.0
96.0
99.0
103.0
113.0
123.0
148.0
153.0
172.0
192.0
192.0
255.0
124.0
49.0
59.0
55.0
53.0
54.0
53.0
51.0
50.0
51.0
52.0
52.0
52.0
53.0
50.0
49.0
50.0
0.0


51.0
52.0
52.0
51.0
52.0
54.0
53.0
55.0
57.0
57.0
58.0
61.0
55.0
99.0
144.0
123.0
119.0
111.0
110.0
118.0
121.0
124.0
118.0
100.0
92.0
95.0
95.0
92.0
98.0
98.0
96.0
95.0
99.0
104.0
111.0
118.0
131.0
151.0
157.0
174.0
185.0
241.0
166.0
59.0
55.0
59.0
55.0
54.0
53.0
52.0
51.0
51.0
52.0
53.0
52.0
52.0
52.0
51.0
51.0
51.0
0.0


52.0
52.0
53.0
52.0
54.0
54.0
55.0
56.0
56.0
57.0
59.0
61.0
54.0
80.0
148.0
129.0
123.0
115.0
118.0
119.0
115.0
123.0
114.0
95.0
93.0
97.0
95.0
95.0
101.0
101.0
103.0
106.0
108.0
113.0
125.0
134.0
143.0
156.0
175.0
179.0
222.0
199.0
70.0
53.0
61.0
58.0
55.0
54.0
53.0
52.0
51.0
52.0
52.0
51.0
51.0
52.0
51.0
51.0
51.0
50.0
0.0


52.0
51.0
52.0
53.0
53.0
53.0
55.0
56.0
58.0
58.0
59.0
60.0
59.0
66.0
142.0
140.0
129.0
122.0
121.0
118.0
111.0
123.0
110.0
98.0
99.0
98.0
101.0
102.0
105.0
107.0
114.0
120.0
122.0
127.0
137.0
145.0
156.0
170.0
185.0
210.0
220.0
83.0
54.0
62.0
58.0
58.0
55.0
55.0
53.0
52.0
51.0
52.0
52.0
51.0
49.0
50.0
51.0
50.0
50.0
50.0
0.0


52.0
52.0
52.0
52.0
52.0
53.0
55.0
56.0
57.0
59.0
60.0
59.0
63.0
57.0
118.0
153.0
131.0
131.0
126.0
120.0
113.0
116.0
109.0
99.0
105.0
102.0
107.0
109.0
111.0
114.0
122.0
128.0
132.0
137.0
145.0
157.0
169.0
186.0
201.0
245.0
99.0
55.0
65.0
59.0
59.0
58.0
54.0
54.0
53.0
52.0
51.0
51.0
50.0
51.0
50.0
49.0
49.0
50.0
49.0
51.0
0.0


52.0
53.0
54.0
53.0
53.0
55.0
55.0
55.0
57.0
59.0
60.0
61.0
64.0
57.0
87.0
159.0
134.0
136.0
132.0
122.0
111.0
112.0
109.0
103.0
111.0
105.0
110.0
116.0
120.0
126.0
129.0
135.0
141.0
150.0
157.0
168.0
186.0
195.0
248.0
116.0
59.0
67.0
62.0
59.0
59.0
57.0
53.0
52.0
52.0
51.0
50.0
51.0
49.0
50.0
48.0
48.0
49.0
49.0
49.0
50.0
0.0


52.0
52.0
53.0
53.0
54.0
55.0
56.0
54.0
58.0
59.0
61.0
62.0
63.0
62.0
64.0
138.0
150.0
137.0
133.0
123.0
116.0
110.0
108.0
110.0
119.0
113.0
117.0
122.0
125.0
133.0
141.0
147.0
152.0
163.0
171.0
188.0
195.0
245.0
147.0
63.0
67.0
64.0
60.0
59.0
58.0
55.0
54.0
53.0
53.0
51.0
50.0
49.0
49.0
49.0
49.0
50.0
50.0
49.0
50.0
51.0
0.0


53.0
52.0
54.0
54.0
53.0
54.0
54.0
55.0
57.0
60.0
60.0
62.0
65.0
65.0
59.0
96.0
160.0
137.0
137.0
134.0
130.0
119.0
115.0
120.0
130.0
125.0
126.0
130.0
132.0
139.0
150.0
158.0
165.0
173.0
188.0
195.0
234.0
190.0
75.0
67.0
68.0
65.0
62.0
59.0
57.0
56.0
56.0
53.0
52.0
51.0
50.0
49.0
49.0
49.0
48.0
49.0
50.0
51.0
50.0
51.0
0.0


53.0
53.0
52.0
54.0
55.0
56.0
55.0
55.0
57.0
59.0
61.0
63.0
64.0
66.0
66.0
70.0
137.0
148.0
140.0
141.0
140.0
130.0
129.0
131.0
137.0
138.0
135.0
143.0
144.0
150.0
157.0
167.0
172.0
186.0
199.0
213.0
243.0
96.0
66.0
73.0
68.0
66.0
63.0
61.0
58.0
57.0
54.0
52.0
51.0
52.0
51.0
51.0
50.0
50.0
50.0
50.0
51.0
51.0
50.0
51.0
0.0


52.0
53.0
52.0
53.0
54.0
56.0
56.0
55.0
58.0
59.0
60.0
64.0
66.0
67.0
70.0
64.0
101.0
158.0
140.0
144.0
144.0
140.0
142.0
139.0
144.0
150.0
152.0
157.0
158.0
165.0
174.0
184.0
193.0
201.0
205.0
248.0
119.0
66.0
76.0
70.0
68.0
66.0
62.0
61.0
59.0
56.0
56.0
55.0
55.0
53.0
53.0
52.0
52.0
51.0
51.0
50.0
50.0
51.0
51.0
51.0
0.0


52.0
53.0
54.0
54.0
53.0
55.0
55.0
56.0
57.0
60.0
62.0
65.0
66.0
67.0
71.0
69.0
74.0
139.0
149.0
146.0
149.0
149.0
149.0
148.0
151.0
148.0
157.0
170.0
176.0
183.0
194.0
200.0
207.0
210.0
220.0
220.0
89.0
69.0
76.0
70.0
69.0
67.0
63.0
61.0
60.0
57.0
57.0
55.0
54.0
54.0
53.0
53.0
52.0
51.0
51.0
51.0
51.0
51.0
51.0
51.0
0.0


52.0
53.0
53.0
53.0
54.0
56.0
56.0
56.0
56.0
60.0
62.0
66.0
67.0
68.0
69.0
73.0
67.0
106.0
174.0
156.0
162.0
159.0
158.0
158.0
164.0
161.0
159.0
168.0
181.0
198.0
205.0
212.0
219.0
216.0
221.0
247.0
106.0
71.0
76.0
72.0
70.0
68.0
64.0
62.0
59.0
59.0
58.0
54.0
55.0
55.0
53.0
53.0
53.0
52.0
51.0
51.0
51.0
50.0
51.0
52.0
0.0


53.0
53.0
53.0
54.0
54.0
55.0
56.0
56.0
56.0
60.0
63.0
65.0
68.0
69.0
70.0
74.0
72.0
73.0
148.0
186.0
175.0
177.0
175.0
175.0
178.0
179.0
177.0
178.0
182.0
196.0
210.0
220.0
227.0
228.0
218.0
255.0
135.0
76.0
77.0
73.0
70.0
68.0
64.0
63.0
63.0
60.0
59.0
57.0
57.0
55.0
53.0
52.0
54.0
53.0
52.0
51.0
51.0
51.0
51.0
52.0
0.0


53.0
53.0
54.0
53.0
53.0
55.0
56.0
56.0
58.0
60.0
62.0
63.0
68.0
69.0
70.0
70.0
74.0
69.0
90.0
179.0
192.0
193.0
193.0
185.0
181.0
182.0
184.0
189.0
193.0
198.0
211.0
218.0
223.0
224.0
213.0
245.0
172.0
84.0
77.0
77.0
73.0
70.0
65.0
64.0
63.0
61.0
59.0
58.0
57.0
55.0
55.0
54.0
54.0
53.0
53.0
53.0
53.0
52.0
53.0
53.0
0.0


53.0
54.0
54.0
53.0
54.0
54.0
56.0
56.0
58.0
60.0
61.0
63.0
67.0
68.0
70.0
71.0
72.0
77.0
69.0
117.0
201.0
188.0
195.0
191.0
193.0
192.0
190.0
192.0
197.0
203.0
212.0
216.0
218.0
218.0
214.0
214.0
224.0
103.0
76.0
79.0
73.0
71.0
67.0
64.0
63.0
63.0
61.0
60.0
59.0
58.0
56.0
57.0
55.0
55.0
55.0
55.0
55.0
55.0
54.0
54.0
0.0


0.0
0.0
0.0
0.0
0.0
0.0
0.0
0.0
0.0
0.0
0.0
0.0
0.0
0.0
0.0
0.0
0.0
0.0
0.0
0.0
0.0
0.0
0.0
0.0
0.0
0.0
0.0
0.0
0.0
0.0
0.0
0.0
0.0
0.0
0.0
0.0
0.0
0.0
0.0
0.0
0.0
0.0
0.0
0.0
0.0
0.0
0.0
0.0
0.0
0.0
0.0
0.0
0.0
0.0
0.0
0.0
0.0
0.0
0.0
0.0
0.0


