48.0
48.0
49.0
49.0
49.0
49.0
50.0
49.0
51.0
52.0
50.0
51.0
51.0
51.0
50.0
50.0
52.0
49.0
49.0
64.0
55.0
48.0
53.0
51.0
53.0
46.0
99.0
137.0
133.0
195.0
87.0
46.0
53.0
50.0
50.0
50.0
50.0
50.0
51.0
79.0
103.0
77.0
53.0
56.0
49.0
52.0
51.0
52.0
52.0
52.0
51.0
51.0
51.0
49.0
50.0
48.0
47.0
47.0
48.0
49.0
0.0


47.0
50.0
49.0
49.0
49.0
49.0
49.0
50.0
50.0
51.0
50.0
50.0
51.0
50.0
51.0
50.0
50.0
51.0
80.0
111.0
121.0
64.0
49.0
50.0
51.0
48.0
102.0
138.0
137.0
198.0
100.0
46.0
51.0
51.0
49.0
50.0
52.0
48.0
69.0
122.0
126.0
152.0
75.0
48.0
53.0
51.0
52.0
52.0
52.0
52.0
51.0
52.0
51.0
48.0
48.0
48.0
46.0
47.0
47.0
49.0
0.0


49.0
49.0
49.0
48.0
49.0
50.0
49.0
49.0
51.0
51.0
51.0
51.0
51.0
51.0
50.0
52.0
48.0
58.0
117.0
106.0
155.0
107.0
44.0
52.0
49.0
50.0
113.0
131.0
135.0
186.0
116.0
48.0
51.0
49.0
50.0
51.0
53.0
46.0
81.0
134.0
122.0
167.0
94.0
43.0
54.0
51.0
52.0
52.0
52.0
51.0
51.0
51.0
50.0
49.0
47.0
48.0
47.0
48.0
48.0
49.0
0.0


50.0
49.0
49.0
50.0
48.0
49.0
49.0
49.0
50.0
50.0
50.0
51.0
51.0
51.0
51.0
52.0
48.0
58.0
126.0
116.0
158.0
111.0
44.0
52.0
48.0
55.0
119.0
130.0
138.0
170.0
135.0
50.0
50.0
49.0
49.0
50.0
51.0
46.0
93.0
143.0
132.0
175.0
93.0
43.0
54.0
51.0
51.0
52.0
51.0
51.0
51.0
50.0
50.0
50.0
47.0
48.0
47.0
48.0
48.0
48.0
0.0


50.0
49.0
49.0
50.0
49.0
49.0
50.0
49.0
49.0
50.0
50.0
50.0
50.0
50.0
49.0
51.0
47.0
58.0
129.0
126.0
166.0
116.0
43.0
53.0
46.0
59.0
123.0
130.0
138.0
167.0
137.0
49.0
49.0
49.0
49.0
49.0
51.0
51.0
110.0
133.0
135.0
180.0
89.0
43.0
57.0
50.0
50.0
51.0
51.0
51.0
51.0
52.0
51.0
49.0
49.0
48.0
48.0
48.0
49.0
50.0
0.0


50.0
48.0
49.0
49.0
49.0
50.0
50.0
50.0
50.0
49.0
49.0
50.0
50.0
50.0
49.0
51.0
46.0
61.0
133.0
127.0
159.0
132.0
45.0
53.0
45.0
62.0
140.0
144.0
141.0
177.0
133.0
48.0
50.0
49.0
49.0
48.0
48.0
61.0
122.0
124.0
137.0
178.0
92.0
44.0
54.0
49.0
50.0
50.0
49.0
50.0
50.0
51.0
52.0
49.0
48.0
49.0
49.0
50.0
50.0
51.0
0.0


49.0
50.0
49.0
49.0
50.0
49.0
49.0
49.0
49.0
49.0
48.0
50.0
51.0
49.0
48.0
51.0
46.0
69.0
134.0
126.0
148.0
150.0
51.0
49.0
44.0
69.0
146.0
143.0
144.0
187.0
132.0
48.0
50.0
48.0
47.0
50.0
50.0
77.0
126.0
127.0
138.0
180.0
90.0
43.0
54.0
50.0
49.0
49.0
51.0
51.0
51.0
51.0
52.0
50.0
49.0
50.0
49.0
49.0
51.0
52.0
0.0


50.0
51.0
49.0
49.0
49.0
50.0
49.0
49.0
50.0
50.0
51.0
50.0
50.0
49.0
48.0
52.0
44.0
79.0
131.0
122.0
143.0
164.0
57.0
48.0
42.0
74.0
144.0
135.0
139.0
172.0
140.0
51.0
49.0
48.0
48.0
52.0
48.0
96.0
133.0
131.0
141.0
180.0
81.0
44.0
55.0
51.0
48.0
49.0
49.0
50.0
51.0
51.0
52.0
52.0
52.0
51.0
52.0
50.0
51.0
53.0
0.0


49.0
50.0
49.0
49.0
49.0
49.0
48.0
48.0
49.0
49.0
50.0
50.0
49.0
49.0
49.0
51.0
44.0
81.0
131.0
123.0
143.0
172.0
62.0
47.0
42.0
81.0
141.0
137.0
141.0
174.0
138.0
50.0
48.0
49.0
50.0
50.0
49.0
124.0
140.0
144.0
154.0
181.0
65.0
47.0
55.0
50.0
49.0
50.0
50.0
51.0
51.0
53.0
51.0
52.0
52.0
53.0
52.0
52.0
52.0
51.0
0.0


49.0
49.0
49.0
50.0
50.0
49.0
50.0
50.0
50.0
47.0
49.0
49.0
48.0
50.0
48.0
51.0
44.0
76.0
147.0
137.0
152.0
188.0
66.0
45.0
44.0
87.0
146.0
141.0
146.0
183.0
131.0
47.0
51.0
49.0
50.0
47.0
64.0
131.0
127.0
143.0
170.0
161.0
53.0
51.0
53.0
50.0
50.0
50.0
51.0
51.0
51.0
52.0
52.0
52.0
53.0
53.0
52.0
52.0
52.0
53.0
0.0


51.0
49.0
49.0
50.0
49.0
49.0
46.0
45.0
49.0
49.0
50.0
48.0
48.0
49.0
47.0
50.0
43.0
71.0
148.0
136.0
149.0
194.0
71.0
43.0
45.0
94.0
148.0
140.0
147.0
191.0
125.0
46.0
51.0
50.0
51.0
46.0
85.0
129.0
130.0
146.0
183.0
136.0
47.0
53.0
52.0
51.0
51.0
51.0
50.0
50.0
52.0
51.0
52.0
52.0
52.0
52.0
52.0
52.0
52.0
52.0
0.0


48.0
48.0
48.0
48.0
51.0
46.0
57.0
61.0
44.0
48.0
50.0
47.0
48.0
48.0
48.0
50.0
43.0
67.0
144.0
136.0
148.0
193.0
77.0
40.0
46.0
103.0
147.0
146.0
149.0
195.0
122.0
45.0
49.0
51.0
50.0
47.0
101.0
124.0
136.0
146.0
202.0
111.0
45.0
54.0
52.0
50.0
51.0
52.0
51.0
50.0
51.0
51.0
52.0
52.0
50.0
53.0
53.0
52.0
52.0
52.0
0.0


49.0
48.0
47.0
48.0
47.0
55.0
104.0
131.0
85.0
42.0
52.0
46.0
47.0
47.0
47.0
49.0
42.0
64.0
141.0
138.0
150.0
193.0
82.0
38.0
48.0
111.0
147.0
152.0
152.0
205.0
114.0
45.0
50.0
53.0
47.0
59.0
119.0
123.0
139.0
147.0
211.0
90.0
45.0
55.0
51.0
51.0
51.0
51.0
51.0
50.0
52.0
53.0
52.0
52.0
52.0
54.0
53.0
51.0
52.0
53.0
0.0


49.0
48.0
48.0
50.0
44.0
69.0
122.0
132.0
143.0
56.0
46.0
47.0
46.0
47.0
46.0
48.0
42.0
63.0
139.0
138.0
149.0
193.0
91.0
36.0
56.0
124.0
153.0
162.0
154.0
206.0
117.0
46.0
52.0
54.0
45.0
80.0
126.0
133.0
148.0
154.0
210.0
77.0
46.0
55.0
52.0
51.0
51.0
51.0
51.0
51.0
51.0
53.0
52.0
51.0
53.0
53.0
52.0
52.0
51.0
52.0
0.0


49.0
49.0
48.0
49.0
44.0
61.0
137.0
140.0
159.0
82.0
42.0
49.0
46.0
47.0
47.0
48.0
42.0
62.0
137.0
136.0
150.0
190.0
106.0
37.0
64.0
143.0
156.0
161.0
160.0
218.0
125.0
47.0
53.0
51.0
51.0
107.0
138.0
142.0
149.0
163.0
194.0
66.0
49.0
55.0
52.0
51.0
51.0
51.0
51.0
52.0
50.0
50.0
52.0
51.0
52.0
51.0
52.0
52.0
51.0
52.0
0.0


49.0
50.0
47.0
50.0
46.0
47.0
127.0
154.0
170.0
119.0
44.0
47.0
47.0
47.0
47.0
49.0
42.0
64.0
135.0
136.0
150.0
177.0
123.0
38.0
72.0
150.0
153.0
155.0
161.0
229.0
122.0
48.0
54.0
47.0
65.0
141.0
152.0
156.0
152.0
173.0
173.0
58.0
50.0
54.0
52.0
50.0
50.0
51.0
51.0
50.0
50.0
51.0
51.0
50.0
50.0
51.0
52.0
50.0
49.0
51.0
0.0


49.0
50.0
49.0
49.0
49.0
46.0
116.0
161.0
158.0
159.0
58.0
44.0
50.0
47.0
46.0
48.0
44.0
66.0
138.0
141.0
156.0
168.0
148.0
43.0
74.0
137.0
128.0
138.0
151.0
211.0
101.0
48.0
56.0
48.0
81.0
139.0
147.0
150.0
161.0
203.0
146.0
50.0
52.0
53.0
52.0
51.0
51.0
52.0
52.0
50.0
50.0
51.0
51.0
49.0
49.0
50.0
50.0
49.0
49.0
50.0
0.0


49.0
49.0
47.0
48.0
50.0
42.0
101.0
165.0
148.0
194.0
90.0
41.0
51.0
46.0
46.0
49.0
43.0
70.0
146.0
151.0
169.0
174.0
175.0
49.0
72.0
132.0
119.0
138.0
151.0
211.0
93.0
47.0
55.0
52.0
97.0
124.0
128.0
143.0
158.0
231.0
108.0
46.0
55.0
53.0
52.0
53.0
52.0
51.0
50.0
50.0
51.0
50.0
50.0
50.0
50.0
50.0
50.0
50.0
50.0
50.0
0.0


49.0
48.0
48.0
47.0
51.0
41.0
82.0
166.0
145.0
188.0
137.0
47.0
47.0
48.0
47.0
50.0
43.0
67.0
154.0
152.0
159.0
170.0
186.0
56.0
74.0
135.0
121.0
141.0
152.0
206.0
88.0
49.0
53.0
61.0
108.0
115.0
125.0
139.0
159.0
206.0
74.0
48.0
55.0
53.0
53.0
53.0
51.0
50.0
49.0
50.0
49.0
50.0
51.0
50.0
50.0
50.0
50.0
50.0
51.0
51.0
0.0


49.0
48.0
48.0
47.0
50.0
44.0
55.0
153.0
162.0
163.0
177.0
67.0
43.0
50.0
45.0
49.0
46.0
64.0
132.0
128.0
142.0
152.0
188.0
67.0
76.0
140.0
126.0
144.0
153.0
203.0
82.0
49.0
52.0
78.0
116.0
113.0
133.0
145.0
185.0
153.0
55.0
52.0
55.0
53.0
52.0
51.0
51.0
50.0
50.0
50.0
50.0
49.0
49.0
48.0
48.0
49.0
50.0
49.0
50.0
50.0
0.0


49.0
49.0
48.0
48.0
48.0
50.0
40.0
113.0
166.0
137.0
171.0
107.0
44.0
51.0
48.0
49.0
46.0
61.0
127.0
118.0
132.0
146.0
192.0
72.0
72.0
143.0
128.0
142.0
158.0
193.0
74.0
50.0
55.0
94.0
117.0
119.0
140.0
146.0
206.0
114.0
47.0
55.0
54.0
54.0
53.0
51.0
49.0
50.0
49.0
50.0
51.0
52.0
49.0
49.0
49.0
49.0
50.0
49.0
50.0
50.0
0.0


49.0
48.0
48.0
48.0
47.0
51.0
43.0
74.0
160.0
140.0
150.0
157.0
61.0
47.0
52.0
50.0
47.0
59.0
125.0
118.0
130.0
143.0
188.0
78.0
73.0
156.0
138.0
149.0
172.0
172.0
66.0
52.0
62.0
110.0
117.0
127.0
140.0
152.0
203.0
82.0
47.0
57.0
54.0
52.0
52.0
52.0
50.0
51.0
51.0
49.0
48.0
50.0
50.0
49.0
48.0
49.0
48.0
48.0
48.0
50.0
0.0


47.0
48.0
47.0
47.0
49.0
50.0
47.0
53.0
140.0
145.0
143.0
165.0
113.0
45.0
52.0
50.0
49.0
55.0
121.0
122.0
133.0
143.0
184.0
82.0
73.0
160.0
152.0
162.0
186.0
155.0
63.0
53.0
70.0
126.0
126.0
137.0
138.0
170.0
169.0
61.0
50.0
56.0
53.0
53.0
52.0
51.0
51.0
49.0
47.0
60.0
66.0
55.0
45.0
50.0
48.0
48.0
49.0
49.0
49.0
50.0
0.0


48.0
48.0
48.0
48.0
49.0
48.0
49.0
42.0
99.0
158.0
141.0
153.0
171.0
70.0
46.0
53.0
49.0
52.0
116.0
128.0
132.0
143.0
183.0
83.0
80.0
141.0
136.0
150.0
178.0
140.0
61.0
51.0
84.0
139.0
132.0
136.0
144.0
197.0
130.0
50.0
56.0
57.0
53.0
52.0
52.0
51.0
50.0
49.0
87.0
108.0
110.0
120.0
63.0
45.0
50.0
48.0
49.0
48.0
50.0
51.0
0.0


48.0
47.0
47.0
48.0
48.0
49.0
51.0
44.0
66.0
157.0
142.0
163.0
179.0
102.0
44.0
55.0
50.0
50.0
110.0
134.0
136.0
152.0
179.0
85.0
96.0
153.0
152.0
158.0
188.0
139.0
55.0
63.0
121.0
143.0
143.0
147.0
160.0
207.0
95.0
46.0
57.0
55.0
54.0
53.0
52.0
49.0
46.0
89.0
123.0
104.0
102.0
140.0
79.0
41.0
50.0
47.0
48.0
49.0
48.0
50.0
0.0


47.0
47.0
47.0
48.0
48.0
48.0
49.0
47.0
49.0
131.0
160.0
149.0
141.0
122.0
56.0
51.0
54.0
51.0
104.0
143.0
143.0
150.0
158.0
103.0
91.0
124.0
142.0
134.0
135.0
122.0
70.0
91.0
121.0
126.0
137.0
155.0
177.0
182.0
68.0
51.0
57.0
55.0
54.0
52.0
53.0
43.0
69.0
122.0
103.0
106.0
120.0
154.0
60.0
43.0
49.0
49.0
48.0
49.0
49.0
50.0
0.0


48.0
48.0
48.0
48.0
48.0
48.0
47.0
49.0
44.0
85.0
155.0
120.0
116.0
129.0
86.0
48.0
56.0
54.0
105.0
142.0
140.0
138.0
113.0
93.0
98.0
112.0
118.0
115.0
104.0
93.0
87.0
95.0
103.0
106.0
119.0
137.0
175.0
155.0
56.0
54.0
56.0
55.0
53.0
52.0
48.0
51.0
111.0
110.0
110.0
120.0
167.0
123.0
42.0
50.0
47.0
49.0
49.0
47.0
48.0
50.0
0.0


49.0
48.0
48.0
50.0
49.0
48.0
48.0
50.0
48.0
53.0
118.0
112.0
103.0
115.0
118.0
61.0
54.0
58.0
111.0
133.0
124.0
113.0
101.0
96.0
107.0
120.0
117.0
114.0
113.0
102.0
92.0
102.0
105.0
108.0
117.0
134.0
169.0
140.0
54.0
58.0
56.0
55.0
53.0
54.0
47.0
84.0
122.0
117.0
121.0
136.0
180.0
66.0
43.0
48.0
48.0
49.0
49.0
49.0
48.0
49.0
0.0


49.0
48.0
47.0
49.0
48.0
47.0
48.0
48.0
50.0
47.0
102.0
125.0
103.0
105.0
123.0
90.0
51.0
63.0
96.0
98.0
109.0
107.0
105.0
106.0
114.0
120.0
116.0
115.0
115.0
100.0
101.0
113.0
114.0
120.0
127.0
139.0
177.0
138.0
54.0
58.0
56.0
55.0
55.0
49.0
60.0
115.0
118.0
117.0
121.0
171.0
118.0
39.0
48.0
46.0
47.0
47.0
49.0
49.0
50.0
50.0
0.0


49.0
48.0
48.0
48.0
48.0
48.0
47.0
48.0
52.0
44.0
82.0
133.0
104.0
103.0
108.0
114.0
77.0
78.0
84.0
100.0
108.0
106.0
107.0
115.0
121.0
120.0
121.0
124.0
109.0
104.0
117.0
122.0
119.0
131.0
136.0
143.0
183.0
136.0
54.0
59.0
57.0
55.0
54.0
48.0
86.0
126.0
114.0
117.0
129.0
209.0
88.0
39.0
48.0
46.0
47.0
47.0
48.0
48.0
50.0
51.0
0.0


49.0
48.0
48.0
48.0
48.0
49.0
48.0
48.0
51.0
45.0
65.0
125.0
106.0
100.0
99.0
103.0
91.0
69.0
75.0
99.0
109.0
113.0
114.0
119.0
124.0
122.0
129.0
121.0
108.0
117.0
124.0
126.0
128.0
130.0
138.0
144.0
174.0
125.0
53.0
61.0
57.0
57.0
51.0
59.0
122.0
129.0
111.0
125.0
151.0
205.0
67.0
44.0
47.0
45.0
48.0
48.0
48.0
49.0
50.0
51.0
0.0


49.0
48.0
48.0
48.0
48.0
47.0
48.0
49.0
51.0
52.0
50.0
104.0
111.0
103.0
98.0
84.0
66.0
63.0
84.0
99.0
107.0
115.0
118.0
120.0
123.0
127.0
133.0
113.0
111.0
122.0
122.0
126.0
140.0
138.0
137.0
145.0
176.0
113.0
52.0
61.0
57.0
58.0
50.0
77.0
138.0
130.0
124.0
133.0
183.0
176.0
54.0
46.0
48.0
47.0
48.0
48.0
48.0
48.0
48.0
50.0
0.0


49.0
49.0
49.0
48.0
49.0
49.0
49.0
49.0
50.0
54.0
43.0
81.0
125.0
109.0
86.0
79.0
80.0
85.0
99.0
109.0
110.0
120.0
124.0
123.0
123.0
138.0
131.0
112.0
113.0
124.0
131.0
141.0
134.0
121.0
137.0
158.0
200.0
112.0
52.0
62.0
58.0
57.0
53.0
98.0
125.0
121.0
138.0
147.0
231.0
139.0
44.0
48.0
50.0
49.0
48.0
48.0
49.0
49.0
50.0
51.0
0.0


48.0
47.0
47.0
47.0
48.0
48.0
49.0
51.0
50.0
53.0
46.0
72.0
124.0
95.0
88.0
92.0
90.0
97.0
104.0
112.0
116.0
124.0
126.0
122.0
134.0
139.0
117.0
113.0
126.0
144.0
134.0
111.0
100.0
122.0
142.0
130.0
144.0
158.0
67.0
56.0
61.0
54.0
72.0
124.0
119.0
125.0
141.0
168.0
246.0
91.0
42.0
52.0
50.0
49.0
49.0
50.0
51.0
50.0
51.0
53.0
0.0


49.0
48.0
46.0
47.0
49.0
49.0
50.0
51.0
51.0
53.0
49.0
65.0
108.0
94.0
93.0
90.0
94.0
98.0
105.0
112.0
116.0
121.0
125.0
135.0
140.0
123.0
120.0
131.0
140.0
127.0
98.0
101.0
113.0
122.0
117.0
116.0
125.0
156.0
96.0
52.0
61.0
55.0
92.0
121.0
126.0
137.0
156.0
214.0
177.0
54.0
47.0
53.0
51.0
50.0
49.0
50.0
51.0
50.0
51.0
52.0
0.0


48.0
49.0
48.0
48.0
50.0
50.0
50.0
50.0
52.0
53.0
50.0
57.0
115.0
104.0
95.0
94.0
97.0
103.0
110.0
112.0
115.0
130.0
140.0
133.0
122.0
124.0
136.0
134.0
120.0
100.0
103.0
105.0
100.0
109.0
128.0
147.0
152.0
154.0
101.0
54.0
57.0
69.0
111.0
117.0
132.0
145.0
173.0
250.0
115.0
43.0
53.0
52.0
50.0
50.0
50.0
51.0
51.0
51.0
50.0
52.0
0.0


48.0
48.0
49.0
49.0
49.0
51.0
51.0
53.0
52.0
54.0
54.0
50.0
107.0
115.0
99.0
100.0
103.0
103.0
110.0
117.0
133.0
142.0
128.0
119.0
123.0
133.0
120.0
112.0
116.0
113.0
103.0
91.0
97.0
100.0
100.0
106.0
127.0
160.0
140.0
63.0
57.0
99.0
112.0
125.0
134.0
153.0
187.0
239.0
72.0
44.0
55.0
51.0
50.0
51.0
51.0
51.0
50.0
51.0
51.0
50.0
0.0


49.0
48.0
49.0
48.0
50.0
51.0
51.0
53.0
54.0
53.0
55.0
48.0
93.0
122.0
103.0
105.0
110.0
119.0
126.0
130.0
134.0
124.0
123.0
128.0
135.0
122.0
108.0
117.0
118.0
112.0
99.0
101.0
107.0
104.0
94.0
96.0
107.0
126.0
173.0
108.0
76.0
106.0
115.0
127.0
144.0
157.0
223.0
152.0
50.0
52.0
53.0
51.0
51.0
51.0
50.0
50.0
51.0
51.0
50.0
51.0
0.0


49.0
48.0
48.0
48.0
51.0
52.0
52.0
53.0
54.0
53.0
55.0
51.0
78.0
129.0
116.0
126.0
126.0
119.0
113.0
117.0
123.0
126.0
130.0
135.0
137.0
118.0
115.0
117.0
114.0
105.0
103.0
105.0
107.0
102.0
95.0
98.0
108.0
116.0
111.0
93.0
97.0
106.0
117.0
134.0
147.0
159.0
238.0
107.0
43.0
55.0
51.0
51.0
52.0
52.0
51.0
51.0
52.0
52.0
50.0
52.0
0.0


49.0
50.0
48.0
48.0
52.0
52.0
53.0
54.0
53.0
54.0
56.0
52.0
64.0
134.0
133.0
122.0
110.0
103.0
108.0
120.0
126.0
130.0
136.0
138.0
128.0
116.0
111.0
110.0
113.0
108.0
107.0
103.0
95.0
86.0
73.0
73.0
78.0
96.0
95.0
95.0
114.0
107.0
121.0
137.0
138.0
163.0
236.0
75.0
46.0
56.0
51.0
52.0
52.0
51.0
52.0
52.0
52.0
51.0
51.0
50.0
0.0


48.0
49.0
50.0
49.0
52.0
53.0
54.0
54.0
54.0
54.0
54.0
55.0
55.0
118.0
127.0
111.0
110.0
106.0
108.0
118.0
126.0
135.0
137.0
127.0
120.0
113.0
109.0
109.0
105.0
104.0
100.0
96.0
90.0
88.0
85.0
89.0
94.0
90.0
101.0
100.0
92.0
106.0
122.0
129.0
142.0
192.0
183.0
56.0
52.0
55.0
52.0
52.0
52.0
52.0
52.0
50.0
51.0
51.0
50.0
49.0
0.0


50.0
51.0
49.0
50.0
53.0
53.0
54.0
54.0
54.0
54.0
54.0
56.0
54.0
100.0
130.0
115.0
112.0
107.0
105.0
113.0
127.0
134.0
128.0
123.0
116.0
107.0
107.0
112.0
94.0
90.0
92.0
93.0
89.0
87.0
84.0
79.0
79.0
76.0
79.0
83.0
82.0
101.0
114.0
127.0
157.0
231.0
145.0
48.0
55.0
54.0
53.0
52.0
53.0
52.0
51.0
51.0
51.0
51.0
51.0
50.0
0.0


51.0
49.0
49.0
50.0
52.0
52.0
54.0
54.0
55.0
57.0
56.0
57.0
54.0
87.0
133.0
117.0
117.0
110.0
105.0
111.0
125.0
127.0
127.0
123.0
116.0
106.0
104.0
105.0
84.0
81.0
93.0
89.0
76.0
79.0
77.0
77.0
79.0
78.0
78.0
92.0
97.0
110.0
128.0
153.0
180.0
241.0
122.0
46.0
56.0
53.0
53.0
52.0
52.0
51.0
51.0
51.0
52.0
52.0
51.0
50.0
0.0


50.0
49.0
49.0
50.0
53.0
53.0
52.0
54.0
56.0
58.0
58.0
60.0
54.0
77.0
136.0
118.0
118.0
111.0
104.0
108.0
120.0
121.0
123.0
119.0
114.0
102.0
97.0
93.0
76.0
84.0
87.0
83.0
78.0
80.0
86.0
86.0
87.0
91.0
89.0
110.0
128.0
142.0
167.0
191.0
193.0
247.0
86.0
48.0
57.0
53.0
53.0
54.0
52.0
50.0
51.0
51.0
52.0
51.0
51.0
50.0
0.0


50.0
51.0
51.0
51.0
53.0
54.0
54.0
54.0
58.0
57.0
58.0
60.0
55.0
70.0
136.0
120.0
117.0
112.0
105.0
107.0
115.0
121.0
122.0
115.0
104.0
97.0
87.0
83.0
77.0
80.0
82.0
85.0
85.0
85.0
87.0
90.0
93.0
99.0
106.0
129.0
139.0
153.0
180.0
186.0
244.0
152.0
53.0
56.0
56.0
55.0
54.0
53.0
53.0
51.0
50.0
51.0
50.0
51.0
50.0
49.0
0.0


50.0
51.0
51.0
51.0
51.0
52.0
53.0
54.0
57.0
56.0
56.0
59.0
57.0
62.0
128.0
132.0
117.0
117.0
106.0
106.0
115.0
122.0
121.0
113.0
98.0
89.0
83.0
81.0
76.0
85.0
90.0
89.0
89.0
92.0
92.0
97.0
100.0
108.0
122.0
136.0
147.0
162.0
176.0
222.0
189.0
68.0
53.0
60.0
55.0
55.0
55.0
52.0
53.0
51.0
49.0
51.0
50.0
50.0
50.0
50.0
0.0


50.0
51.0
51.0
50.0
51.0
52.0
53.0
53.0
57.0
58.0
58.0
59.0
60.0
56.0
111.0
148.0
121.0
120.0
110.0
112.0
120.0
118.0
119.0
110.0
93.0
84.0
81.0
80.0
80.0
89.0
92.0
94.0
96.0
100.0
102.0
107.0
118.0
126.0
136.0
146.0
165.0
175.0
205.0
212.0
78.0
51.0
60.0
57.0
55.0
54.0
53.0
51.0
52.0
51.0
51.0
51.0
51.0
50.0
50.0
50.0
0.0


51.0
51.0
50.0
51.0
52.0
52.0
53.0
55.0
59.0
58.0
60.0
60.0
62.0
56.0
89.0
156.0
128.0
125.0
116.0
117.0
121.0
114.0
120.0
103.0
88.0
86.0
81.0
81.0
88.0
94.0
93.0
101.0
107.0
112.0
115.0
120.0
131.0
137.0
147.0
163.0
178.0
200.0
221.0
86.0
50.0
63.0
57.0
56.0
56.0
54.0
53.0
52.0
53.0
50.0
50.0
50.0
50.0
50.0
49.0
50.0
0.0


51.0
51.0
52.0
52.0
52.0
53.0
54.0
56.0
58.0
58.0
59.0
60.0
62.0
57.0
73.0
149.0
141.0
131.0
125.0
122.0
121.0
111.0
114.0
103.0
89.0
89.0
82.0
86.0
92.0
99.0
99.0
104.0
112.0
121.0
124.0
128.0
136.0
150.0
162.0
178.0
198.0
241.0
95.0
52.0
63.0
62.0
59.0
56.0
57.0
54.0
51.0
51.0
52.0
49.0
47.0
48.0
49.0
47.0
48.0
51.0
0.0


50.0
51.0
52.0
53.0
53.0
53.0
55.0
54.0
57.0
58.0
59.0
61.0
62.0
62.0
61.0
125.0
155.0
133.0
134.0
130.0
123.0
112.0
111.0
105.0
92.0
95.0
89.0
89.0
96.0
107.0
112.0
115.0
121.0
127.0
133.0
143.0
151.0
161.0
177.0
193.0
247.0
109.0
57.0
65.0
64.0
62.0
59.0
58.0
56.0
54.0
51.0
52.0
49.0
48.0
47.0
47.0
47.0
47.0
49.0
50.0
0.0


51.0
52.0
52.0
52.0
53.0
52.0
54.0
55.0
57.0
57.0
60.0
61.0
62.0
66.0
57.0
93.0
162.0
140.0
135.0
135.0
124.0
115.0
109.0
106.0
101.0
101.0
94.0
95.0
102.0
109.0
117.0
125.0
135.0
138.0
147.0
157.0
165.0
180.0
186.0
247.0
124.0
59.0
68.0
66.0
63.0
61.0
60.0
57.0
55.0
53.0
52.0
51.0
50.0
49.0
47.0
48.0
48.0
49.0
49.0
49.0
0.0


52.0
53.0
53.0
52.0
52.0
53.0
54.0
55.0
56.0
56.0
60.0
61.0
63.0
64.0
63.0
66.0
142.0
152.0
138.0
135.0
131.0
126.0
115.0
107.0
107.0
111.0
108.0
105.0
110.0
113.0
125.0
134.0
147.0
152.0
158.0
167.0
180.0
185.0
241.0
157.0
68.0
69.0
70.0
67.0
67.0
64.0
59.0
56.0
56.0
54.0
52.0
52.0
52.0
51.0
49.0
48.0
49.0
49.0
49.0
51.0
0.0


52.0
53.0
52.0
52.0
55.0
54.0
55.0
55.0
56.0
58.0
60.0
63.0
63.0
63.0
67.0
60.0
98.0
159.0
139.0
141.0
139.0
138.0
128.0
118.0
119.0
122.0
123.0
118.0
123.0
127.0
136.0
143.0
154.0
160.0
167.0
179.0
191.0
224.0
204.0
84.0
68.0
76.0
72.0
71.0
70.0
67.0
63.0
61.0
60.0
59.0
56.0
55.0
54.0
53.0
52.0
52.0
52.0
52.0
52.0
53.0
0.0


52.0
52.0
52.0
51.0
53.0
54.0
54.0
56.0
57.0
59.0
60.0
62.0
65.0
66.0
67.0
70.0
69.0
137.0
151.0
143.0
142.0
142.0
133.0
130.0
130.0
132.0
136.0
140.0
140.0
142.0
147.0
160.0
167.0
179.0
187.0
195.0
210.0
222.0
103.0
70.0
81.0
76.0
74.0
74.0
71.0
68.0
66.0
64.0
62.0
61.0
59.0
58.0
58.0
56.0
55.0
55.0
55.0
54.0
55.0
54.0
0.0


52.0
52.0
52.0
52.0
52.0
54.0
54.0
56.0
57.0
59.0
61.0
63.0
66.0
67.0
67.0
73.0
68.0
96.0
161.0
137.0
143.0
145.0
138.0
142.0
141.0
142.0
141.0
145.0
153.0
160.0
167.0
177.0
187.0
196.0
205.0
206.0
245.0
128.0
70.0
82.0
82.0
80.0
77.0
77.0
74.0
71.0
67.0
66.0
64.0
63.0
61.0
60.0
59.0
57.0
58.0
58.0
58.0
57.0
56.0
57.0
0.0


51.0
52.0
52.0
52.0
53.0
54.0
54.0
55.0
57.0
60.0
61.0
62.0
64.0
67.0
68.0
70.0
72.0
73.0
135.0
157.0
143.0
151.0
148.0
148.0
145.0
149.0
149.0
145.0
154.0
169.0
184.0
197.0
204.0
210.0
218.0
213.0
249.0
108.0
78.0
86.0
83.0
83.0
82.0
80.0
76.0
72.0
69.0
66.0
65.0
65.0
63.0
62.0
61.0
59.0
58.0
59.0
59.0
59.0
58.0
58.0
0.0


52.0
52.0
52.0
52.0
53.0
53.0
54.0
56.0
57.0
59.0
59.0
61.0
64.0
68.0
70.0
71.0
74.0
71.0
96.0
178.0
162.0
167.0
159.0
158.0
158.0
166.0
173.0
168.0
168.0
173.0
186.0
204.0
216.0
223.0
228.0
220.0
253.0
129.0
81.0
88.0
85.0
82.0
81.0
79.0
75.0
72.0
69.0
68.0
67.0
65.0
64.0
62.0
62.0
60.0
60.0
60.0
59.0
60.0
59.0
58.0
0.0


51.0
52.0
52.0
53.0
53.0
52.0
54.0
55.0
56.0
59.0
59.0
63.0
64.0
67.0
71.0
72.0
74.0
75.0
73.0
126.0
187.0
174.0
181.0
182.0
180.0
176.0
178.0
179.0
184.0
190.0
190.0
201.0
213.0
218.0
223.0
218.0
245.0
157.0
86.0
88.0
85.0
82.0
81.0
77.0
76.0
72.0
69.0
68.0
67.0
66.0
65.0
63.0
63.0
61.0
61.0
62.0
61.0
61.0
60.0
60.0
0.0


53.0
52.0
52.0
53.0
53.0
53.0
53.0
55.0
57.0
59.0
61.0
63.0
64.0
67.0
70.0
73.0
73.0
77.0
74.0
82.0
158.0
197.0
190.0
194.0
192.0
190.0
189.0
186.0
190.0
197.0
198.0
207.0
215.0
216.0
218.0
217.0
225.0
194.0
99.0
86.0
87.0
83.0
82.0
78.0
75.0
72.0
69.0
69.0
67.0
67.0
66.0
64.0
62.0
61.0
62.0
61.0
63.0
63.0
61.0
60.0
0.0


52.0
53.0
53.0
52.0
53.0
54.0
53.0
57.0
58.0
58.0
60.0
61.0
65.0
66.0
70.0
71.0
72.0
75.0
79.0
74.0
104.0
182.0
180.0
189.0
190.0
190.0
192.0
188.0
186.0
192.0
198.0
206.0
210.0
212.0
216.0
215.0
211.0
229.0
123.0
86.0
91.0
85.0
83.0
78.0
75.0
73.0
70.0
70.0
69.0
68.0
67.0
66.0
64.0
63.0
63.0
63.0
62.0
62.0
61.0
62.0
0.0


0.0
0.0
0.0
0.0
0.0
0.0
0.0
0.0
0.0
0.0
0.0
0.0
0.0
0.0
0.0
0.0
0.0
0.0
0.0
0.0
0.0
0.0
0.0
0.0
0.0
0.0
0.0
0.0
0.0
0.0
0.0
0.0
0.0
0.0
0.0
0.0
0.0
0.0
0.0
0.0
0.0
0.0
0.0
0.0
0.0
0.0
0.0
0.0
0.0
0.0
0.0
0.0
0.0
0.0
0.0
0.0
0.0
0.0
0.0
0.0
0.0


