49.0
49.0
50.0
49.0
49.0
51.0
51.0
52.0
51.0
51.0
52.0
52.0
52.0
52.0
53.0
52.0
64.0
61.0
49.0
52.0
50.0
95.0
142.0
141.0
53.0
51.0
52.0
53.0
52.0
52.0
50.0
50.0
51.0
51.0
50.0
50.0
50.0
51.0
53.0
54.0
0.0


49.0
48.0
49.0
49.0
50.0
51.0
51.0
52.0
52.0
52.0
52.0
51.0
53.0
53.0
51.0
61.0
119.0
130.0
57.0
49.0
52.0
101.0
144.0
142.0
52.0
51.0
51.0
56.0
53.0
51.0
66.0
55.0
48.0
51.0
49.0
50.0
48.0
50.0
51.0
53.0
0.0


51.0
48.0
49.0
49.0
50.0
50.0
50.0
52.0
51.0
51.0
52.0
52.0
52.0
54.0
50.0
67.0
128.0
147.0
61.0
48.0
55.0
109.0
138.0
151.0
56.0
51.0
51.0
53.0
49.0
64.0
135.0
120.0
52.0
50.0
49.0
49.0
48.0
50.0
51.0
53.0
0.0


51.0
49.0
49.0
50.0
50.0
50.0
50.0
51.0
51.0
52.0
52.0
52.0
53.0
54.0
48.0
74.0
137.0
148.0
61.0
47.0
61.0
128.0
150.0
146.0
53.0
50.0
52.0
53.0
47.0
85.0
150.0
152.0
56.0
49.0
49.0
48.0
49.0
49.0
51.0
53.0
0.0


51.0
50.0
49.0
50.0
49.0
50.0
50.0
51.0
50.0
51.0
51.0
51.0
52.0
53.0
48.0
86.0
129.0
155.0
68.0
43.0
74.0
142.0
157.0
134.0
49.0
51.0
50.0
51.0
53.0
107.0
146.0
136.0
50.0
50.0
49.0
48.0
50.0
50.0
52.0
54.0
0.0


49.0
50.0
51.0
49.0
49.0
49.0
49.0
50.0
51.0
51.0
51.0
50.0
51.0
53.0
48.0
95.0
130.0
164.0
71.0
43.0
89.0
135.0
156.0
122.0
49.0
52.0
51.0
47.0
69.0
119.0
151.0
121.0
47.0
51.0
49.0
50.0
50.0
51.0
53.0
55.0
0.0


50.0
50.0
51.0
50.0
49.0
50.0
50.0
48.0
47.0
48.0
50.0
50.0
51.0
52.0
47.0
99.0
142.0
170.0
70.0
43.0
104.0
136.0
168.0
108.0
46.0
52.0
50.0
47.0
101.0
137.0
176.0
96.0
44.0
52.0
51.0
51.0
51.0
52.0
53.0
54.0
0.0


51.0
49.0
50.0
51.0
50.0
50.0
46.0
71.0
111.0
60.0
47.0
50.0
51.0
52.0
49.0
102.0
143.0
170.0
64.0
48.0
123.0
137.0
180.0
92.0
45.0
53.0
46.0
60.0
122.0
140.0
184.0
66.0
47.0
51.0
51.0
52.0
51.0
52.0
53.0
54.0
0.0


51.0
50.0
50.0
50.0
50.0
50.0
44.0
86.0
167.0
98.0
43.0
51.0
50.0
50.0
50.0
105.0
145.0
173.0
59.0
63.0
136.0
146.0
187.0
77.0
48.0
54.0
46.0
87.0
122.0
158.0
144.0
50.0
52.0
51.0
52.0
52.0
52.0
52.0
53.0
53.0
0.0


51.0
50.0
50.0
50.0
50.0
51.0
46.0
73.0
159.0
134.0
50.0
47.0
49.0
49.0
51.0
111.0
140.0
174.0
57.0
82.0
156.0
155.0
186.0
70.0
51.0
50.0
61.0
113.0
127.0
188.0
105.0
45.0
53.0
51.0
52.0
52.0
52.0
52.0
53.0
53.0
0.0


50.0
50.0
51.0
50.0
50.0
50.0
47.0
63.0
148.0
165.0
72.0
42.0
49.0
47.0
55.0
122.0
145.0
181.0
61.0
98.0
136.0
148.0
172.0
64.0
53.0
49.0
101.0
136.0
146.0
194.0
74.0
47.0
53.0
51.0
51.0
51.0
51.0
52.0
52.0
52.0
0.0


51.0
50.0
50.0
50.0
50.0
50.0
47.0
52.0
135.0
176.0
111.0
41.0
50.0
47.0
59.0
139.0
157.0
194.0
69.0
105.0
125.0
155.0
148.0
56.0
52.0
63.0
124.0
152.0
176.0
161.0
54.0
52.0
52.0
51.0
50.0
50.0
50.0
51.0
51.0
51.0
0.0


50.0
51.0
50.0
50.0
49.0
49.0
50.0
43.0
105.0
167.0
144.0
55.0
49.0
49.0
61.0
125.0
129.0
176.0
77.0
110.0
133.0
170.0
124.0
53.0
54.0
88.0
118.0
139.0
217.0
108.0
46.0
55.0
52.0
52.0
51.0
51.0
51.0
51.0
52.0
51.0
0.0


50.0
50.0
51.0
49.0
50.0
50.0
50.0
44.0
76.0
150.0
158.0
84.0
46.0
50.0
62.0
121.0
124.0
171.0
78.0
120.0
141.0
185.0
101.0
51.0
69.0
112.0
123.0
155.0
173.0
58.0
51.0
54.0
51.0
51.0
51.0
50.0
51.0
51.0
51.0
51.0
0.0


51.0
51.0
50.0
50.0
49.0
50.0
51.0
48.0
57.0
138.0
152.0
137.0
51.0
50.0
62.0
123.0
131.0
163.0
82.0
131.0
151.0
188.0
83.0
53.0
90.0
130.0
139.0
192.0
105.0
46.0
55.0
54.0
52.0
50.0
50.0
50.0
50.0
51.0
51.0
50.0
0.0


50.0
50.0
50.0
50.0
50.0
50.0
50.0
51.0
48.0
120.0
156.0
174.0
72.0
46.0
60.0
121.0
146.0
157.0
97.0
136.0
159.0
167.0
69.0
63.0
124.0
152.0
154.0
174.0
62.0
52.0
55.0
54.0
52.0
50.0
50.0
50.0
50.0
51.0
51.0
51.0
0.0


49.0
49.0
49.0
50.0
50.0
50.0
50.0
52.0
46.0
87.0
146.0
139.0
108.0
45.0
62.0
131.0
135.0
123.0
112.0
118.0
141.0
123.0
76.0
95.0
155.0
158.0
197.0
114.0
48.0
57.0
55.0
54.0
52.0
51.0
50.0
50.0
50.0
51.0
51.0
51.0
0.0


49.0
49.0
49.0
49.0
49.0
49.0
49.0
51.0
49.0
59.0
129.0
121.0
141.0
59.0
64.0
126.0
117.0
131.0
148.0
129.0
122.0
106.0
92.0
116.0
128.0
143.0
199.0
74.0
53.0
58.0
54.0
53.0
52.0
50.0
49.0
49.0
50.0
50.0
50.0
51.0
0.0


50.0
49.0
49.0
49.0
49.0
49.0
50.0
51.0
51.0
50.0
116.0
124.0
132.0
98.0
75.0
98.0
133.0
166.0
164.0
163.0
126.0
102.0
111.0
125.0
131.0
158.0
155.0
59.0
59.0
57.0
55.0
53.0
51.0
49.0
50.0
49.0
50.0
50.0
50.0
51.0
0.0


50.0
50.0
50.0
49.0
49.0
49.0
51.0
51.0
52.0
47.0
88.0
129.0
118.0
107.0
78.0
104.0
134.0
167.0
175.0
211.0
162.0
112.0
133.0
130.0
126.0
188.0
125.0
55.0
61.0
57.0
55.0
52.0
50.0
50.0
50.0
49.0
49.0
50.0
50.0
51.0
0.0


50.0
50.0
49.0
49.0
49.0
50.0
51.0
52.0
52.0
49.0
71.0
131.0
110.0
94.0
98.0
123.0
133.0
159.0
185.0
194.0
212.0
159.0
128.0
132.0
132.0
178.0
103.0
58.0
64.0
57.0
54.0
51.0
49.0
49.0
50.0
48.0
49.0
50.0
50.0
51.0
0.0


49.0
50.0
50.0
49.0
50.0
50.0
51.0
53.0
53.0
51.0
64.0
115.0
105.0
106.0
113.0
127.0
139.0
154.0
182.0
203.0
201.0
213.0
139.0
112.0
131.0
194.0
89.0
61.0
63.0
55.0
53.0
52.0
51.0
49.0
51.0
50.0
50.0
50.0
50.0
51.0
0.0


50.0
50.0
50.0
50.0
50.0
50.0
51.0
53.0
53.0
52.0
59.0
119.0
113.0
106.0
115.0
126.0
148.0
162.0
168.0
196.0
195.0
214.0
181.0
116.0
155.0
187.0
86.0
65.0
67.0
55.0
54.0
52.0
51.0
50.0
51.0
51.0
51.0
51.0
51.0
52.0
0.0


50.0
50.0
50.0
50.0
51.0
52.0
52.0
54.0
54.0
53.0
56.0
115.0
120.0
119.0
129.0
138.0
156.0
161.0
162.0
175.0
198.0
198.0
206.0
197.0
172.0
188.0
99.0
60.0
62.0
56.0
54.0
52.0
52.0
51.0
52.0
51.0
51.0
51.0
51.0
52.0
0.0


50.0
50.0
51.0
51.0
51.0
52.0
53.0
54.0
54.0
55.0
52.0
102.0
140.0
130.0
125.0
134.0
149.0
169.0
159.0
141.0
181.0
189.0
192.0
194.0
171.0
183.0
116.0
59.0
60.0
56.0
56.0
54.0
53.0
53.0
51.0
52.0
52.0
53.0
52.0
52.0
0.0


51.0
51.0
52.0
51.0
51.0
54.0
54.0
55.0
56.0
58.0
53.0
92.0
140.0
120.0
119.0
133.0
154.0
166.0
152.0
144.0
154.0
174.0
185.0
189.0
185.0
205.0
124.0
59.0
61.0
56.0
55.0
54.0
53.0
53.0
52.0
52.0
52.0
52.0
51.0
51.0
0.0


51.0
52.0
52.0
52.0
52.0
54.0
54.0
56.0
57.0
59.0
54.0
83.0
136.0
125.0
121.0
128.0
149.0
159.0
143.0
134.0
117.0
155.0
176.0
184.0
180.0
217.0
125.0
58.0
60.0
57.0
54.0
54.0
53.0
52.0
53.0
52.0
52.0
52.0
51.0
49.0
0.0


52.0
52.0
52.0
53.0
53.0
53.0
54.0
55.0
57.0
59.0
55.0
82.0
140.0
124.0
117.0
123.0
142.0
148.0
131.0
118.0
95.0
132.0
175.0
180.0
171.0
231.0
117.0
57.0
60.0
56.0
55.0
53.0
53.0
53.0
52.0
52.0
52.0
52.0
49.0
48.0
0.0


51.0
52.0
52.0
53.0
53.0
54.0
54.0
55.0
57.0
59.0
57.0
76.0
145.0
127.0
117.0
122.0
139.0
130.0
123.0
114.0
105.0
124.0
163.0
190.0
190.0
242.0
113.0
58.0
60.0
56.0
55.0
53.0
53.0
52.0
52.0
52.0
52.0
50.0
49.0
49.0
0.0


52.0
53.0
53.0
54.0
54.0
54.0
56.0
57.0
58.0
60.0
60.0
66.0
144.0
138.0
122.0
125.0
131.0
124.0
130.0
118.0
121.0
133.0
153.0
191.0
210.0
243.0
105.0
59.0
62.0
58.0
55.0
55.0
54.0
52.0
53.0
52.0
52.0
51.0
51.0
50.0
0.0


53.0
53.0
54.0
54.0
54.0
55.0
56.0
57.0
58.0
61.0
63.0
60.0
126.0
154.0
134.0
130.0
119.0
120.0
129.0
122.0
131.0
140.0
160.0
191.0
206.0
240.0
96.0
61.0
63.0
59.0
58.0
57.0
55.0
55.0
54.0
52.0
52.0
52.0
51.0
52.0
0.0


53.0
53.0
55.0
55.0
55.0
56.0
56.0
57.0
58.0
61.0
64.0
60.0
97.0
166.0
145.0
137.0
117.0
117.0
133.0
135.0
144.0
155.0
173.0
206.0
210.0
203.0
82.0
65.0
65.0
60.0
59.0
57.0
56.0
55.0
54.0
52.0
52.0
52.0
52.0
53.0
0.0


54.0
54.0
55.0
55.0
55.0
56.0
56.0
57.0
58.0
61.0
63.0
64.0
71.0
148.0
151.0
142.0
132.0
125.0
147.0
149.0
162.0
177.0
195.0
208.0
230.0
157.0
71.0
72.0
65.0
62.0
60.0
58.0
57.0
55.0
54.0
53.0
53.0
54.0
55.0
55.0
0.0


54.0
54.0
55.0
55.0
56.0
56.0
57.0
58.0
59.0
61.0
65.0
68.0
64.0
111.0
160.0
145.0
151.0
150.0
154.0
163.0
178.0
193.0
209.0
209.0
244.0
114.0
70.0
73.0
67.0
63.0
60.0
58.0
57.0
56.0
55.0
55.0
54.0
57.0
56.0
57.0
0.0


54.0
54.0
55.0
55.0
56.0
58.0
57.0
58.0
59.0
62.0
66.0
68.0
68.0
86.0
161.0
150.0
160.0
167.0
162.0
171.0
195.0
209.0
217.0
210.0
244.0
102.0
73.0
74.0
69.0
66.0
63.0
61.0
61.0
60.0
60.0
60.0
61.0
59.0
60.0
61.0
0.0


54.0
54.0
55.0
55.0
57.0
58.0
57.0
58.0
60.0
61.0
65.0
68.0
73.0
72.0
139.0
187.0
181.0
181.0
178.0
185.0
193.0
207.0
217.0
216.0
250.0
118.0
73.0
75.0
70.0
68.0
67.0
66.0
64.0
63.0
63.0
63.0
62.0
62.0
63.0
63.0
0.0


55.0
54.0
55.0
56.0
56.0
59.0
59.0
59.0
59.0
62.0
66.0
69.0
73.0
73.0
95.0
185.0
199.0
206.0
196.0
195.0
196.0
204.0
215.0
211.0
245.0
146.0
76.0
77.0
71.0
69.0
68.0
67.0
66.0
65.0
65.0
65.0
64.0
65.0
64.0
64.0
0.0


54.0
54.0
55.0
56.0
56.0
58.0
58.0
60.0
59.0
62.0
66.0
69.0
72.0
77.0
76.0
134.0
195.0
197.0
198.0
195.0
193.0
196.0
209.0
212.0
225.0
184.0
85.0
76.0
74.0
71.0
69.0
69.0
69.0
67.0
66.0
66.0
67.0
67.0
66.0
65.0
0.0


54.0
55.0
55.0
56.0
56.0
57.0
59.0
60.0
59.0
62.0
66.0
69.0
72.0
77.0
77.0
110.0
183.0
180.0
178.0
181.0
183.0
182.0
196.0
209.0
208.0
233.0
105.0
75.0
76.0
73.0
70.0
70.0
70.0
69.0
68.0
69.0
69.0
69.0
67.0
66.0
0.0


54.0
55.0
55.0
56.0
56.0
57.0
59.0
60.0
59.0
62.0
66.0
70.0
74.0
78.0
79.0
102.0
166.0
163.0
160.0
168.0
177.0
174.0
180.0
204.0
203.0
246.0
131.0
75.0
77.0
75.0
74.0
73.0
72.0
71.0
71.0
70.0
70.0
69.0
68.0
68.0
0.0


0.0
0.0
0.0
0.0
0.0
0.0
0.0
0.0
0.0
0.0
0.0
0.0
0.0
0.0
0.0
0.0
0.0
0.0
0.0
0.0
0.0
0.0
0.0
0.0
0.0
0.0
0.0
0.0
0.0
0.0
0.0
0.0
0.0
0.0
0.0
0.0
0.0
0.0
0.0
0.0
0.0


