50.0
49.0
49.0
50.0
50.0
51.0
52.0
51.0
51.0
51.0
51.0
51.0
53.0
50.0
102.0
154.0
111.0
48.0
53.0
50.0
55.0
58.0
49.0
51.0
51.0
52.0
55.0
53.0
52.0
50.0
50.0
51.0
51.0
52.0
51.0
51.0
52.0
53.0
53.0
55.0
0.0


49.0
49.0
49.0
50.0
50.0
50.0
52.0
51.0
51.0
50.0
51.0
51.0
53.0
46.0
91.0
147.0
146.0
61.0
49.0
50.0
56.0
53.0
50.0
52.0
51.0
52.0
53.0
54.0
92.0
107.0
55.0
50.0
51.0
51.0
50.0
49.0
49.0
49.0
52.0
54.0
0.0


50.0
49.0
49.0
49.0
49.0
51.0
52.0
51.0
51.0
51.0
51.0
51.0
53.0
47.0
76.0
143.0
155.0
96.0
47.0
53.0
52.0
51.0
51.0
52.0
51.0
52.0
51.0
62.0
121.0
174.0
81.0
47.0
52.0
51.0
50.0
48.0
48.0
49.0
51.0
53.0
0.0


52.0
50.0
49.0
49.0
50.0
50.0
51.0
51.0
51.0
52.0
52.0
51.0
51.0
49.0
66.0
133.0
145.0
134.0
53.0
51.0
52.0
50.0
50.0
50.0
51.0
52.0
49.0
71.0
123.0
157.0
75.0
47.0
52.0
50.0
48.0
48.0
49.0
50.0
51.0
53.0
0.0


51.0
49.0
49.0
50.0
50.0
50.0
51.0
51.0
51.0
52.0
52.0
51.0
52.0
51.0
56.0
128.0
150.0
165.0
66.0
50.0
52.0
51.0
51.0
51.0
51.0
51.0
50.0
88.0
123.0
158.0
68.0
48.0
52.0
50.0
49.0
48.0
49.0
50.0
51.0
53.0
0.0


50.0
51.0
50.0
50.0
50.0
50.0
51.0
51.0
52.0
51.0
51.0
51.0
51.0
51.0
50.0
121.0
150.0
167.0
85.0
46.0
52.0
50.0
50.0
51.0
51.0
49.0
58.0
115.0
134.0
153.0
62.0
48.0
50.0
50.0
49.0
49.0
51.0
51.0
52.0
54.0
0.0


50.0
51.0
51.0
50.0
50.0
50.0
50.0
51.0
52.0
51.0
51.0
51.0
51.0
52.0
47.0
103.0
147.0
161.0
111.0
47.0
52.0
49.0
50.0
52.0
52.0
48.0
78.0
125.0
151.0
133.0
49.0
51.0
51.0
51.0
50.0
50.0
50.0
52.0
53.0
54.0
0.0


51.0
51.0
52.0
52.0
50.0
50.0
50.0
51.0
51.0
51.0
51.0
51.0
51.0
52.0
47.0
90.0
149.0
152.0
136.0
54.0
50.0
49.0
51.0
51.0
51.0
51.0
97.0
121.0
172.0
104.0
46.0
51.0
51.0
51.0
51.0
51.0
51.0
52.0
54.0
54.0
0.0


51.0
51.0
51.0
51.0
50.0
50.0
50.0
52.0
50.0
50.0
51.0
51.0
51.0
51.0
48.0
76.0
146.0
147.0
162.0
63.0
48.0
51.0
50.0
53.0
49.0
64.0
115.0
128.0
178.0
76.0
47.0
52.0
51.0
51.0
51.0
52.0
52.0
52.0
53.0
54.0
0.0


51.0
51.0
50.0
51.0
51.0
51.0
51.0
52.0
51.0
51.0
50.0
50.0
50.0
51.0
48.0
68.0
138.0
149.0
187.0
79.0
45.0
51.0
50.0
52.0
49.0
98.0
130.0
150.0
161.0
58.0
51.0
52.0
52.0
52.0
52.0
52.0
52.0
52.0
52.0
53.0
0.0


51.0
51.0
51.0
51.0
51.0
51.0
53.0
52.0
50.0
49.0
50.0
50.0
49.0
50.0
46.0
64.0
142.0
149.0
188.0
108.0
46.0
52.0
51.0
49.0
64.0
136.0
143.0
178.0
133.0
49.0
55.0
52.0
52.0
52.0
52.0
52.0
52.0
52.0
53.0
53.0
0.0


51.0
51.0
51.0
51.0
51.0
52.0
51.0
50.0
50.0
50.0
49.0
49.0
49.0
49.0
47.0
60.0
135.0
141.0
169.0
127.0
50.0
51.0
50.0
50.0
87.0
124.0
140.0
221.0
97.0
47.0
55.0
52.0
52.0
51.0
50.0
52.0
51.0
52.0
52.0
52.0
0.0


50.0
51.0
51.0
51.0
51.0
51.0
51.0
50.0
50.0
51.0
51.0
50.0
49.0
51.0
52.0
55.0
128.0
148.0
174.0
138.0
52.0
52.0
50.0
61.0
112.0
120.0
151.0
168.0
61.0
53.0
55.0
52.0
52.0
51.0
50.0
51.0
51.0
51.0
52.0
51.0
0.0


50.0
51.0
51.0
51.0
52.0
51.0
52.0
51.0
52.0
51.0
51.0
51.0
52.0
52.0
49.0
42.0
107.0
172.0
170.0
151.0
57.0
54.0
50.0
80.0
128.0
131.0
188.0
106.0
49.0
57.0
55.0
53.0
52.0
51.0
51.0
52.0
52.0
52.0
51.0
52.0
0.0


51.0
50.0
51.0
52.0
52.0
52.0
53.0
52.0
52.0
52.0
51.0
52.0
52.0
51.0
92.0
94.0
99.0
176.0
177.0
175.0
63.0
52.0
52.0
109.0
142.0
147.0
176.0
67.0
54.0
57.0
55.0
53.0
52.0
51.0
51.0
51.0
51.0
51.0
51.0
51.0
0.0


50.0
51.0
50.0
51.0
51.0
52.0
53.0
53.0
52.0
51.0
52.0
54.0
48.0
84.0
190.0
183.0
160.0
152.0
176.0
200.0
83.0
47.0
81.0
155.0
152.0
179.0
124.0
52.0
58.0
56.0
55.0
53.0
52.0
51.0
50.0
51.0
51.0
51.0
51.0
51.0
0.0


50.0
50.0
50.0
51.0
50.0
52.0
52.0
52.0
52.0
52.0
53.0
54.0
47.0
104.0
166.0
145.0
156.0
137.0
162.0
175.0
136.0
97.0
131.0
144.0
149.0
201.0
81.0
55.0
59.0
57.0
55.0
52.0
52.0
51.0
51.0
51.0
51.0
51.0
51.0
51.0
0.0


50.0
50.0
50.0
50.0
51.0
51.0
52.0
52.0
53.0
53.0
53.0
54.0
47.0
98.0
160.0
140.0
149.0
154.0
137.0
112.0
139.0
124.0
122.0
118.0
139.0
162.0
65.0
60.0
58.0
56.0
54.0
53.0
52.0
51.0
50.0
50.0
50.0
51.0
51.0
51.0
0.0


50.0
50.0
50.0
51.0
51.0
51.0
52.0
52.0
52.0
52.0
52.0
56.0
45.0
91.0
179.0
135.0
141.0
161.0
127.0
129.0
148.0
119.0
118.0
121.0
164.0
140.0
60.0
62.0
59.0
56.0
53.0
52.0
51.0
50.0
49.0
50.0
49.0
50.0
51.0
51.0
0.0


51.0
50.0
50.0
51.0
50.0
50.0
52.0
51.0
52.0
52.0
54.0
50.0
68.0
132.0
186.0
160.0
135.0
151.0
150.0
175.0
179.0
148.0
120.0
129.0
194.0
120.0
58.0
63.0
58.0
54.0
51.0
52.0
51.0
49.0
49.0
49.0
49.0
50.0
51.0
51.0
0.0


51.0
51.0
51.0
50.0
50.0
50.0
51.0
52.0
53.0
53.0
50.0
66.0
157.0
170.0
169.0
192.0
159.0
167.0
177.0
184.0
203.0
199.0
145.0
151.0
196.0
105.0
58.0
63.0
58.0
55.0
52.0
50.0
49.0
49.0
48.0
49.0
49.0
50.0
51.0
51.0
0.0


51.0
51.0
50.0
51.0
50.0
50.0
52.0
53.0
52.0
53.0
50.0
116.0
183.0
164.0
155.0
174.0
199.0
210.0
193.0
180.0
215.0
225.0
177.0
130.0
185.0
104.0
59.0
61.0
57.0
55.0
52.0
50.0
49.0
48.0
49.0
49.0
49.0
50.0
51.0
50.0
0.0


51.0
51.0
50.0
51.0
50.0
50.0
52.0
52.0
53.0
48.0
71.0
162.0
171.0
166.0
148.0
154.0
192.0
213.0
198.0
182.0
216.0
225.0
204.0
162.0
185.0
113.0
60.0
66.0
59.0
54.0
52.0
51.0
50.0
50.0
50.0
50.0
50.0
51.0
51.0
51.0
0.0


50.0
50.0
50.0
50.0
50.0
51.0
51.0
51.0
53.0
47.0
88.0
184.0
186.0
191.0
164.0
158.0
175.0
203.0
174.0
185.0
207.0
218.0
225.0
196.0
174.0
139.0
61.0
64.0
59.0
55.0
53.0
52.0
51.0
51.0
50.0
51.0
50.0
51.0
52.0
51.0
0.0


50.0
50.0
50.0
51.0
50.0
51.0
51.0
52.0
54.0
47.0
76.0
174.0
170.0
198.0
196.0
174.0
180.0
207.0
179.0
188.0
197.0
215.0
220.0
208.0
185.0
158.0
66.0
59.0
57.0
54.0
53.0
52.0
51.0
51.0
51.0
51.0
51.0
51.0
51.0
51.0
0.0


51.0
51.0
51.0
51.0
52.0
52.0
51.0
51.0
52.0
51.0
61.0
134.0
157.0
194.0
205.0
192.0
209.0
220.0
197.0
190.0
190.0
196.0
214.0
211.0
212.0
174.0
68.0
58.0
58.0
54.0
53.0
52.0
52.0
51.0
51.0
52.0
51.0
51.0
52.0
51.0
0.0


51.0
51.0
51.0
52.0
51.0
53.0
52.0
51.0
52.0
53.0
55.0
125.0
152.0
153.0
177.0
198.0
203.0
179.0
176.0
188.0
186.0
181.0
197.0
207.0
212.0
189.0
69.0
58.0
59.0
55.0
53.0
52.0
52.0
51.0
51.0
51.0
51.0
51.0
52.0
52.0
0.0


51.0
51.0
51.0
52.0
52.0
52.0
52.0
51.0
53.0
53.0
54.0
124.0
141.0
141.0
152.0
177.0
196.0
180.0
171.0
173.0
160.0
162.0
188.0
203.0
204.0
187.0
70.0
59.0
58.0
55.0
53.0
52.0
51.0
51.0
51.0
51.0
51.0
50.0
50.0
48.0
0.0


52.0
52.0
52.0
52.0
52.0
53.0
53.0
52.0
52.0
53.0
53.0
122.0
141.0
135.0
133.0
159.0
188.0
182.0
173.0
157.0
143.0
139.0
178.0
202.0
217.0
178.0
69.0
60.0
57.0
55.0
54.0
53.0
52.0
52.0
52.0
53.0
52.0
51.0
50.0
47.0
0.0


52.0
52.0
52.0
53.0
53.0
54.0
52.0
52.0
53.0
54.0
51.0
111.0
149.0
130.0
129.0
148.0
167.0
164.0
163.0
145.0
138.0
141.0
163.0
202.0
238.0
165.0
67.0
62.0
61.0
57.0
56.0
55.0
55.0
54.0
54.0
54.0
53.0
53.0
52.0
52.0
0.0


52.0
52.0
53.0
53.0
54.0
54.0
54.0
53.0
53.0
55.0
49.0
87.0
162.0
132.0
135.0
140.0
144.0
151.0
154.0
136.0
138.0
149.0
171.0
195.0
242.0
146.0
63.0
64.0
61.0
59.0
58.0
57.0
56.0
56.0
54.0
55.0
55.0
54.0
53.0
53.0
0.0


53.0
53.0
54.0
54.0
53.0
54.0
55.0
54.0
54.0
55.0
54.0
66.0
153.0
144.0
142.0
136.0
127.0
142.0
152.0
141.0
150.0
165.0
184.0
202.0
245.0
119.0
63.0
66.0
62.0
60.0
58.0
57.0
57.0
56.0
55.0
55.0
55.0
54.0
55.0
55.0
0.0


53.0
54.0
53.0
54.0
54.0
55.0
54.0
55.0
55.0
54.0
57.0
56.0
111.0
165.0
143.0
138.0
128.0
140.0
164.0
154.0
168.0
186.0
205.0
208.0
217.0
93.0
67.0
68.0
64.0
61.0
60.0
59.0
58.0
57.0
56.0
56.0
56.0
55.0
56.0
57.0
0.0


53.0
54.0
54.0
54.0
56.0
55.0
54.0
55.0
56.0
56.0
59.0
62.0
71.0
152.0
153.0
147.0
149.0
148.0
169.0
174.0
188.0
201.0
209.0
219.0
176.0
76.0
71.0
68.0
65.0
62.0
60.0
58.0
57.0
56.0
55.0
55.0
55.0
56.0
57.0
58.0
0.0


53.0
54.0
55.0
55.0
55.0
55.0
55.0
56.0
56.0
57.0
61.0
66.0
65.0
107.0
168.0
152.0
164.0
163.0
170.0
186.0
207.0
215.0
215.0
226.0
184.0
80.0
72.0
68.0
66.0
62.0
60.0
59.0
58.0
57.0
57.0
56.0
56.0
57.0
58.0
59.0
0.0


53.0
54.0
54.0
54.0
55.0
55.0
55.0
56.0
57.0
58.0
63.0
67.0
70.0
77.0
156.0
183.0
183.0
184.0
187.0
191.0
203.0
211.0
219.0
221.0
224.0
94.0
71.0
70.0
67.0
64.0
63.0
61.0
61.0
61.0
60.0
59.0
59.0
60.0
60.0
60.0
0.0


53.0
54.0
54.0
55.0
55.0
56.0
57.0
57.0
58.0
60.0
64.0
68.0
71.0
71.0
98.0
193.0
204.0
203.0
198.0
195.0
196.0
204.0
216.0
211.0
244.0
117.0
70.0
72.0
68.0
66.0
65.0
64.0
63.0
61.0
62.0
62.0
62.0
61.0
62.0
63.0
0.0


54.0
55.0
55.0
55.0
55.0
56.0
57.0
57.0
58.0
61.0
64.0
67.0
71.0
78.0
78.0
136.0
203.0
198.0
199.0
196.0
189.0
192.0
210.0
208.0
242.0
152.0
74.0
72.0
69.0
67.0
65.0
65.0
65.0
63.0
62.0
63.0
63.0
63.0
63.0
63.0
0.0


54.0
54.0
55.0
55.0
55.0
56.0
58.0
58.0
58.0
61.0
66.0
68.0
72.0
78.0
79.0
116.0
186.0
177.0
176.0
182.0
183.0
177.0
195.0
207.0
218.0
195.0
84.0
70.0
70.0
67.0
67.0
66.0
65.0
65.0
63.0
64.0
63.0
64.0
64.0
64.0
0.0


55.0
55.0
55.0
55.0
55.0
56.0
58.0
58.0
59.0
61.0
65.0
69.0
74.0
78.0
79.0
108.0
169.0
161.0
159.0
167.0
174.0
169.0
182.0
204.0
204.0
244.0
102.0
69.0
72.0
68.0
67.0
68.0
67.0
65.0
65.0
64.0
64.0
64.0
64.0
64.0
0.0


0.0
0.0
0.0
0.0
0.0
0.0
0.0
0.0
0.0
0.0
0.0
0.0
0.0
0.0
0.0
0.0
0.0
0.0
0.0
0.0
0.0
0.0
0.0
0.0
0.0
0.0
0.0
0.0
0.0
0.0
0.0
0.0
0.0
0.0
0.0
0.0
0.0
0.0
0.0
0.0
0.0


