49.0
48.0
49.0
50.0
49.0
49.0
50.0
50.0
50.0
51.0
51.0
51.0
49.0
49.0
52.0
53.0
53.0
50.0
51.0
52.0
52.0
53.0
52.0
51.0
52.0
52.0
47.0
92.0
141.0
133.0
184.0
103.0
44.0
53.0
50.0
51.0
51.0
52.0
51.0
51.0
52.0
52.0
53.0
48.0
51.0
51.0
52.0
53.0
52.0
51.0
50.0
50.0
49.0
48.0
48.0
47.0
48.0
49.0
49.0
51.0
0.0


48.0
48.0
50.0
50.0
49.0
50.0
49.0
49.0
51.0
50.0
49.0
50.0
50.0
51.0
49.0
46.0
47.0
51.0
51.0
51.0
50.0
52.0
52.0
51.0
52.0
52.0
48.0
93.0
141.0
137.0
184.0
115.0
46.0
53.0
51.0
50.0
51.0
51.0
51.0
51.0
49.0
62.0
93.0
83.0
50.0
52.0
52.0
52.0
52.0
52.0
51.0
50.0
49.0
48.0
48.0
47.0
48.0
49.0
49.0
50.0
0.0


48.0
49.0
50.0
49.0
48.0
50.0
49.0
49.0
50.0
50.0
51.0
50.0
52.0
49.0
57.0
73.0
54.0
47.0
52.0
50.0
50.0
51.0
51.0
52.0
52.0
52.0
50.0
104.0
133.0
132.0
173.0
133.0
49.0
50.0
52.0
51.0
51.0
51.0
52.0
50.0
54.0
108.0
121.0
152.0
87.0
46.0
54.0
52.0
52.0
52.0
52.0
50.0
48.0
48.0
48.0
49.0
48.0
49.0
50.0
49.0
0.0


49.0
49.0
48.0
51.0
50.0
50.0
50.0
50.0
49.0
49.0
50.0
51.0
48.0
53.0
99.0
121.0
125.0
65.0
49.0
52.0
50.0
51.0
51.0
51.0
52.0
51.0
55.0
113.0
130.0
136.0
165.0
148.0
55.0
49.0
52.0
50.0
50.0
51.0
53.0
48.0
68.0
131.0
118.0
155.0
125.0
47.0
53.0
50.0
51.0
51.0
50.0
51.0
49.0
47.0
48.0
48.0
48.0
48.0
50.0
51.0
0.0


49.0
49.0
48.0
49.0
50.0
49.0
50.0
50.0
49.0
49.0
51.0
51.0
44.0
71.0
124.0
115.0
163.0
108.0
45.0
52.0
51.0
50.0
51.0
52.0
52.0
50.0
57.0
117.0
129.0
137.0
163.0
146.0
54.0
48.0
51.0
49.0
50.0
51.0
54.0
45.0
81.0
145.0
132.0
167.0
125.0
48.0
53.0
51.0
50.0
51.0
51.0
51.0
49.0
48.0
48.0
48.0
49.0
50.0
50.0
51.0
0.0


49.0
48.0
48.0
49.0
50.0
49.0
49.0
49.0
49.0
50.0
49.0
52.0
45.0
66.0
141.0
127.0
153.0
130.0
50.0
51.0
50.0
50.0
50.0
51.0
52.0
50.0
60.0
136.0
144.0
142.0
169.0
146.0
52.0
47.0
51.0
51.0
51.0
51.0
51.0
46.0
100.0
140.0
135.0
176.0
114.0
45.0
54.0
51.0
51.0
51.0
52.0
50.0
49.0
48.0
49.0
48.0
50.0
51.0
50.0
51.0
0.0


49.0
49.0
50.0
49.0
48.0
50.0
50.0
49.0
50.0
50.0
49.0
51.0
47.0
53.0
131.0
143.0
154.0
159.0
60.0
48.0
50.0
49.0
50.0
51.0
52.0
46.0
63.0
148.0
147.0
148.0
179.0
150.0
52.0
47.0
50.0
52.0
51.0
50.0
50.0
56.0
120.0
128.0
139.0
183.0
109.0
45.0
53.0
51.0
51.0
51.0
52.0
50.0
49.0
49.0
49.0
48.0
50.0
51.0
51.0
53.0
0.0


49.0
50.0
50.0
50.0
49.0
49.0
49.0
49.0
49.0
49.0
50.0
50.0
49.0
47.0
119.0
156.0
144.0
191.0
86.0
44.0
51.0
49.0
50.0
49.0
51.0
45.0
67.0
145.0
137.0
143.0
168.0
153.0
52.0
47.0
52.0
50.0
49.0
53.0
47.0
72.0
128.0
129.0
140.0
185.0
105.0
46.0
53.0
50.0
51.0
50.0
50.0
51.0
51.0
50.0
50.0
51.0
51.0
52.0
52.0
53.0
0.0


49.0
50.0
51.0
51.0
49.0
48.0
48.0
49.0
49.0
50.0
50.0
49.0
51.0
44.0
109.0
156.0
139.0
172.0
126.0
47.0
49.0
49.0
49.0
49.0
51.0
45.0
75.0
149.0
138.0
144.0
165.0
151.0
52.0
46.0
52.0
50.0
50.0
54.0
46.0
96.0
130.0
136.0
140.0
190.0
91.0
46.0
55.0
49.0
50.0
51.0
50.0
50.0
50.0
50.0
51.0
50.0
51.0
52.0
52.0
53.0
0.0


50.0
50.0
50.0
50.0
49.0
48.0
49.0
49.0
48.0
50.0
50.0
48.0
50.0
42.0
102.0
152.0
140.0
154.0
168.0
62.0
46.0
49.0
49.0
49.0
50.0
45.0
85.0
153.0
139.0
148.0
171.0
146.0
53.0
46.0
50.0
51.0
52.0
50.0
52.0
128.0
141.0
145.0
147.0
195.0
73.0
48.0
52.0
48.0
50.0
51.0
50.0
50.0
52.0
53.0
51.0
52.0
51.0
52.0
53.0
52.0
0.0


49.0
50.0
50.0
50.0
49.0
49.0
49.0
49.0
48.0
50.0
50.0
48.0
50.0
42.0
93.0
150.0
139.0
147.0
196.0
80.0
43.0
51.0
50.0
47.0
50.0
46.0
92.0
158.0
140.0
150.0
175.0
141.0
49.0
49.0
52.0
49.0
54.0
46.0
71.0
137.0
135.0
150.0
177.0
169.0
55.0
49.0
50.0
48.0
50.0
49.0
49.0
50.0
50.0
51.0
51.0
53.0
51.0
51.0
52.0
52.0
0.0


49.0
49.0
49.0
50.0
50.0
49.0
49.0
48.0
48.0
51.0
49.0
48.0
50.0
42.0
72.0
156.0
145.0
154.0
206.0
110.0
42.0
50.0
48.0
48.0
48.0
46.0
103.0
158.0
144.0
152.0
178.0
135.0
45.0
49.0
51.0
50.0
52.0
47.0
95.0
132.0
137.0
148.0
202.0
133.0
46.0
50.0
48.0
48.0
50.0
49.0
49.0
50.0
51.0
52.0
51.0
51.0
51.0
51.0
53.0
53.0
0.0


49.0
49.0
50.0
49.0
50.0
50.0
50.0
48.0
50.0
50.0
48.0
47.0
49.0
46.0
55.0
146.0
155.0
154.0
181.0
144.0
46.0
49.0
47.0
47.0
48.0
46.0
112.0
158.0
149.0
154.0
184.0
128.0
45.0
49.0
51.0
51.0
49.0
55.0
114.0
130.0
143.0
152.0
228.0
100.0
43.0
52.0
49.0
49.0
49.0
51.0
50.0
50.0
52.0
51.0
51.0
51.0
51.0
51.0
52.0
53.0
0.0


49.0
49.0
50.0
50.0
49.0
50.0
50.0
49.0
51.0
48.0
48.0
47.0
47.0
49.0
45.0
121.0
162.0
155.0
168.0
177.0
56.0
45.0
49.0
48.0
47.0
51.0
128.0
158.0
159.0
157.0
188.0
129.0
43.0
49.0
51.0
52.0
47.0
76.0
128.0
128.0
144.0
157.0
214.0
78.0
46.0
53.0
50.0
51.0
49.0
50.0
51.0
50.0
50.0
50.0
51.0
51.0
51.0
51.0
52.0
53.0
0.0


49.0
48.0
49.0
50.0
49.0
49.0
50.0
50.0
49.0
48.0
48.0
48.0
45.0
48.0
40.0
93.0
166.0
156.0
162.0
204.0
81.0
42.0
51.0
48.0
46.0
58.0
150.0
162.0
165.0
163.0
195.0
137.0
45.0
49.0
53.0
51.0
50.0
102.0
134.0
139.0
150.0
170.0
186.0
64.0
48.0
52.0
49.0
50.0
50.0
50.0
50.0
51.0
51.0
51.0
51.0
51.0
50.0
51.0
53.0
53.0
0.0


49.0
49.0
50.0
49.0
49.0
49.0
50.0
49.0
49.0
48.0
47.0
47.0
46.0
49.0
42.0
74.0
160.0
152.0
163.0
197.0
117.0
41.0
52.0
50.0
44.0
68.0
171.0
157.0
159.0
163.0
207.0
133.0
46.0
49.0
53.0
48.0
64.0
134.0
137.0
147.0
155.0
194.0
158.0
52.0
50.0
52.0
51.0
50.0
49.0
50.0
51.0
49.0
50.0
51.0
51.0
51.0
51.0
51.0
53.0
54.0
0.0


50.0
51.0
49.0
49.0
50.0
49.0
49.0
50.0
49.0
48.0
48.0
49.0
47.0
49.0
44.0
61.0
153.0
152.0
162.0
174.0
161.0
54.0
48.0
53.0
45.0
75.0
158.0
142.0
151.0
158.0
195.0
122.0
44.0
52.0
53.0
47.0
98.0
163.0
151.0
158.0
154.0
217.0
135.0
47.0
51.0
52.0
52.0
50.0
51.0
51.0
50.0
50.0
50.0
50.0
51.0
51.0
51.0
51.0
52.0
52.0
0.0


49.0
50.0
49.0
50.0
49.0
49.0
48.0
49.0
48.0
49.0
48.0
48.0
47.0
49.0
46.0
52.0
139.0
150.0
163.0
165.0
189.0
85.0
43.0
57.0
46.0
77.0
156.0
134.0
146.0
153.0
197.0
111.0
42.0
56.0
51.0
56.0
122.0
148.0
153.0
162.0
167.0
231.0
107.0
45.0
54.0
52.0
51.0
50.0
51.0
50.0
50.0
49.0
50.0
50.0
51.0
51.0
51.0
51.0
52.0
52.0
0.0


49.0
49.0
49.0
50.0
50.0
50.0
49.0
50.0
49.0
49.0
50.0
48.0
48.0
49.0
48.0
49.0
130.0
153.0
161.0
173.0
196.0
129.0
48.0
56.0
47.0
80.0
161.0
141.0
153.0
158.0
200.0
104.0
43.0
55.0
49.0
77.0
131.0
130.0
148.0
162.0
188.0
230.0
77.0
46.0
55.0
52.0
51.0
50.0
51.0
50.0
51.0
50.0
50.0
51.0
51.0
51.0
51.0
52.0
53.0
52.0
0.0


50.0
49.0
49.0
49.0
50.0
50.0
51.0
50.0
51.0
50.0
50.0
50.0
48.0
50.0
51.0
45.0
117.0
161.0
163.0
180.0
186.0
176.0
66.0
48.0
48.0
85.0
165.0
145.0
156.0
157.0
199.0
94.0
44.0
57.0
50.0
100.0
124.0
128.0
139.0
155.0
208.0
153.0
51.0
51.0
55.0
52.0
51.0
52.0
50.0
50.0
52.0
51.0
50.0
51.0
51.0
51.0
51.0
52.0
54.0
53.0
0.0


49.0
49.0
49.0
50.0
50.0
50.0
51.0
51.0
51.0
51.0
51.0
52.0
49.0
50.0
52.0
43.0
101.0
178.0
158.0
173.0
167.0
188.0
87.0
46.0
49.0
82.0
169.0
146.0
155.0
161.0
200.0
86.0
47.0
56.0
64.0
122.0
121.0
134.0
151.0
168.0
230.0
98.0
43.0
56.0
52.0
51.0
51.0
50.0
50.0
50.0
51.0
49.0
51.0
51.0
51.0
51.0
51.0
51.0
52.0
53.0
0.0


49.0
49.0
49.0
50.0
49.0
48.0
51.0
52.0
50.0
51.0
51.0
51.0
50.0
50.0
52.0
44.0
79.0
160.0
143.0
160.0
158.0
191.0
107.0
51.0
49.0
76.0
179.0
151.0
159.0
168.0
191.0
75.0
50.0
54.0
85.0
129.0
125.0
144.0
157.0
181.0
187.0
63.0
48.0
55.0
51.0
53.0
51.0
50.0
50.0
49.0
50.0
51.0
50.0
51.0
52.0
51.0
52.0
51.0
52.0
52.0
0.0


50.0
49.0
50.0
49.0
50.0
49.0
50.0
50.0
51.0
50.0
50.0
50.0
50.0
50.0
51.0
47.0
58.0
143.0
150.0
155.0
160.0
185.0
132.0
54.0
47.0
76.0
183.0
164.0
174.0
180.0
170.0
65.0
53.0
56.0
104.0
130.0
136.0
148.0
157.0
206.0
135.0
48.0
54.0
53.0
52.0
51.0
52.0
50.0
50.0
50.0
51.0
51.0
50.0
51.0
50.0
51.0
51.0
51.0
51.0
52.0
0.0


50.0
49.0
50.0
50.0
49.0
50.0
49.0
49.0
51.0
51.0
50.0
50.0
50.0
51.0
51.0
51.0
46.0
111.0
170.0
156.0
166.0
187.0
171.0
65.0
44.0
74.0
170.0
153.0
160.0
175.0
155.0
60.0
52.0
62.0
127.0
139.0
146.0
150.0
162.0
231.0
87.0
45.0
57.0
52.0
52.0
52.0
52.0
51.0
51.0
50.0
51.0
50.0
51.0
51.0
52.0
51.0
51.0
51.0
51.0
52.0
0.0


49.0
49.0
50.0
49.0
49.0
50.0
50.0
51.0
51.0
50.0
50.0
50.0
51.0
51.0
53.0
49.0
41.0
85.0
176.0
165.0
184.0
149.0
171.0
99.0
42.0
101.0
180.0
164.0
167.0
181.0
148.0
57.0
51.0
91.0
148.0
147.0
145.0
154.0
182.0
181.0
57.0
51.0
54.0
53.0
54.0
52.0
52.0
51.0
51.0
52.0
51.0
50.0
51.0
52.0
51.0
51.0
52.0
53.0
52.0
52.0
0.0


49.0
49.0
49.0
49.0
49.0
50.0
50.0
50.0
51.0
51.0
51.0
51.0
51.0
53.0
47.0
61.0
112.0
136.0
164.0
191.0
133.0
108.0
138.0
141.0
100.0
135.0
154.0
158.0
151.0
142.0
130.0
64.0
78.0
139.0
152.0
155.0
158.0
162.0
227.0
121.0
45.0
55.0
54.0
54.0
54.0
52.0
51.0
50.0
51.0
51.0
51.0
51.0
50.0
51.0
51.0
51.0
52.0
52.0
51.0
51.0
0.0


48.0
50.0
50.0
48.0
49.0
49.0
49.0
50.0
49.0
51.0
51.0
51.0
51.0
51.0
48.0
126.0
174.0
148.0
158.0
174.0
107.0
129.0
136.0
144.0
154.0
138.0
141.0
134.0
129.0
111.0
97.0
94.0
105.0
118.0
127.0
138.0
158.0
173.0
232.0
80.0
49.0
57.0
55.0
56.0
55.0
53.0
52.0
51.0
50.0
50.0
50.0
49.0
50.0
51.0
51.0
51.0
51.0
51.0
52.0
51.0
0.0


48.0
50.0
50.0
49.0
48.0
49.0
50.0
50.0
51.0
50.0
50.0
51.0
53.0
48.0
65.0
153.0
135.0
137.0
152.0
154.0
127.0
146.0
141.0
148.0
160.0
151.0
140.0
137.0
128.0
122.0
105.0
98.0
104.0
111.0
116.0
125.0
141.0
179.0
188.0
61.0
52.0
57.0
55.0
55.0
53.0
54.0
52.0
50.0
51.0
51.0
50.0
49.0
51.0
51.0
51.0
51.0
51.0
50.0
51.0
52.0
0.0


49.0
49.0
49.0
49.0
49.0
48.0
51.0
51.0
52.0
51.0
51.0
51.0
54.0
46.0
74.0
159.0
135.0
140.0
146.0
154.0
150.0
162.0
156.0
159.0
157.0
174.0
150.0
126.0
127.0
122.0
105.0
105.0
114.0
116.0
127.0
130.0
145.0
188.0
159.0
57.0
54.0
57.0
56.0
55.0
53.0
52.0
52.0
52.0
50.0
52.0
51.0
49.0
50.0
51.0
51.0
52.0
50.0
50.0
51.0
50.0
0.0


49.0
49.0
48.0
49.0
49.0
48.0
50.0
50.0
50.0
51.0
52.0
51.0
55.0
45.0
93.0
172.0
137.0
138.0
152.0
164.0
165.0
163.0
170.0
165.0
165.0
209.0
191.0
139.0
126.0
117.0
112.0
124.0
127.0
131.0
137.0
134.0
157.0
205.0
145.0
53.0
56.0
56.0
55.0
54.0
54.0
53.0
53.0
52.0
51.0
51.0
51.0
50.0
49.0
51.0
51.0
50.0
50.0
51.0
52.0
52.0
0.0


48.0
49.0
49.0
48.0
48.0
49.0
50.0
50.0
50.0
51.0
51.0
51.0
53.0
47.0
113.0
163.0
151.0
144.0
148.0
157.0
183.0
161.0
163.0
169.0
190.0
200.0
192.0
194.0
134.0
117.0
129.0
133.0
129.0
138.0
125.0
146.0
167.0
222.0
134.0
51.0
57.0
56.0
56.0
54.0
53.0
54.0
52.0
51.0
51.0
50.0
50.0
50.0
50.0
52.0
50.0
50.0
50.0
51.0
51.0
51.0
0.0


49.0
49.0
50.0
49.0
48.0
48.0
49.0
49.0
51.0
51.0
51.0
53.0
50.0
53.0
128.0
151.0
164.0
153.0
144.0
136.0
164.0
187.0
164.0
176.0
185.0
186.0
184.0
206.0
182.0
126.0
132.0
131.0
141.0
133.0
121.0
158.0
151.0
232.0
114.0
52.0
58.0
57.0
55.0
53.0
53.0
53.0
51.0
51.0
50.0
50.0
50.0
50.0
51.0
52.0
51.0
51.0
51.0
52.0
52.0
52.0
0.0


49.0
49.0
50.0
49.0
49.0
49.0
49.0
49.0
50.0
51.0
50.0
53.0
48.0
61.0
134.0
154.0
188.0
169.0
148.0
139.0
142.0
184.0
178.0
174.0
185.0
186.0
191.0
192.0
212.0
165.0
133.0
143.0
147.0
123.0
153.0
149.0
158.0
235.0
91.0
54.0
56.0
59.0
64.0
56.0
53.0
53.0
52.0
51.0
51.0
50.0
50.0
50.0
50.0
51.0
52.0
51.0
51.0
51.0
51.0
52.0
0.0


49.0
47.0
49.0
49.0
49.0
49.0
49.0
50.0
49.0
50.0
51.0
53.0
47.0
75.0
151.0
177.0
206.0
203.0
159.0
159.0
108.0
106.0
180.0
189.0
188.0
197.0
201.0
198.0
200.0
209.0
163.0
146.0
130.0
144.0
138.0
145.0
173.0
193.0
76.0
54.0
58.0
58.0
63.0
58.0
54.0
52.0
52.0
51.0
50.0
50.0
51.0
50.0
50.0
51.0
50.0
49.0
50.0
51.0
51.0
52.0
0.0


49.0
48.0
49.0
48.0
48.0
49.0
50.0
49.0
49.0
49.0
51.0
53.0
46.0
86.0
162.0
160.0
169.0
192.0
183.0
154.0
105.0
70.0
122.0
201.0
189.0
188.0
196.0
202.0
207.0
208.0
199.0
123.0
112.0
109.0
120.0
161.0
150.0
181.0
76.0
54.0
59.0
57.0
53.0
53.0
53.0
51.0
52.0
52.0
50.0
51.0
50.0
51.0
51.0
51.0
51.0
50.0
50.0
52.0
52.0
51.0
0.0


48.0
49.0
50.0
48.0
48.0
49.0
49.0
49.0
49.0
50.0
51.0
53.0
46.0
91.0
152.0
145.0
166.0
166.0
193.0
167.0
117.0
85.0
80.0
153.0
194.0
191.0
189.0
192.0
201.0
204.0
224.0
153.0
96.0
127.0
166.0
155.0
153.0
191.0
75.0
56.0
59.0
57.0
57.0
54.0
52.0
52.0
51.0
52.0
50.0
50.0
50.0
50.0
49.0
50.0
51.0
51.0
51.0
52.0
52.0
51.0
0.0


49.0
50.0
50.0
50.0
50.0
49.0
50.0
49.0
49.0
50.0
50.0
54.0
47.0
84.0
153.0
153.0
142.0
149.0
187.0
213.0
140.0
124.0
124.0
160.0
173.0
191.0
199.0
191.0
197.0
202.0
202.0
205.0
153.0
149.0
163.0
153.0
159.0
199.0
77.0
54.0
59.0
56.0
56.0
54.0
53.0
52.0
51.0
51.0
51.0
51.0
50.0
50.0
50.0
50.0
52.0
51.0
51.0
52.0
51.0
51.0
0.0


49.0
49.0
50.0
50.0
50.0
49.0
50.0
49.0
49.0
50.0
51.0
53.0
48.0
72.0
138.0
125.0
129.0
169.0
201.0
199.0
196.0
181.0
191.0
178.0
170.0
174.0
196.0
196.0
194.0
198.0
196.0
197.0
195.0
170.0
166.0
158.0
160.0
210.0
89.0
56.0
60.0
57.0
56.0
54.0
52.0
52.0
52.0
52.0
52.0
50.0
50.0
50.0
49.0
50.0
51.0
51.0
51.0
51.0
52.0
51.0
0.0


49.0
50.0
50.0
50.0
50.0
50.0
51.0
50.0
50.0
51.0
52.0
52.0
51.0
60.0
119.0
128.0
154.0
181.0
173.0
169.0
174.0
176.0
168.0
173.0
179.0
162.0
161.0
192.0
187.0
190.0
194.0
194.0
192.0
194.0
170.0
150.0
155.0
219.0
102.0
57.0
61.0
57.0
57.0
55.0
53.0
51.0
52.0
53.0
50.0
50.0
51.0
50.0
51.0
52.0
51.0
51.0
51.0
51.0
52.0
50.0
0.0


49.0
50.0
50.0
51.0
51.0
50.0
50.0
49.0
49.0
50.0
51.0
52.0
53.0
55.0
113.0
140.0
141.0
140.0
143.0
157.0
171.0
172.0
174.0
176.0
173.0
151.0
145.0
174.0
187.0
185.0
188.0
191.0
193.0
191.0
185.0
170.0
158.0
226.0
113.0
57.0
60.0
58.0
57.0
55.0
52.0
53.0
52.0
52.0
51.0
50.0
51.0
51.0
51.0
50.0
51.0
50.0
51.0
51.0
51.0
50.0
0.0


49.0
49.0
49.0
51.0
51.0
49.0
50.0
49.0
49.0
51.0
51.0
52.0
53.0
53.0
109.0
127.0
121.0
131.0
138.0
155.0
167.0
173.0
179.0
180.0
170.0
150.0
150.0
158.0
174.0
184.0
186.0
188.0
190.0
189.0
189.0
189.0
167.0
224.0
120.0
57.0
62.0
58.0
56.0
54.0
52.0
54.0
52.0
52.0
52.0
52.0
51.0
50.0
51.0
51.0
51.0
50.0
49.0
50.0
50.0
50.0
0.0


50.0
51.0
50.0
50.0
50.0
49.0
50.0
50.0
49.0
49.0
52.0
53.0
53.0
53.0
105.0
128.0
127.0
127.0
134.0
147.0
158.0
168.0
171.0
176.0
172.0
151.0
143.0
145.0
165.0
174.0
183.0
184.0
185.0
185.0
186.0
194.0
180.0
233.0
120.0
57.0
60.0
58.0
58.0
55.0
53.0
52.0
52.0
53.0
52.0
51.0
52.0
50.0
50.0
51.0
50.0
51.0
50.0
50.0
50.0
48.0
0.0


49.0
50.0
51.0
51.0
51.0
51.0
51.0
51.0
51.0
50.0
51.0
52.0
55.0
51.0
101.0
131.0
125.0
126.0
128.0
137.0
152.0
157.0
164.0
175.0
161.0
145.0
131.0
126.0
157.0
167.0
178.0
181.0
180.0
181.0
185.0
201.0
185.0
238.0
116.0
57.0
60.0
58.0
58.0
55.0
53.0
53.0
52.0
52.0
52.0
50.0
52.0
51.0
49.0
51.0
50.0
51.0
49.0
50.0
49.0
48.0
0.0


50.0
50.0
50.0
51.0
51.0
51.0
51.0
52.0
52.0
51.0
51.0
52.0
54.0
51.0
101.0
132.0
124.0
124.0
121.0
129.0
143.0
150.0
158.0
170.0
148.0
141.0
126.0
109.0
135.0
162.0
180.0
181.0
174.0
176.0
190.0
212.0
192.0
233.0
100.0
57.0
61.0
57.0
57.0
54.0
54.0
52.0
52.0
53.0
51.0
51.0
51.0
51.0
50.0
51.0
51.0
50.0
50.0
50.0
49.0
50.0
0.0


51.0
51.0
50.0
52.0
51.0
51.0
52.0
52.0
52.0
51.0
52.0
52.0
54.0
50.0
94.0
132.0
122.0
122.0
118.0
125.0
138.0
147.0
154.0
157.0
131.0
137.0
124.0
114.0
121.0
151.0
168.0
188.0
181.0
185.0
204.0
210.0
198.0
236.0
92.0
58.0
61.0
59.0
57.0
54.0
54.0
52.0
52.0
53.0
52.0
52.0
50.0
49.0
50.0
51.0
50.0
50.0
50.0
49.0
49.0
49.0
0.0


50.0
51.0
52.0
51.0
52.0
53.0
52.0
52.0
52.0
51.0
52.0
50.0
55.0
49.0
84.0
139.0
123.0
122.0
115.0
120.0
134.0
139.0
151.0
137.0
126.0
137.0
122.0
128.0
120.0
139.0
162.0
182.0
193.0
205.0
216.0
206.0
203.0
214.0
82.0
58.0
61.0
57.0
57.0
56.0
52.0
54.0
53.0
51.0
51.0
52.0
52.0
50.0
51.0
51.0
51.0
51.0
50.0
50.0
49.0
49.0
0.0


51.0
51.0
51.0
52.0
52.0
52.0
53.0
53.0
52.0
51.0
52.0
52.0
56.0
53.0
73.0
143.0
125.0
120.0
116.0
122.0
131.0
132.0
145.0
123.0
134.0
135.0
122.0
123.0
135.0
134.0
156.0
187.0
200.0
211.0
217.0
204.0
210.0
198.0
76.0
60.0
60.0
59.0
57.0
55.0
53.0
52.0
52.0
51.0
51.0
50.0
51.0
50.0
51.0
50.0
50.0
50.0
49.0
49.0
49.0
49.0
0.0


51.0
51.0
52.0
53.0
51.0
51.0
53.0
53.0
53.0
51.0
53.0
53.0
54.0
54.0
61.0
136.0
135.0
124.0
120.0
126.0
127.0
128.0
138.0
120.0
145.0
131.0
125.0
125.0
132.0
147.0
155.0
174.0
196.0
208.0
217.0
204.0
222.0
188.0
73.0
62.0
61.0
59.0
56.0
54.0
54.0
52.0
51.0
52.0
51.0
51.0
50.0
50.0
50.0
49.0
51.0
50.0
48.0
48.0
49.0
49.0
0.0


51.0
52.0
52.0
52.0
52.0
53.0
53.0
53.0
54.0
53.0
53.0
53.0
54.0
56.0
53.0
115.0
145.0
127.0
127.0
127.0
122.0
122.0
124.0
120.0
146.0
128.0
128.0
132.0
135.0
145.0
165.0
180.0
194.0
209.0
216.0
201.0
238.0
172.0
70.0
62.0
61.0
58.0
57.0
55.0
53.0
52.0
52.0
51.0
50.0
51.0
49.0
48.0
48.0
49.0
47.0
48.0
48.0
49.0
48.0
49.0
0.0


51.0
51.0
52.0
51.0
53.0
53.0
53.0
53.0
52.0
52.0
52.0
54.0
55.0
57.0
54.0
88.0
154.0
130.0
133.0
130.0
121.0
119.0
115.0
120.0
140.0
131.0
133.0
138.0
146.0
153.0
164.0
188.0
209.0
217.0
218.0
200.0
246.0
155.0
66.0
63.0
61.0
58.0
56.0
55.0
53.0
51.0
52.0
51.0
51.0
50.0
49.0
49.0
48.0
48.0
47.0
47.0
48.0
49.0
49.0
49.0
0.0


51.0
51.0
50.0
52.0
53.0
52.0
53.0
53.0
53.0
54.0
54.0
53.0
54.0
57.0
58.0
68.0
143.0
139.0
134.0
132.0
122.0
118.0
111.0
122.0
144.0
137.0
142.0
146.0
160.0
167.0
177.0
191.0
201.0
214.0
217.0
202.0
253.0
130.0
61.0
66.0
61.0
58.0
57.0
55.0
52.0
52.0
50.0
49.0
50.0
51.0
49.0
49.0
47.0
47.0
48.0
48.0
48.0
49.0
49.0
49.0
0.0


51.0
51.0
52.0
53.0
52.0
54.0
53.0
53.0
54.0
54.0
54.0
54.0
55.0
57.0
61.0
58.0
106.0
156.0
133.0
133.0
129.0
124.0
114.0
123.0
152.0
146.0
150.0
160.0
166.0
175.0
187.0
200.0
208.0
214.0
211.0
212.0
245.0
95.0
60.0
69.0
60.0
58.0
58.0
56.0
53.0
52.0
51.0
51.0
51.0
51.0
49.0
49.0
49.0
48.0
48.0
49.0
49.0
49.0
50.0
49.0
0.0


51.0
51.0
53.0
53.0
53.0
53.0
54.0
53.0
53.0
54.0
54.0
55.0
55.0
58.0
62.0
62.0
72.0
143.0
145.0
136.0
140.0
136.0
126.0
128.0
150.0
156.0
158.0
167.0
176.0
182.0
195.0
203.0
214.0
217.0
207.0
239.0
184.0
71.0
61.0
67.0
60.0
58.0
58.0
55.0
53.0
52.0
52.0
51.0
51.0
50.0
50.0
49.0
49.0
50.0
50.0
48.0
49.0
50.0
50.0
49.0
0.0


51.0
52.0
53.0
54.0
54.0
53.0
54.0
54.0
54.0
54.0
55.0
55.0
55.0
59.0
62.0
65.0
61.0
104.0
159.0
140.0
146.0
144.0
138.0
135.0
145.0
160.0
167.0
174.0
185.0
194.0
199.0
206.0
214.0
216.0
206.0
246.0
153.0
68.0
65.0
65.0
60.0
59.0
58.0
56.0
55.0
53.0
52.0
51.0
52.0
51.0
52.0
50.0
50.0
50.0
51.0
50.0
49.0
51.0
49.0
49.0
0.0


52.0
53.0
52.0
52.0
52.0
53.0
55.0
54.0
56.0
56.0
56.0
56.0
57.0
60.0
63.0
65.0
63.0
74.0
141.0
146.0
148.0
148.0
149.0
146.0
149.0
158.0
169.0
188.0
193.0
203.0
207.0
212.0
217.0
216.0
208.0
243.0
166.0
76.0
65.0
67.0
63.0
60.0
58.0
56.0
55.0
55.0
53.0
53.0
52.0
52.0
52.0
52.0
50.0
50.0
51.0
49.0
50.0
50.0
50.0
49.0
0.0


52.0
53.0
52.0
52.0
53.0
53.0
55.0
54.0
54.0
55.0
57.0
56.0
59.0
62.0
63.0
65.0
68.0
62.0
103.0
163.0
151.0
156.0
157.0
157.0
158.0
164.0
169.0
185.0
197.0
201.0
206.0
209.0
218.0
219.0
215.0
221.0
202.0
91.0
63.0
68.0
63.0
62.0
59.0
57.0
54.0
55.0
55.0
53.0
52.0
54.0
52.0
51.0
51.0
52.0
52.0
52.0
52.0
51.0
51.0
51.0
0.0


51.0
52.0
53.0
53.0
53.0
53.0
54.0
56.0
55.0
54.0
56.0
58.0
63.0
64.0
65.0
65.0
67.0
68.0
73.0
151.0
178.0
168.0
170.0
170.0
173.0
180.0
182.0
183.0
192.0
198.0
205.0
213.0
223.0
224.0
222.0
211.0
242.0
122.0
66.0
67.0
63.0
61.0
61.0
59.0
57.0
56.0
55.0
55.0
55.0
54.0
53.0
52.0
53.0
53.0
53.0
53.0
52.0
54.0
54.0
52.0
0.0


52.0
53.0
53.0
53.0
53.0
52.0
53.0
57.0
56.0
56.0
56.0
58.0
60.0
65.0
66.0
66.0
66.0
71.0
66.0
94.0
179.0
184.0
189.0
188.0
185.0
180.0
182.0
184.0
191.0
196.0
202.0
214.0
220.0
221.0
222.0
209.0
234.0
159.0
73.0
66.0
64.0
62.0
62.0
60.0
58.0
58.0
56.0
55.0
55.0
54.0
54.0
54.0
53.0
53.0
53.0
53.0
53.0
53.0
54.0
52.0
0.0


53.0
52.0
52.0
52.0
52.0
52.0
53.0
54.0
55.0
56.0
57.0
59.0
60.0
64.0
65.0
67.0
68.0
69.0
74.0
68.0
115.0
205.0
190.0
196.0
192.0
191.0
191.0
191.0
195.0
199.0
202.0
213.0
218.0
219.0
220.0
212.0
211.0
206.0
90.0
62.0
65.0
63.0
60.0
59.0
58.0
57.0
55.0
55.0
55.0
55.0
55.0
54.0
53.0
53.0
54.0
54.0
53.0
53.0
53.0
53.0
0.0


52.0
52.0
52.0
52.0
52.0
52.0
54.0
55.0
55.0
56.0
57.0
59.0
62.0
64.0
66.0
69.0
69.0
69.0
72.0
73.0
78.0
159.0
189.0
188.0
192.0
191.0
194.0
191.0
192.0
197.0
201.0
212.0
215.0
217.0
219.0
218.0
202.0
241.0
123.0
65.0
67.0
63.0
63.0
61.0
58.0
57.0
56.0
56.0
55.0
54.0
55.0
53.0
54.0
54.0
54.0
54.0
53.0
53.0
54.0
54.0
0.0


0.0
0.0
0.0
0.0
0.0
0.0
0.0
0.0
0.0
0.0
0.0
0.0
0.0
0.0
0.0
0.0
0.0
0.0
0.0
0.0
0.0
0.0
0.0
0.0
0.0
0.0
0.0
0.0
0.0
0.0
0.0
0.0
0.0
0.0
0.0
0.0
0.0
0.0
0.0
0.0
0.0
0.0
0.0
0.0
0.0
0.0
0.0
0.0
0.0
0.0
0.0
0.0
0.0
0.0
0.0
0.0
0.0
0.0
0.0
0.0
0.0


