48.0
50.0
50.0
49.0
48.0
49.0
51.0
51.0
51.0
52.0
51.0
52.0
51.0
51.0
52.0
52.0
52.0
52.0
52.0
52.0
52.0
52.0
54.0
51.0
54.0
59.0
50.0
49.0
52.0
52.0
53.0
49.0
81.0
133.0
127.0
165.0
117.0
45.0
53.0
52.0
50.0
53.0
52.0
51.0
52.0
51.0
53.0
53.0
52.0
51.0
51.0
51.0
50.0
51.0
50.0
50.0
50.0
51.0
52.0
53.0
0.0


49.0
49.0
49.0
49.0
48.0
49.0
51.0
51.0
51.0
52.0
52.0
51.0
52.0
52.0
52.0
52.0
51.0
51.0
52.0
53.0
52.0
54.0
52.0
56.0
96.0
123.0
104.0
52.0
49.0
52.0
51.0
51.0
86.0
132.0
131.0
177.0
113.0
44.0
53.0
52.0
52.0
51.0
55.0
55.0
51.0
52.0
50.0
48.0
50.0
51.0
51.0
51.0
50.0
50.0
49.0
49.0
49.0
48.0
49.0
51.0
0.0


47.0
49.0
49.0
49.0
49.0
49.0
51.0
51.0
49.0
52.0
52.0
52.0
52.0
52.0
51.0
52.0
51.0
53.0
53.0
53.0
52.0
56.0
48.0
75.0
120.0
116.0
167.0
79.0
44.0
54.0
51.0
51.0
96.0
130.0
127.0
177.0
119.0
45.0
52.0
52.0
52.0
50.0
59.0
56.0
51.0
52.0
59.0
82.0
63.0
46.0
51.0
51.0
49.0
49.0
51.0
49.0
48.0
49.0
50.0
51.0
0.0


49.0
48.0
49.0
49.0
49.0
50.0
50.0
50.0
50.0
52.0
52.0
51.0
51.0
51.0
52.0
51.0
52.0
52.0
52.0
53.0
53.0
56.0
48.0
76.0
128.0
124.0
164.0
84.0
44.0
54.0
50.0
53.0
110.0
124.0
128.0
173.0
129.0
48.0
52.0
53.0
51.0
51.0
53.0
52.0
49.0
54.0
104.0
137.0
142.0
69.0
46.0
53.0
50.0
49.0
49.0
48.0
48.0
48.0
51.0
51.0
0.0


49.0
49.0
50.0
49.0
49.0
51.0
50.0
50.0
50.0
51.0
52.0
50.0
51.0
52.0
52.0
53.0
51.0
52.0
52.0
54.0
52.0
54.0
48.0
83.0
131.0
131.0
170.0
78.0
44.0
54.0
49.0
59.0
114.0
120.0
137.0
176.0
126.0
48.0
52.0
52.0
51.0
51.0
50.0
54.0
48.0
65.0
128.0
122.0
173.0
110.0
44.0
53.0
50.0
49.0
49.0
48.0
49.0
48.0
50.0
51.0
0.0


49.0
49.0
50.0
50.0
50.0
50.0
49.0
51.0
49.0
50.0
51.0
51.0
51.0
52.0
51.0
52.0
52.0
52.0
52.0
53.0
53.0
53.0
47.0
93.0
135.0
130.0
171.0
83.0
44.0
55.0
47.0
68.0
134.0
134.0
143.0
178.0
119.0
46.0
52.0
51.0
52.0
52.0
52.0
54.0
46.0
81.0
142.0
137.0
181.0
107.0
44.0
53.0
49.0
49.0
48.0
49.0
49.0
49.0
50.0
50.0
0.0


50.0
50.0
49.0
49.0
50.0
49.0
50.0
50.0
50.0
51.0
51.0
51.0
50.0
52.0
52.0
51.0
51.0
52.0
53.0
52.0
53.0
52.0
51.0
103.0
129.0
129.0
172.0
90.0
44.0
53.0
44.0
80.0
149.0
138.0
154.0
197.0
105.0
43.0
54.0
51.0
50.0
52.0
52.0
52.0
50.0
107.0
134.0
138.0
193.0
91.0
43.0
53.0
49.0
49.0
48.0
48.0
49.0
50.0
50.0
50.0
0.0


50.0
48.0
50.0
49.0
50.0
49.0
50.0
49.0
49.0
51.0
50.0
50.0
50.0
50.0
51.0
51.0
50.0
51.0
52.0
52.0
53.0
50.0
56.0
113.0
118.0
128.0
177.0
98.0
44.0
52.0
48.0
98.0
140.0
128.0
148.0
188.0
94.0
44.0
55.0
50.0
50.0
50.0
52.0
48.0
72.0
123.0
120.0
139.0
187.0
78.0
45.0
52.0
50.0
49.0
48.0
49.0
49.0
51.0
51.0
52.0
0.0


50.0
50.0
51.0
50.0
49.0
49.0
49.0
49.0
49.0
50.0
49.0
51.0
49.0
50.0
52.0
51.0
50.0
50.0
52.0
51.0
53.0
49.0
59.0
121.0
119.0
129.0
179.0
101.0
44.0
51.0
53.0
111.0
133.0
133.0
147.0
180.0
88.0
46.0
55.0
50.0
50.0
51.0
51.0
47.0
94.0
113.0
127.0
149.0
176.0
67.0
46.0
51.0
50.0
49.0
49.0
50.0
50.0
50.0
52.0
52.0
0.0


50.0
51.0
52.0
49.0
49.0
49.0
49.0
50.0
49.0
49.0
51.0
50.0
50.0
50.0
50.0
50.0
50.0
50.0
51.0
51.0
53.0
48.0
59.0
128.0
133.0
141.0
193.0
102.0
45.0
49.0
58.0
124.0
127.0
137.0
151.0
176.0
73.0
46.0
55.0
50.0
49.0
52.0
46.0
59.0
120.0
117.0
139.0
158.0
155.0
57.0
49.0
51.0
51.0
50.0
51.0
51.0
50.0
51.0
52.0
52.0
0.0


50.0
50.0
52.0
51.0
51.0
49.0
50.0
50.0
50.0
50.0
47.0
46.0
44.0
49.0
51.0
49.0
50.0
50.0
51.0
51.0
52.0
47.0
59.0
128.0
132.0
137.0
190.0
101.0
44.0
46.0
68.0
135.0
130.0
142.0
157.0
169.0
65.0
47.0
54.0
50.0
48.0
52.0
44.0
85.0
139.0
138.0
148.0
180.0
123.0
42.0
50.0
51.0
51.0
50.0
51.0
51.0
51.0
52.0
51.0
52.0
0.0


50.0
49.0
51.0
51.0
50.0
50.0
49.0
49.0
50.0
47.0
68.0
104.0
87.0
49.0
48.0
51.0
50.0
50.0
51.0
51.0
54.0
49.0
63.0
131.0
135.0
142.0
192.0
97.0
43.0
46.0
85.0
143.0
130.0
145.0
163.0
155.0
55.0
49.0
53.0
51.0
50.0
47.0
51.0
113.0
124.0
136.0
153.0
222.0
85.0
42.0
52.0
51.0
50.0
51.0
51.0
52.0
51.0
51.0
52.0
53.0
0.0


50.0
49.0
50.0
50.0
50.0
50.0
49.0
49.0
49.0
47.0
98.0
125.0
158.0
83.0
43.0
50.0
49.0
50.0
51.0
50.0
52.0
48.0
68.0
127.0
134.0
147.0
193.0
92.0
41.0
48.0
106.0
134.0
138.0
153.0
177.0
138.0
48.0
52.0
53.0
50.0
51.0
45.0
75.0
121.0
119.0
142.0
168.0
173.0
58.0
48.0
53.0
51.0
50.0
52.0
52.0
51.0
51.0
51.0
53.0
53.0
0.0


51.0
50.0
50.0
50.0
50.0
50.0
49.0
49.0
50.0
45.0
98.0
128.0
145.0
120.0
46.0
47.0
50.0
50.0
49.0
50.0
51.0
47.0
71.0
129.0
134.0
147.0
193.0
90.0
40.0
57.0
128.0
128.0
151.0
155.0
189.0
120.0
44.0
55.0
53.0
52.0
48.0
50.0
102.0
115.0
127.0
146.0
198.0
130.0
48.0
51.0
53.0
51.0
51.0
52.0
52.0
51.0
52.0
52.0
52.0
52.0
0.0


50.0
51.0
50.0
50.0
50.0
50.0
50.0
49.0
50.0
45.0
81.0
153.0
141.0
155.0
59.0
44.0
48.0
48.0
49.0
49.0
50.0
45.0
76.0
131.0
131.0
149.0
193.0
91.0
36.0
73.0
144.0
134.0
161.0
159.0
198.0
106.0
44.0
57.0
52.0
52.0
46.0
75.0
119.0
114.0
133.0
152.0
210.0
91.0
44.0
54.0
52.0
52.0
51.0
52.0
52.0
52.0
53.0
52.0
52.0
53.0
0.0


50.0
50.0
50.0
50.0
50.0
50.0
50.0
50.0
52.0
46.0
67.0
156.0
139.0
180.0
87.0
42.0
49.0
48.0
48.0
49.0
50.0
45.0
84.0
132.0
129.0
152.0
188.0
93.0
35.0
93.0
153.0
144.0
156.0
161.0
221.0
97.0
47.0
57.0
53.0
49.0
55.0
107.0
110.0
129.0
145.0
169.0
180.0
65.0
47.0
53.0
51.0
51.0
52.0
52.0
53.0
51.0
51.0
51.0
52.0
53.0
0.0


50.0
50.0
50.0
50.0
50.0
50.0
49.0
49.0
51.0
47.0
58.0
149.0
142.0
165.0
129.0
46.0
48.0
48.0
48.0
48.0
49.0
46.0
95.0
134.0
134.0
156.0
190.0
96.0
38.0
111.0
132.0
129.0
146.0
160.0
204.0
84.0
49.0
57.0
54.0
46.0
88.0
131.0
125.0
143.0
151.0
198.0
141.0
51.0
51.0
53.0
52.0
51.0
51.0
50.0
51.0
51.0
52.0
52.0
52.0
52.0
0.0


50.0
50.0
51.0
50.0
49.0
49.0
50.0
49.0
50.0
48.0
51.0
138.0
149.0
146.0
181.0
66.0
40.0
49.0
48.0
48.0
50.0
47.0
106.0
140.0
147.0
167.0
213.0
100.0
41.0
123.0
123.0
118.0
140.0
159.0
185.0
70.0
51.0
56.0
52.0
54.0
121.0
142.0
150.0
160.0
158.0
215.0
103.0
44.0
55.0
52.0
51.0
51.0
51.0
50.0
50.0
50.0
50.0
51.0
51.0
51.0
0.0


50.0
50.0
50.0
50.0
50.0
50.0
51.0
50.0
48.0
48.0
42.0
111.0
163.0
143.0
205.0
98.0
40.0
50.0
48.0
49.0
51.0
47.0
113.0
152.0
153.0
159.0
225.0
104.0
46.0
130.0
122.0
127.0
147.0
172.0
163.0
57.0
53.0
58.0
50.0
79.0
114.0
133.0
156.0
160.0
184.0
199.0
73.0
45.0
55.0
52.0
52.0
52.0
51.0
51.0
51.0
51.0
50.0
50.0
51.0
51.0
0.0


51.0
51.0
50.0
50.0
50.0
49.0
49.0
49.0
49.0
50.0
42.0
76.0
174.0
147.0
162.0
138.0
49.0
49.0
49.0
51.0
50.0
50.0
113.0
127.0
129.0
141.0
198.0
108.0
52.0
134.0
124.0
135.0
147.0
180.0
137.0
52.0
58.0
53.0
56.0
104.0
110.0
129.0
148.0
164.0
215.0
151.0
49.0
52.0
54.0
53.0
52.0
51.0
51.0
52.0
52.0
51.0
51.0
51.0
51.0
51.0
0.0


50.0
51.0
50.0
50.0
49.0
50.0
50.0
49.0
49.0
50.0
47.0
55.0
141.0
146.0
141.0
169.0
73.0
44.0
52.0
52.0
50.0
49.0
108.0
121.0
118.0
136.0
197.0
104.0
58.0
138.0
125.0
139.0
147.0
196.0
111.0
51.0
61.0
51.0
80.0
112.0
112.0
128.0
144.0
165.0
229.0
85.0
44.0
56.0
52.0
53.0
52.0
52.0
53.0
50.0
51.0
51.0
51.0
51.0
51.0
52.0
0.0


50.0
50.0
51.0
50.0
49.0
50.0
51.0
50.0
49.0
49.0
49.0
46.0
114.0
154.0
136.0
164.0
114.0
47.0
54.0
51.0
51.0
52.0
108.0
125.0
120.0
137.0
198.0
100.0
62.0
144.0
131.0
145.0
152.0
200.0
89.0
52.0
59.0
61.0
104.0
116.0
121.0
137.0
154.0
198.0
144.0
47.0
53.0
54.0
54.0
53.0
51.0
51.0
51.0
51.0
49.0
51.0
51.0
51.0
51.0
51.0
0.0


50.0
50.0
51.0
50.0
49.0
49.0
50.0
50.0
50.0
51.0
51.0
43.0
85.0
160.0
135.0
150.0
158.0
68.0
46.0
53.0
51.0
52.0
108.0
125.0
123.0
141.0
200.0
93.0
68.0
154.0
144.0
162.0
174.0
184.0
72.0
58.0
58.0
77.0
116.0
119.0
133.0
150.0
160.0
218.0
79.0
46.0
55.0
53.0
54.0
53.0
52.0
51.0
50.0
50.0
50.0
51.0
50.0
51.0
51.0
51.0
0.0


51.0
51.0
50.0
50.0
49.0
49.0
50.0
50.0
51.0
51.0
52.0
46.0
62.0
148.0
141.0
144.0
188.0
109.0
45.0
52.0
54.0
49.0
102.0
131.0
126.0
144.0
197.0
88.0
86.0
143.0
136.0
154.0
175.0
151.0
64.0
61.0
57.0
97.0
128.0
132.0
150.0
150.0
189.0
146.0
49.0
55.0
54.0
54.0
54.0
53.0
52.0
51.0
50.0
49.0
50.0
50.0
50.0
51.0
51.0
51.0
0.0


50.0
49.0
50.0
50.0
50.0
50.0
50.0
50.0
50.0
50.0
51.0
49.0
52.0
131.0
149.0
146.0
176.0
146.0
58.0
48.0
54.0
49.0
98.0
133.0
128.0
157.0
192.0
89.0
112.0
141.0
146.0
154.0
188.0
126.0
59.0
59.0
69.0
120.0
144.0
149.0
151.0
152.0
229.0
85.0
47.0
56.0
54.0
55.0
54.0
53.0
52.0
50.0
50.0
50.0
50.0
50.0
50.0
50.0
51.0
50.0
0.0


49.0
50.0
50.0
50.0
50.0
49.0
50.0
49.0
50.0
51.0
51.0
52.0
46.0
108.0
164.0
144.0
143.0
156.0
84.0
45.0
52.0
52.0
101.0
135.0
142.0
160.0
139.0
110.0
97.0
125.0
161.0
154.0
166.0
118.0
59.0
63.0
106.0
149.0
159.0
160.0
150.0
192.0
155.0
54.0
52.0
55.0
55.0
55.0
54.0
53.0
52.0
51.0
51.0
51.0
50.0
49.0
49.0
50.0
51.0
51.0
0.0


49.0
50.0
49.0
49.0
50.0
50.0
50.0
50.0
50.0
50.0
51.0
53.0
46.0
68.0
147.0
128.0
124.0
143.0
120.0
51.0
50.0
52.0
107.0
131.0
142.0
107.0
113.0
139.0
102.0
116.0
130.0
123.0
113.0
104.0
80.0
86.0
124.0
148.0
158.0
164.0
170.0
230.0
93.0
48.0
57.0
55.0
56.0
54.0
53.0
53.0
52.0
51.0
51.0
49.0
49.0
50.0
50.0
50.0
51.0
51.0
0.0


50.0
49.0
49.0
49.0
50.0
48.0
49.0
49.0
50.0
50.0
50.0
51.0
51.0
47.0
118.0
126.0
121.0
127.0
151.0
78.0
46.0
57.0
119.0
133.0
129.0
107.0
138.0
144.0
137.0
125.0
127.0
122.0
113.0
95.0
89.0
104.0
123.0
126.0
134.0
148.0
194.0
170.0
62.0
52.0
58.0
57.0
55.0
53.0
53.0
53.0
51.0
50.0
50.0
48.0
49.0
49.0
48.0
50.0
51.0
50.0
0.0


49.0
49.0
49.0
49.0
49.0
49.0
48.0
48.0
48.0
51.0
50.0
51.0
53.0
45.0
99.0
141.0
119.0
122.0
138.0
112.0
42.0
67.0
106.0
95.0
121.0
133.0
154.0
148.0
160.0
144.0
124.0
123.0
115.0
97.0
94.0
114.0
121.0
126.0
130.0
145.0
204.0
129.0
53.0
59.0
58.0
57.0
56.0
55.0
52.0
52.0
51.0
49.0
49.0
50.0
48.0
49.0
50.0
49.0
50.0
50.0
0.0


49.0
49.0
49.0
49.0
49.0
50.0
50.0
48.0
49.0
51.0
52.0
49.0
53.0
45.0
74.0
147.0
118.0
124.0
126.0
135.0
78.0
82.0
88.0
103.0
128.0
152.0
170.0
165.0
163.0
171.0
141.0
120.0
104.0
97.0
116.0
124.0
126.0
138.0
136.0
160.0
211.0
96.0
50.0
62.0
58.0
57.0
56.0
53.0
55.0
52.0
50.0
50.0
49.0
50.0
50.0
48.0
49.0
50.0
50.0
50.0
0.0


49.0
50.0
49.0
49.0
49.0
49.0
49.0
49.0
51.0
51.0
52.0
51.0
51.0
51.0
56.0
127.0
123.0
118.0
118.0
122.0
107.0
79.0
82.0
113.0
125.0
152.0
173.0
176.0
169.0
195.0
201.0
127.0
100.0
122.0
136.0
126.0
133.0
130.0
147.0
183.0
188.0
75.0
54.0
62.0
58.0
58.0
55.0
54.0
53.0
52.0
51.0
50.0
49.0
50.0
50.0
50.0
49.0
50.0
50.0
50.0
0.0


50.0
50.0
49.0
50.0
48.0
49.0
49.0
50.0
50.0
50.0
51.0
51.0
51.0
53.0
47.0
104.0
127.0
118.0
120.0
110.0
84.0
75.0
94.0
119.0
124.0
142.0
169.0
172.0
186.0
207.0
211.0
178.0
120.0
128.0
131.0
131.0
132.0
113.0
155.0
175.0
163.0
63.0
61.0
63.0
59.0
58.0
54.0
55.0
52.0
49.0
50.0
50.0
49.0
50.0
50.0
49.0
49.0
49.0
50.0
50.0
0.0


50.0
49.0
50.0
49.0
50.0
49.0
49.0
50.0
50.0
52.0
51.0
51.0
50.0
54.0
48.0
86.0
137.0
121.0
110.0
95.0
94.0
97.0
112.0
127.0
129.0
139.0
165.0
179.0
187.0
196.0
192.0
217.0
179.0
127.0
126.0
141.0
116.0
139.0
142.0
171.0
141.0
56.0
66.0
64.0
60.0
58.0
55.0
54.0
52.0
49.0
49.0
49.0
50.0
50.0
50.0
48.0
48.0
50.0
50.0
50.0
0.0


50.0
50.0
49.0
49.0
50.0
50.0
49.0
51.0
51.0
53.0
53.0
52.0
51.0
53.0
49.0
75.0
130.0
107.0
105.0
107.0
104.0
108.0
121.0
129.0
135.0
145.0
157.0
178.0
192.0
197.0
198.0
196.0
211.0
159.0
133.0
124.0
135.0
148.0
141.0
222.0
115.0
56.0
68.0
64.0
60.0
56.0
54.0
52.0
51.0
51.0
50.0
49.0
50.0
52.0
49.0
48.0
49.0
50.0
50.0
49.0
0.0


50.0
50.0
50.0
50.0
49.0
50.0
50.0
49.0
51.0
52.0
53.0
53.0
52.0
55.0
49.0
68.0
119.0
105.0
109.0
105.0
106.0
111.0
121.0
129.0
136.0
148.0
153.0
168.0
194.0
206.0
211.0
203.0
200.0
218.0
130.0
114.0
115.0
116.0
168.0
194.0
107.0
55.0
70.0
62.0
60.0
55.0
54.0
54.0
52.0
52.0
51.0
50.0
49.0
51.0
51.0
50.0
50.0
50.0
50.0
50.0
0.0


50.0
50.0
50.0
49.0
50.0
51.0
50.0
50.0
51.0
53.0
53.0
53.0
52.0
55.0
52.0
60.0
126.0
116.0
110.0
104.0
107.0
115.0
123.0
128.0
137.0
155.0
166.0
164.0
180.0
193.0
195.0
201.0
203.0
217.0
185.0
100.0
102.0
163.0
165.0
181.0
106.0
54.0
77.0
70.0
60.0
55.0
55.0
54.0
52.0
52.0
51.0
50.0
50.0
50.0
51.0
51.0
52.0
51.0
51.0
52.0
0.0


50.0
50.0
50.0
50.0
50.0
50.0
51.0
51.0
50.0
52.0
54.0
54.0
52.0
54.0
54.0
56.0
121.0
124.0
114.0
110.0
113.0
117.0
121.0
132.0
149.0
167.0
161.0
159.0
168.0
193.0
194.0
191.0
200.0
203.0
217.0
165.0
158.0
187.0
160.0
194.0
110.0
54.0
69.0
67.0
61.0
55.0
55.0
53.0
52.0
52.0
52.0
51.0
51.0
51.0
51.0
51.0
51.0
51.0
51.0
50.0
0.0


50.0
50.0
51.0
50.0
50.0
51.0
52.0
52.0
51.0
53.0
54.0
55.0
53.0
53.0
55.0
53.0
113.0
130.0
114.0
114.0
122.0
129.0
136.0
147.0
159.0
154.0
158.0
168.0
161.0
174.0
201.0
199.0
199.0
202.0
198.0
199.0
185.0
179.0
164.0
194.0
128.0
60.0
67.0
60.0
59.0
57.0
55.0
54.0
53.0
52.0
52.0
51.0
50.0
52.0
51.0
51.0
51.0
51.0
51.0
51.0
0.0


50.0
51.0
51.0
51.0
51.0
51.0
52.0
52.0
53.0
54.0
54.0
54.0
54.0
54.0
56.0
51.0
96.0
133.0
122.0
134.0
136.0
133.0
131.0
136.0
145.0
153.0
164.0
172.0
150.0
139.0
176.0
188.0
191.0
196.0
197.0
192.0
194.0
177.0
152.0
183.0
150.0
64.0
66.0
62.0
57.0
56.0
56.0
54.0
53.0
53.0
53.0
53.0
52.0
51.0
52.0
52.0
51.0
52.0
53.0
52.0
0.0


50.0
51.0
51.0
52.0
51.0
50.0
52.0
53.0
53.0
54.0
55.0
54.0
55.0
55.0
58.0
51.0
82.0
148.0
135.0
133.0
122.0
116.0
124.0
137.0
148.0
159.0
171.0
169.0
148.0
133.0
162.0
175.0
182.0
187.0
190.0
191.0
191.0
189.0
167.0
176.0
161.0
67.0
63.0
63.0
57.0
57.0
56.0
56.0
54.0
53.0
53.0
53.0
52.0
51.0
51.0
52.0
52.0
52.0
53.0
52.0
0.0


51.0
51.0
52.0
52.0
51.0
52.0
52.0
54.0
55.0
54.0
55.0
56.0
57.0
57.0
58.0
54.0
73.0
140.0
126.0
122.0
122.0
121.0
125.0
138.0
150.0
162.0
166.0
163.0
145.0
146.0
152.0
156.0
177.0
182.0
186.0
190.0
190.0
191.0
188.0
186.0
170.0
71.0
61.0
62.0
59.0
56.0
56.0
54.0
54.0
53.0
53.0
53.0
52.0
52.0
52.0
53.0
52.0
52.0
52.0
52.0
0.0


52.0
52.0
53.0
52.0
51.0
52.0
52.0
55.0
54.0
55.0
56.0
55.0
57.0
58.0
59.0
54.0
66.0
133.0
127.0
124.0
123.0
120.0
122.0
135.0
148.0
157.0
159.0
155.0
135.0
152.0
128.0
136.0
157.0
169.0
184.0
185.0
187.0
187.0
186.0
196.0
174.0
73.0
61.0
61.0
57.0
57.0
54.0
54.0
54.0
53.0
53.0
52.0
53.0
53.0
52.0
51.0
52.0
52.0
52.0
51.0
0.0


52.0
52.0
52.0
52.0
52.0
52.0
53.0
54.0
54.0
55.0
56.0
56.0
58.0
58.0
59.0
56.0
64.0
128.0
129.0
126.0
127.0
121.0
122.0
133.0
145.0
152.0
161.0
146.0
133.0
142.0
108.0
113.0
151.0
159.0
176.0
183.0
182.0
183.0
183.0
203.0
172.0
70.0
60.0
61.0
58.0
58.0
55.0
54.0
54.0
53.0
52.0
52.0
52.0
52.0
53.0
52.0
52.0
52.0
52.0
52.0
0.0


52.0
52.0
52.0
53.0
53.0
53.0
53.0
53.0
53.0
55.0
56.0
57.0
58.0
58.0
59.0
58.0
63.0
130.0
134.0
127.0
125.0
119.0
116.0
129.0
139.0
147.0
157.0
131.0
133.0
128.0
100.0
97.0
131.0
159.0
175.0
180.0
177.0
177.0
180.0
215.0
161.0
65.0
62.0
61.0
58.0
57.0
56.0
54.0
53.0
54.0
54.0
53.0
53.0
53.0
52.0
53.0
52.0
52.0
53.0
51.0
0.0


52.0
52.0
52.0
53.0
53.0
53.0
53.0
54.0
53.0
54.0
55.0
56.0
58.0
58.0
59.0
58.0
61.0
124.0
139.0
125.0
123.0
116.0
114.0
126.0
137.0
144.0
142.0
120.0
129.0
117.0
97.0
99.0
114.0
147.0
172.0
186.0
179.0
176.0
188.0
223.0
156.0
65.0
62.0
60.0
57.0
56.0
55.0
55.0
53.0
52.0
53.0
53.0
52.0
52.0
51.0
53.0
52.0
52.0
51.0
49.0
0.0


52.0
53.0
52.0
53.0
53.0
53.0
54.0
54.0
53.0
54.0
56.0
57.0
58.0
59.0
60.0
60.0
59.0
116.0
150.0
128.0
127.0
119.0
114.0
128.0
135.0
141.0
131.0
116.0
127.0
115.0
104.0
113.0
117.0
142.0
162.0
186.0
195.0
197.0
208.0
219.0
151.0
65.0
63.0
59.0
58.0
56.0
54.0
55.0
53.0
53.0
52.0
53.0
52.0
52.0
52.0
52.0
52.0
52.0
50.0
50.0
0.0


52.0
53.0
53.0
53.0
54.0
54.0
55.0
53.0
55.0
56.0
57.0
58.0
58.0
59.0
60.0
62.0
57.0
100.0
163.0
134.0
130.0
122.0
118.0
130.0
131.0
134.0
122.0
123.0
133.0
115.0
114.0
121.0
128.0
135.0
158.0
181.0
203.0
214.0
210.0
220.0
145.0
61.0
64.0
63.0
59.0
58.0
56.0
55.0
54.0
55.0
53.0
52.0
52.0
53.0
52.0
52.0
52.0
52.0
50.0
50.0
0.0


52.0
52.0
53.0
54.0
54.0
55.0
54.0
55.0
56.0
57.0
57.0
58.0
58.0
60.0
60.0
63.0
56.0
84.0
165.0
142.0
134.0
127.0
122.0
130.0
124.0
128.0
120.0
133.0
130.0
115.0
121.0
125.0
134.0
143.0
152.0
177.0
200.0
214.0
208.0
230.0
133.0
60.0
66.0
63.0
59.0
58.0
56.0
55.0
55.0
56.0
54.0
53.0
54.0
53.0
51.0
52.0
52.0
52.0
52.0
51.0
0.0


53.0
53.0
54.0
54.0
54.0
53.0
54.0
55.0
55.0
56.0
57.0
57.0
59.0
61.0
61.0
63.0
60.0
70.0
151.0
155.0
139.0
137.0
130.0
130.0
118.0
120.0
117.0
134.0
126.0
118.0
128.0
133.0
137.0
148.0
163.0
180.0
196.0
214.0
204.0
239.0
119.0
61.0
68.0
63.0
61.0
59.0
58.0
58.0
57.0
55.0
54.0
55.0
54.0
53.0
53.0
52.0
52.0
53.0
52.0
51.0
0.0


52.0
53.0
55.0
54.0
55.0
55.0
56.0
56.0
56.0
56.0
57.0
58.0
59.0
61.0
62.0
64.0
65.0
61.0
125.0
167.0
140.0
143.0
143.0
134.0
118.0
116.0
113.0
132.0
126.0
128.0
135.0
139.0
144.0
152.0
167.0
194.0
209.0
214.0
201.0
230.0
104.0
61.0
70.0
65.0
62.0
59.0
59.0
59.0
58.0
56.0
55.0
55.0
55.0
56.0
54.0
52.0
52.0
53.0
52.0
52.0
0.0


53.0
54.0
55.0
55.0
55.0
55.0
56.0
55.0
57.0
56.0
57.0
58.0
59.0
61.0
62.0
64.0
67.0
60.0
94.0
169.0
147.0
147.0
147.0
132.0
120.0
117.0
114.0
138.0
135.0
139.0
142.0
148.0
159.0
165.0
177.0
199.0
212.0
210.0
203.0
201.0
83.0
67.0
69.0
65.0
63.0
61.0
60.0
59.0
57.0
57.0
56.0
55.0
54.0
54.0
53.0
52.0
52.0
52.0
51.0
52.0
0.0


54.0
54.0
54.0
55.0
55.0
55.0
57.0
56.0
56.0
57.0
57.0
57.0
58.0
61.0
62.0
63.0
66.0
63.0
69.0
146.0
159.0
147.0
146.0
136.0
131.0
123.0
119.0
144.0
144.0
145.0
155.0
160.0
172.0
181.0
192.0
207.0
214.0
202.0
226.0
157.0
68.0
74.0
70.0
66.0
64.0
61.0
61.0
60.0
58.0
58.0
57.0
55.0
55.0
54.0
53.0
52.0
53.0
52.0
53.0
54.0
0.0


54.0
54.0
54.0
55.0
55.0
55.0
56.0
56.0
57.0
57.0
57.0
57.0
59.0
62.0
62.0
64.0
66.0
68.0
60.0
103.0
165.0
145.0
147.0
147.0
147.0
137.0
133.0
145.0
157.0
152.0
163.0
173.0
179.0
190.0
204.0
211.0
220.0
197.0
248.0
114.0
67.0
76.0
72.0
68.0
65.0
62.0
61.0
60.0
59.0
57.0
57.0
56.0
55.0
55.0
55.0
54.0
53.0
54.0
57.0
55.0
0.0


53.0
55.0
55.0
55.0
55.0
56.0
56.0
56.0
57.0
56.0
58.0
58.0
59.0
61.0
63.0
66.0
66.0
68.0
68.0
78.0
154.0
153.0
147.0
148.0
152.0
149.0
154.0
148.0
160.0
163.0
171.0
179.0
193.0
200.0
208.0
218.0
212.0
207.0
204.0
85.0
74.0
74.0
70.0
69.0
65.0
63.0
61.0
59.0
59.0
59.0
58.0
56.0
56.0
56.0
55.0
55.0
53.0
55.0
57.0
57.0
0.0


53.0
54.0
55.0
55.0
56.0
55.0
57.0
58.0
57.0
57.0
59.0
58.0
59.0
62.0
64.0
67.0
68.0
67.0
72.0
68.0
124.0
163.0
139.0
154.0
154.0
160.0
170.0
158.0
157.0
166.0
187.0
196.0
201.0
211.0
215.0
221.0
203.0
236.0
169.0
76.0
76.0
75.0
73.0
70.0
67.0
66.0
64.0
61.0
59.0
60.0
59.0
59.0
58.0
58.0
57.0
58.0
58.0
59.0
58.0
58.0
0.0


54.0
55.0
54.0
55.0
56.0
57.0
58.0
58.0
57.0
57.0
58.0
57.0
59.0
61.0
65.0
66.0
67.0
68.0
74.0
68.0
92.0
180.0
155.0
159.0
163.0
167.0
170.0
164.0
172.0
173.0
181.0
202.0
210.0
213.0
219.0
220.0
209.0
244.0
177.0
82.0
77.0
77.0
73.0
70.0
68.0
67.0
64.0
64.0
64.0
63.0
63.0
62.0
61.0
61.0
61.0
62.0
62.0
62.0
59.0
61.0
0.0


54.0
55.0
55.0
55.0
56.0
57.0
58.0
58.0
57.0
58.0
58.0
61.0
60.0
61.0
64.0
65.0
68.0
70.0
72.0
73.0
76.0
148.0
182.0
172.0
183.0
179.0
179.0
173.0
179.0
188.0
190.0
195.0
205.0
212.0
218.0
226.0
221.0
227.0
203.0
92.0
76.0
76.0
73.0
71.0
70.0
67.0
67.0
67.0
66.0
66.0
64.0
62.0
63.0
63.0
62.0
63.0
62.0
62.0
62.0
63.0
0.0


54.0
54.0
56.0
56.0
57.0
56.0
58.0
59.0
58.0
58.0
59.0
59.0
60.0
61.0
64.0
67.0
68.0
70.0
72.0
76.0
71.0
104.0
190.0
179.0
199.0
204.0
202.0
190.0
183.0
187.0
191.0
197.0
200.0
207.0
215.0
219.0
219.0
213.0
238.0
105.0
75.0
79.0
76.0
71.0
70.0
69.0
69.0
67.0
65.0
66.0
63.0
64.0
64.0
64.0
65.0
65.0
62.0
63.0
64.0
63.0
0.0


54.0
55.0
55.0
56.0
57.0
56.0
57.0
60.0
59.0
58.0
59.0
59.0
60.0
62.0
65.0
66.0
68.0
70.0
72.0
76.0
76.0
78.0
141.0
192.0
190.0
206.0
205.0
202.0
202.0
202.0
195.0
199.0
203.0
210.0
217.0
215.0
218.0
210.0
243.0
134.0
77.0
78.0
76.0
73.0
70.0
70.0
69.0
68.0
67.0
67.0
67.0
67.0
65.0
65.0
66.0
65.0
66.0
64.0
65.0
64.0
0.0


54.0
54.0
55.0
56.0
56.0
56.0
57.0
59.0
58.0
59.0
59.0
60.0
59.0
62.0
65.0
66.0
68.0
71.0
72.0
75.0
80.0
75.0
101.0
174.0
176.0
191.0
202.0
197.0
197.0
198.0
193.0
195.0
197.0
203.0
212.0
214.0
217.0
213.0
230.0
168.0
83.0
77.0
77.0
74.0
72.0
70.0
70.0
69.0
69.0
68.0
69.0
67.0
66.0
66.0
65.0
66.0
67.0
66.0
67.0
66.0
0.0


0.0
0.0
0.0
0.0
0.0
0.0
0.0
0.0
0.0
0.0
0.0
0.0
0.0
0.0
0.0
0.0
0.0
0.0
0.0
0.0
0.0
0.0
0.0
0.0
0.0
0.0
0.0
0.0
0.0
0.0
0.0
0.0
0.0
0.0
0.0
0.0
0.0
0.0
0.0
0.0
0.0
0.0
0.0
0.0
0.0
0.0
0.0
0.0
0.0
0.0
0.0
0.0
0.0
0.0
0.0
0.0
0.0
0.0
0.0
0.0
0.0


