49.0
49.0
49.0
48.0
48.0
48.0
48.0
48.0
48.0
47.0
47.0
49.0
50.0
49.0
49.0
50.0
44.0
76.0
143.0
166.0
78.0
44.0
51.0
50.0
49.0
51.0
47.0
66.0
125.0
130.0
58.0
50.0
51.0
52.0
51.0
51.0
52.0
51.0
49.0
49.0
0.0


48.0
49.0
49.0
48.0
47.0
48.0
48.0
48.0
48.0
47.0
49.0
46.0
48.0
50.0
49.0
50.0
44.0
73.0
134.0
158.0
110.0
45.0
51.0
50.0
49.0
50.0
45.0
81.0
138.0
149.0
63.0
49.0
52.0
51.0
51.0
52.0
50.0
50.0
49.0
49.0
0.0


48.0
49.0
48.0
48.0
48.0
48.0
48.0
48.0
47.0
49.0
87.0
97.0
52.0
47.0
48.0
48.0
44.0
70.0
137.0
153.0
128.0
47.0
51.0
49.0
48.0
52.0
48.0
93.0
137.0
154.0
62.0
49.0
52.0
51.0
51.0
50.0
51.0
50.0
49.0
49.0
0.0


48.0
49.0
48.0
48.0
49.0
49.0
48.0
49.0
46.0
58.0
122.0
159.0
83.0
42.0
49.0
49.0
43.0
69.0
154.0
157.0
143.0
50.0
49.0
49.0
48.0
50.0
54.0
109.0
133.0
158.0
61.0
49.0
51.0
50.0
50.0
50.0
51.0
50.0
50.0
51.0
0.0


49.0
49.0
48.0
47.0
48.0
49.0
49.0
48.0
48.0
49.0
120.0
160.0
125.0
44.0
47.0
48.0
43.0
63.0
150.0
147.0
161.0
58.0
47.0
49.0
49.0
47.0
65.0
132.0
141.0
152.0
57.0
50.0
50.0
49.0
51.0
52.0
51.0
51.0
51.0
51.0
0.0


49.0
49.0
48.0
48.0
47.0
48.0
48.0
48.0
50.0
44.0
96.0
160.0
170.0
71.0
42.0
48.0
43.0
62.0
148.0
147.0
170.0
64.0
46.0
49.0
49.0
46.0
80.0
140.0
161.0
138.0
49.0
51.0
49.0
49.0
50.0
50.0
51.0
50.0
51.0
51.0
0.0


49.0
48.0
47.0
48.0
48.0
48.0
48.0
49.0
51.0
44.0
79.0
159.0
163.0
119.0
42.0
48.0
42.0
60.0
153.0
149.0
180.0
74.0
44.0
48.0
48.0
47.0
98.0
138.0
177.0
114.0
44.0
52.0
49.0
49.0
51.0
51.0
50.0
51.0
52.0
51.0
0.0


49.0
48.0
48.0
48.0
47.0
48.0
48.0
49.0
50.0
46.0
59.0
149.0
160.0
171.0
55.0
43.0
42.0
58.0
152.0
154.0
190.0
82.0
44.0
49.0
47.0
55.0
122.0
138.0
191.0
94.0
44.0
52.0
50.0
50.0
51.0
51.0
50.0
50.0
51.0
50.0
0.0


49.0
48.0
48.0
48.0
48.0
48.0
48.0
48.0
48.0
49.0
42.0
115.0
174.0
194.0
86.0
41.0
44.0
60.0
162.0
163.0
200.0
100.0
45.0
51.0
45.0
77.0
149.0
146.0
201.0
81.0
45.0
52.0
50.0
50.0
51.0
51.0
50.0
50.0
51.0
51.0
0.0


49.0
48.0
48.0
48.0
48.0
48.0
48.0
48.0
48.0
49.0
42.0
76.0
176.0
178.0
139.0
48.0
45.0
67.0
173.0
160.0
197.0
111.0
46.0
53.0
46.0
110.0
167.0
158.0
201.0
70.0
48.0
52.0
50.0
51.0
51.0
50.0
50.0
50.0
50.0
50.0
0.0


48.0
49.0
49.0
49.0
48.0
48.0
48.0
48.0
48.0
48.0
46.0
55.0
152.0
166.0
193.0
77.0
42.0
66.0
155.0
147.0
179.0
117.0
47.0
52.0
57.0
123.0
136.0
173.0
167.0
54.0
51.0
52.0
51.0
51.0
51.0
50.0
50.0
50.0
50.0
51.0
0.0


49.0
49.0
49.0
49.0
48.0
48.0
48.0
48.0
49.0
49.0
50.0
46.0
121.0
174.0
192.0
141.0
47.0
58.0
148.0
154.0
182.0
121.0
49.0
50.0
78.0
128.0
132.0
196.0
114.0
45.0
55.0
52.0
51.0
51.0
51.0
52.0
51.0
50.0
51.0
51.0
0.0


49.0
49.0
49.0
49.0
48.0
48.0
48.0
47.0
48.0
48.0
50.0
42.0
95.0
196.0
176.0
197.0
71.0
44.0
141.0
166.0
184.0
123.0
50.0
52.0
99.0
136.0
147.0
209.0
78.0
47.0
55.0
52.0
52.0
52.0
51.0
51.0
50.0
50.0
51.0
50.0
0.0


49.0
49.0
49.0
49.0
49.0
49.0
48.0
47.0
48.0
48.0
49.0
45.0
66.0
165.0
159.0
184.0
115.0
55.0
116.0
194.0
195.0
126.0
49.0
57.0
124.0
141.0
159.0
172.0
57.0
52.0
54.0
52.0
52.0
51.0
51.0
51.0
50.0
51.0
51.0
50.0
0.0


49.0
49.0
49.0
49.0
49.0
49.0
48.0
48.0
48.0
48.0
48.0
50.0
46.0
122.0
182.0
160.0
123.0
128.0
121.0
187.0
195.0
140.0
49.0
86.0
157.0
144.0
184.0
127.0
47.0
54.0
53.0
52.0
52.0
51.0
50.0
50.0
51.0
50.0
50.0
51.0
0.0


49.0
49.0
49.0
49.0
49.0
49.0
48.0
48.0
48.0
48.0
49.0
51.0
45.0
68.0
188.0
159.0
127.0
147.0
160.0
159.0
154.0
125.0
86.0
119.0
130.0
143.0
205.0
90.0
48.0
55.0
54.0
52.0
51.0
51.0
50.0
50.0
50.0
50.0
50.0
50.0
0.0


49.0
49.0
49.0
49.0
49.0
49.0
48.0
48.0
49.0
49.0
48.0
49.0
47.0
65.0
157.0
186.0
157.0
160.0
165.0
171.0
134.0
117.0
103.0
106.0
111.0
131.0
189.0
74.0
51.0
56.0
54.0
52.0
51.0
51.0
50.0
50.0
50.0
51.0
51.0
51.0
0.0


49.0
49.0
49.0
50.0
49.0
49.0
49.0
49.0
50.0
50.0
50.0
46.0
67.0
162.0
155.0
159.0
149.0
164.0
181.0
206.0
167.0
112.0
110.0
118.0
124.0
144.0
193.0
69.0
53.0
57.0
54.0
52.0
51.0
50.0
49.0
49.0
50.0
51.0
50.0
51.0
0.0


49.0
49.0
49.0
49.0
49.0
49.0
49.0
49.0
50.0
49.0
51.0
44.0
104.0
162.0
141.0
156.0
154.0
170.0
182.0
185.0
209.0
142.0
121.0
128.0
123.0
160.0
182.0
67.0
54.0
59.0
56.0
52.0
51.0
50.0
49.0
50.0
50.0
50.0
51.0
52.0
0.0


49.0
50.0
49.0
50.0
49.0
49.0
49.0
49.0
50.0
50.0
50.0
52.0
138.0
151.0
135.0
153.0
175.0
173.0
186.0
193.0
202.0
200.0
139.0
131.0
139.0
165.0
160.0
59.0
56.0
61.0
59.0
52.0
51.0
51.0
50.0
51.0
50.0
50.0
51.0
51.0
0.0


50.0
50.0
50.0
49.0
50.0
50.0
49.0
50.0
49.0
50.0
48.0
67.0
160.0
158.0
141.0
152.0
176.0
166.0
177.0
188.0
192.0
215.0
177.0
115.0
127.0
157.0
146.0
59.0
58.0
57.0
55.0
53.0
52.0
52.0
50.0
51.0
51.0
51.0
51.0
50.0
0.0


50.0
50.0
50.0
50.0
50.0
50.0
50.0
50.0
50.0
51.0
48.0
80.0
172.0
183.0
163.0
149.0
168.0
173.0
164.0
186.0
189.0
197.0
204.0
141.0
141.0
153.0
154.0
62.0
59.0
58.0
55.0
53.0
52.0
51.0
50.0
51.0
51.0
51.0
51.0
51.0
0.0


50.0
51.0
51.0
51.0
51.0
51.0
52.0
51.0
50.0
52.0
48.0
72.0
160.0
155.0
171.0
168.0
152.0
174.0
164.0
167.0
181.0
187.0
194.0
201.0
162.0
153.0
175.0
72.0
57.0
57.0
55.0
53.0
52.0
52.0
51.0
51.0
51.0
51.0
51.0
51.0
0.0


51.0
51.0
50.0
51.0
51.0
52.0
52.0
51.0
52.0
52.0
52.0
59.0
118.0
141.0
197.0
189.0
122.0
115.0
179.0
165.0
170.0
177.0
184.0
191.0
190.0
166.0
193.0
82.0
56.0
58.0
55.0
53.0
52.0
53.0
51.0
51.0
51.0
52.0
51.0
51.0
0.0


51.0
51.0
50.0
51.0
52.0
52.0
51.0
51.0
51.0
53.0
54.0
51.0
104.0
147.0
154.0
175.0
140.0
103.0
150.0
161.0
158.0
170.0
178.0
181.0
185.0
187.0
208.0
90.0
56.0
59.0
56.0
54.0
52.0
52.0
51.0
52.0
52.0
52.0
50.0
51.0
0.0


52.0
51.0
52.0
52.0
52.0
52.0
52.0
52.0
53.0
54.0
55.0
54.0
104.0
127.0
132.0
158.0
171.0
156.0
162.0
132.0
129.0
171.0
176.0
171.0
182.0
198.0
220.0
87.0
57.0
58.0
56.0
54.0
53.0
52.0
51.0
52.0
52.0
52.0
51.0
52.0
0.0


52.0
52.0
52.0
52.0
52.0
52.0
52.0
53.0
54.0
55.0
56.0
56.0
107.0
131.0
126.0
146.0
166.0
178.0
155.0
131.0
122.0
152.0
179.0
181.0
196.0
207.0
213.0
80.0
59.0
59.0
56.0
54.0
53.0
52.0
51.0
52.0
51.0
52.0
52.0
51.0
0.0


52.0
52.0
52.0
52.0
52.0
52.0
53.0
53.0
54.0
55.0
57.0
54.0
103.0
130.0
119.0
134.0
157.0
163.0
141.0
136.0
138.0
140.0
167.0
198.0
211.0
211.0
199.0
74.0
60.0
58.0
56.0
54.0
53.0
52.0
52.0
51.0
51.0
51.0
51.0
51.0
0.0


52.0
52.0
53.0
52.0
52.0
53.0
53.0
54.0
54.0
55.0
58.0
54.0
95.0
136.0
117.0
128.0
147.0
144.0
139.0
139.0
138.0
147.0
162.0
189.0
207.0
223.0
178.0
68.0
62.0
58.0
56.0
54.0
53.0
53.0
52.0
51.0
50.0
50.0
51.0
50.0
0.0


53.0
54.0
53.0
53.0
53.0
54.0
54.0
54.0
55.0
55.0
58.0
54.0
78.0
143.0
123.0
128.0
133.0
130.0
141.0
141.0
141.0
147.0
170.0
197.0
208.0
233.0
163.0
64.0
62.0
58.0
56.0
54.0
53.0
52.0
50.0
50.0
49.0
50.0
49.0
49.0
0.0


54.0
53.0
53.0
53.0
53.0
53.0
54.0
54.0
55.0
55.0
57.0
58.0
65.0
133.0
135.0
130.0
123.0
122.0
143.0
143.0
150.0
162.0
179.0
201.0
205.0
244.0
145.0
63.0
64.0
58.0
56.0
53.0
52.0
51.0
50.0
49.0
49.0
49.0
48.0
49.0
0.0


54.0
53.0
53.0
53.0
53.0
53.0
55.0
56.0
55.0
56.0
57.0
60.0
57.0
106.0
150.0
130.0
125.0
120.0
149.0
152.0
163.0
173.0
189.0
207.0
205.0
251.0
110.0
62.0
65.0
58.0
57.0
54.0
53.0
52.0
51.0
51.0
50.0
50.0
50.0
51.0
0.0


54.0
54.0
53.0
53.0
53.0
54.0
55.0
56.0
56.0
56.0
57.0
59.0
62.0
71.0
142.0
142.0
140.0
132.0
148.0
162.0
173.0
189.0
200.0
212.0
209.0
244.0
92.0
63.0
64.0
59.0
57.0
56.0
54.0
54.0
52.0
52.0
52.0
52.0
52.0
52.0
0.0


53.0
54.0
54.0
54.0
54.0
55.0
55.0
57.0
58.0
57.0
58.0
59.0
65.0
63.0
101.0
157.0
146.0
149.0
153.0
164.0
184.0
200.0
206.0
214.0
210.0
245.0
110.0
62.0
65.0
60.0
58.0
56.0
54.0
54.0
53.0
53.0
52.0
52.0
52.0
52.0
0.0


54.0
54.0
54.0
53.0
54.0
55.0
55.0
57.0
58.0
58.0
58.0
60.0
65.0
67.0
71.0
144.0
170.0
162.0
168.0
176.0
183.0
195.0
206.0
219.0
217.0
243.0
154.0
68.0
64.0
59.0
58.0
56.0
54.0
54.0
54.0
53.0
52.0
52.0
53.0
53.0
0.0


54.0
54.0
54.0
53.0
55.0
55.0
56.0
56.0
58.0
59.0
59.0
61.0
66.0
69.0
68.0
91.0
185.0
190.0
188.0
187.0
189.0
194.0
205.0
218.0
218.0
216.0
210.0
85.0
60.0
60.0
58.0
56.0
55.0
54.0
54.0
53.0
53.0
52.0
53.0
53.0
0.0


54.0
54.0
54.0
55.0
54.0
55.0
55.0
56.0
59.0
59.0
60.0
64.0
67.0
69.0
73.0
69.0
117.0
215.0
191.0
195.0
195.0
197.0
204.0
213.0
216.0
208.0
243.0
118.0
59.0
62.0
59.0
57.0
56.0
55.0
54.0
54.0
53.0
53.0
53.0
53.0
0.0


54.0
55.0
55.0
54.0
55.0
55.0
55.0
57.0
58.0
59.0
61.0
64.0
68.0
69.0
72.0
75.0
83.0
174.0
196.0
187.0
187.0
188.0
194.0
209.0
211.0
209.0
232.0
165.0
67.0
63.0
61.0
58.0
57.0
57.0
55.0
55.0
55.0
54.0
54.0
54.0
0.0


55.0
55.0
55.0
56.0
56.0
56.0
56.0
57.0
58.0
60.0
62.0
64.0
68.0
70.0
72.0
79.0
76.0
129.0
191.0
173.0
180.0
184.0
185.0
194.0
205.0
208.0
210.0
236.0
91.0
63.0
65.0
61.0
60.0
59.0
58.0
58.0
57.0
56.0
56.0
56.0
0.0


56.0
55.0
56.0
56.0
56.0
57.0
57.0
59.0
59.0
60.0
62.0
65.0
68.0
70.0
74.0
79.0
77.0
112.0
178.0
164.0
175.0
182.0
179.0
184.0
200.0
205.0
205.0
246.0
132.0
64.0
67.0
64.0
63.0
63.0
60.0
58.0
57.0
57.0
57.0
56.0
0.0


0.0
0.0
0.0
0.0
0.0
0.0
0.0
0.0
0.0
0.0
0.0
0.0
0.0
0.0
0.0
0.0
0.0
0.0
0.0
0.0
0.0
0.0
0.0
0.0
0.0
0.0
0.0
0.0
0.0
0.0
0.0
0.0
0.0
0.0
0.0
0.0
0.0
0.0
0.0
0.0
0.0


