49.0
50.0
49.0
48.0
49.0
50.0
49.0
49.0
50.0
51.0
51.0
50.0
51.0
51.0
51.0
52.0
52.0
51.0
53.0
48.0
73.0
126.0
144.0
67.0
48.0
51.0
51.0
52.0
52.0
51.0
56.0
50.0
52.0
52.0
52.0
51.0
50.0
50.0
50.0
49.0
0.0


50.0
50.0
50.0
48.0
49.0
49.0
49.0
49.0
50.0
51.0
51.0
51.0
51.0
51.0
51.0
49.0
51.0
51.0
52.0
46.0
79.0
141.0
163.0
68.0
47.0
51.0
51.0
51.0
53.0
60.0
54.0
51.0
51.0
52.0
52.0
52.0
50.0
50.0
49.0
49.0
0.0


50.0
50.0
51.0
50.0
49.0
49.0
49.0
49.0
49.0
50.0
50.0
50.0
50.0
54.0
91.0
86.0
49.0
50.0
51.0
45.0
85.0
144.0
175.0
74.0
46.0
51.0
50.0
50.0
88.0
132.0
76.0
48.0
53.0
52.0
52.0
52.0
50.0
49.0
49.0
49.0
0.0


50.0
50.0
50.0
49.0
48.0
49.0
49.0
49.0
49.0
50.0
50.0
51.0
48.0
70.0
129.0
150.0
60.0
47.0
51.0
47.0
93.0
138.0
175.0
85.0
44.0
51.0
49.0
53.0
119.0
155.0
105.0
46.0
53.0
52.0
51.0
51.0
50.0
48.0
48.0
49.0
0.0


50.0
50.0
50.0
50.0
50.0
49.0
49.0
49.0
50.0
50.0
50.0
51.0
47.0
66.0
139.0
162.0
68.0
46.0
52.0
47.0
108.0
150.0
177.0
82.0
43.0
50.0
48.0
64.0
131.0
164.0
100.0
46.0
53.0
51.0
50.0
50.0
50.0
49.0
49.0
50.0
0.0


49.0
51.0
50.0
49.0
50.0
50.0
49.0
49.0
49.0
50.0
50.0
50.0
45.0
65.0
142.0
172.0
86.0
44.0
52.0
48.0
119.0
152.0
186.0
86.0
42.0
51.0
47.0
81.0
133.0
165.0
97.0
46.0
52.0
49.0
50.0
51.0
50.0
50.0
50.0
50.0
0.0


49.0
51.0
50.0
49.0
49.0
51.0
50.0
49.0
49.0
49.0
50.0
50.0
46.0
68.0
138.0
163.0
110.0
44.0
51.0
50.0
126.0
146.0
182.0
86.0
43.0
53.0
48.0
106.0
140.0
172.0
87.0
46.0
52.0
50.0
51.0
52.0
51.0
50.0
50.0
51.0
0.0


50.0
50.0
50.0
49.0
49.0
50.0
50.0
49.0
49.0
50.0
51.0
50.0
46.0
65.0
141.0
166.0
127.0
45.0
50.0
53.0
139.0
152.0
187.0
80.0
45.0
51.0
57.0
130.0
146.0
187.0
69.0
47.0
51.0
49.0
50.0
51.0
51.0
52.0
52.0
52.0
0.0


50.0
50.0
50.0
49.0
49.0
50.0
50.0
50.0
49.0
50.0
50.0
49.0
47.0
56.0
141.0
169.0
147.0
49.0
46.0
56.0
151.0
156.0
190.0
73.0
46.0
48.0
74.0
137.0
152.0
165.0
56.0
49.0
50.0
50.0
51.0
50.0
51.0
52.0
51.0
51.0
0.0


50.0
50.0
50.0
49.0
49.0
50.0
49.0
50.0
51.0
51.0
48.0
47.0
47.0
50.0
128.0
167.0
163.0
56.0
44.0
65.0
171.0
164.0
194.0
74.0
46.0
49.0
98.0
138.0
168.0
136.0
48.0
52.0
51.0
51.0
51.0
51.0
51.0
52.0
52.0
51.0
0.0


49.0
49.0
49.0
49.0
49.0
50.0
49.0
49.0
50.0
49.0
48.0
48.0
48.0
46.0
120.0
162.0
185.0
69.0
42.0
77.0
184.0
161.0
210.0
79.0
43.0
61.0
131.0
142.0
188.0
118.0
46.0
53.0
51.0
51.0
51.0
50.0
51.0
52.0
52.0
51.0
0.0


49.0
49.0
49.0
50.0
49.0
50.0
50.0
50.0
49.0
48.0
48.0
48.0
49.0
46.0
113.0
159.0
198.0
92.0
39.0
84.0
152.0
146.0
183.0
68.0
43.0
85.0
164.0
152.0
208.0
103.0
46.0
53.0
51.0
51.0
50.0
51.0
50.0
52.0
51.0
51.0
0.0


48.0
49.0
50.0
49.0
49.0
49.0
50.0
50.0
50.0
49.0
49.0
48.0
49.0
48.0
113.0
171.0
207.0
123.0
40.0
90.0
148.0
146.0
169.0
61.0
50.0
107.0
145.0
159.0
229.0
76.0
48.0
53.0
52.0
51.0
51.0
51.0
51.0
51.0
51.0
51.0
0.0


49.0
49.0
49.0
50.0
49.0
49.0
49.0
50.0
50.0
51.0
51.0
50.0
51.0
47.0
107.0
164.0
173.0
148.0
46.0
96.0
153.0
151.0
162.0
54.0
62.0
121.0
132.0
170.0
158.0
52.0
52.0
52.0
51.0
51.0
51.0
51.0
50.0
51.0
51.0
51.0
0.0


49.0
48.0
49.0
49.0
49.0
49.0
49.0
50.0
50.0
51.0
52.0
50.0
53.0
46.0
90.0
148.0
153.0
161.0
53.0
99.0
165.0
164.0
144.0
49.0
82.0
132.0
141.0
205.0
109.0
46.0
55.0
51.0
51.0
51.0
50.0
50.0
50.0
50.0
51.0
51.0
0.0


49.0
48.0
49.0
49.0
48.0
49.0
49.0
49.0
50.0
51.0
50.0
51.0
50.0
43.0
69.0
153.0
155.0
172.0
55.0
101.0
165.0
173.0
122.0
47.0
104.0
144.0
147.0
203.0
74.0
49.0
55.0
52.0
52.0
52.0
51.0
51.0
50.0
49.0
49.0
50.0
0.0


49.0
49.0
48.0
48.0
48.0
49.0
48.0
49.0
50.0
51.0
51.0
47.0
70.0
119.0
114.0
152.0
166.0
192.0
86.0
120.0
149.0
162.0
103.0
62.0
144.0
149.0
168.0
157.0
53.0
53.0
54.0
52.0
52.0
50.0
49.0
50.0
49.0
49.0
48.0
50.0
0.0


49.0
49.0
49.0
48.0
48.0
48.0
48.0
48.0
50.0
50.0
51.0
48.0
123.0
153.0
154.0
123.0
139.0
162.0
127.0
122.0
121.0
107.0
92.0
100.0
129.0
141.0
202.0
113.0
48.0
56.0
54.0
52.0
52.0
50.0
49.0
49.0
49.0
49.0
48.0
50.0
0.0


49.0
49.0
48.0
48.0
48.0
48.0
48.0
49.0
50.0
49.0
50.0
52.0
129.0
140.0
128.0
119.0
137.0
145.0
131.0
122.0
117.0
108.0
99.0
109.0
116.0
129.0
200.0
93.0
49.0
56.0
55.0
51.0
50.0
50.0
49.0
49.0
48.0
49.0
48.0
49.0
0.0


49.0
48.0
49.0
49.0
48.0
48.0
48.0
49.0
49.0
50.0
48.0
58.0
148.0
152.0
140.0
152.0
151.0
149.0
180.0
151.0
122.0
117.0
117.0
128.0
130.0
142.0
211.0
86.0
50.0
56.0
54.0
51.0
49.0
49.0
47.0
47.0
47.0
49.0
48.0
49.0
0.0


49.0
49.0
49.0
48.0
48.0
47.0
47.0
48.0
49.0
51.0
47.0
63.0
152.0
173.0
156.0
161.0
163.0
168.0
189.0
191.0
154.0
119.0
133.0
136.0
128.0
148.0
201.0
80.0
52.0
57.0
52.0
50.0
49.0
49.0
47.0
47.0
47.0
47.0
47.0
48.0
0.0


49.0
49.0
49.0
49.0
47.0
48.0
47.0
47.0
48.0
51.0
46.0
69.0
166.0
202.0
166.0
129.0
163.0
182.0
177.0
181.0
201.0
145.0
138.0
139.0
136.0
148.0
178.0
67.0
55.0
57.0
58.0
51.0
51.0
50.0
49.0
49.0
48.0
48.0
48.0
49.0
0.0


48.0
48.0
48.0
48.0
47.0
47.0
48.0
47.0
48.0
50.0
46.0
77.0
163.0
161.0
180.0
131.0
148.0
190.0
190.0
192.0
207.0
210.0
135.0
115.0
124.0
152.0
156.0
65.0
55.0
55.0
57.0
53.0
51.0
50.0
50.0
50.0
49.0
49.0
49.0
50.0
0.0


49.0
49.0
49.0
48.0
48.0
48.0
48.0
48.0
49.0
50.0
46.0
76.0
153.0
144.0
172.0
188.0
178.0
174.0
191.0
208.0
207.0
230.0
154.0
111.0
148.0
146.0
165.0
68.0
57.0
56.0
53.0
52.0
51.0
50.0
50.0
51.0
50.0
50.0
50.0
50.0
0.0


49.0
49.0
49.0
48.0
49.0
49.0
49.0
49.0
49.0
50.0
48.0
65.0
133.0
138.0
173.0
177.0
176.0
158.0
164.0
198.0
206.0
206.0
214.0
178.0
140.0
142.0
183.0
75.0
56.0
55.0
54.0
51.0
51.0
51.0
51.0
51.0
50.0
51.0
50.0
51.0
0.0


49.0
49.0
48.0
48.0
49.0
49.0
49.0
49.0
49.0
50.0
50.0
56.0
124.0
141.0
143.0
155.0
160.0
161.0
160.0
155.0
201.0
203.0
202.0
202.0
175.0
164.0
200.0
84.0
56.0
57.0
54.0
53.0
51.0
51.0
51.0
51.0
50.0
50.0
52.0
51.0
0.0


49.0
49.0
48.0
49.0
49.0
50.0
49.0
49.0
49.0
50.0
50.0
52.0
112.0
123.0
125.0
146.0
158.0
162.0
154.0
135.0
172.0
199.0
199.0
198.0
198.0
185.0
214.0
89.0
55.0
57.0
54.0
52.0
52.0
51.0
51.0
52.0
51.0
51.0
51.0
51.0
0.0


50.0
49.0
48.0
49.0
49.0
49.0
50.0
49.0
49.0
50.0
51.0
51.0
106.0
127.0
121.0
133.0
149.0
159.0
153.0
127.0
147.0
187.0
193.0
191.0
201.0
196.0
212.0
83.0
55.0
56.0
55.0
52.0
52.0
51.0
51.0
51.0
51.0
50.0
51.0
52.0
0.0


50.0
49.0
49.0
49.0
49.0
51.0
51.0
50.0
50.0
51.0
52.0
50.0
101.0
128.0
115.0
123.0
138.0
155.0
146.0
117.0
124.0
175.0
193.0
193.0
209.0
210.0
196.0
74.0
57.0
56.0
53.0
52.0
52.0
52.0
51.0
51.0
51.0
51.0
51.0
51.0
0.0


50.0
50.0
50.0
49.0
50.0
51.0
51.0
51.0
51.0
51.0
53.0
49.0
91.0
131.0
109.0
117.0
134.0
139.0
126.0
119.0
119.0
148.0
190.0
207.0
214.0
218.0
183.0
69.0
59.0
56.0
54.0
52.0
51.0
51.0
52.0
51.0
50.0
51.0
51.0
50.0
0.0


51.0
50.0
50.0
51.0
50.0
51.0
51.0
51.0
53.0
51.0
53.0
50.0
77.0
138.0
113.0
117.0
125.0
126.0
129.0
121.0
128.0
144.0
176.0
205.0
212.0
229.0
171.0
67.0
60.0
56.0
53.0
52.0
51.0
51.0
50.0
50.0
49.0
50.0
49.0
48.0
0.0


51.0
51.0
49.0
50.0
50.0
51.0
51.0
52.0
53.0
53.0
54.0
54.0
63.0
134.0
127.0
121.0
116.0
116.0
134.0
126.0
133.0
150.0
178.0
204.0
210.0
239.0
162.0
64.0
60.0
56.0
53.0
51.0
51.0
51.0
50.0
48.0
47.0
47.0
47.0
48.0
0.0


53.0
53.0
51.0
51.0
50.0
51.0
53.0
53.0
52.0
53.0
54.0
56.0
55.0
109.0
141.0
125.0
108.0
104.0
137.0
136.0
149.0
164.0
188.0
210.0
208.0
248.0
139.0
60.0
61.0
57.0
54.0
51.0
50.0
49.0
48.0
47.0
46.0
46.0
46.0
47.0
0.0


53.0
51.0
51.0
50.0
50.0
51.0
52.0
53.0
53.0
53.0
55.0
59.0
58.0
78.0
145.0
131.0
121.0
111.0
142.0
153.0
164.0
176.0
196.0
210.0
206.0
251.0
103.0
60.0
62.0
56.0
55.0
52.0
49.0
50.0
49.0
48.0
47.0
47.0
47.0
48.0
0.0


51.0
51.0
50.0
50.0
51.0
51.0
52.0
53.0
54.0
54.0
57.0
59.0
64.0
62.0
116.0
148.0
139.0
133.0
141.0
163.0
178.0
192.0
204.0
215.0
210.0
243.0
96.0
64.0
63.0
59.0
57.0
53.0
52.0
52.0
51.0
51.0
50.0
50.0
49.0
51.0
0.0


51.0
51.0
51.0
52.0
51.0
51.0
51.0
53.0
54.0
55.0
58.0
60.0
65.0
63.0
80.0
152.0
146.0
150.0
151.0
166.0
189.0
201.0
209.0
217.0
212.0
246.0
120.0
65.0
65.0
60.0
59.0
57.0
55.0
55.0
53.0
53.0
53.0
53.0
52.0
52.0
0.0


52.0
51.0
50.0
51.0
51.0
51.0
52.0
52.0
55.0
55.0
58.0
61.0
64.0
68.0
65.0
119.0
188.0
168.0
173.0
179.0
185.0
195.0
206.0
220.0
217.0
234.0
163.0
70.0
64.0
61.0
60.0
58.0
56.0
55.0
55.0
53.0
53.0
54.0
52.0
53.0
0.0


52.0
51.0
51.0
50.0
51.0
51.0
52.0
53.0
55.0
56.0
58.0
61.0
65.0
67.0
69.0
74.0
157.0
204.0
189.0
189.0
189.0
194.0
203.0
215.0
217.0
210.0
222.0
90.0
61.0
62.0
60.0
57.0
57.0
56.0
55.0
54.0
54.0
55.0
53.0
54.0
0.0


51.0
51.0
51.0
51.0
50.0
51.0
51.0
52.0
54.0
56.0
58.0
61.0
66.0
68.0
72.0
69.0
99.0
201.0
186.0
190.0
189.0
191.0
198.0
212.0
215.0
205.0
242.0
127.0
62.0
65.0
61.0
58.0
57.0
58.0
56.0
56.0
57.0
55.0
55.0
55.0
0.0


51.0
51.0
51.0
52.0
52.0
51.0
52.0
53.0
55.0
56.0
59.0
62.0
67.0
70.0
71.0
75.0
78.0
153.0
188.0
178.0
180.0
182.0
188.0
201.0
208.0
208.0
224.0
176.0
74.0
67.0
65.0
61.0
60.0
60.0
60.0
59.0
59.0
58.0
57.0
59.0
0.0


0.0
0.0
0.0
0.0
0.0
0.0
0.0
0.0
0.0
0.0
0.0
0.0
0.0
0.0
0.0
0.0
0.0
0.0
0.0
0.0
0.0
0.0
0.0
0.0
0.0
0.0
0.0
0.0
0.0
0.0
0.0
0.0
0.0
0.0
0.0
0.0
0.0
0.0
0.0
0.0
0.0


