50.0
48.0
50.0
50.0
50.0
51.0
50.0
52.0
51.0
51.0
51.0
51.0
52.0
48.0
51.0
53.0
52.0
52.0
53.0
51.0
57.0
119.0
161.0
96.0
44.0
53.0
53.0
53.0
53.0
53.0
54.0
53.0
52.0
52.0
51.0
50.0
50.0
51.0
52.0
53.0
0.0


51.0
49.0
49.0
50.0
49.0
51.0
51.0
52.0
52.0
51.0
51.0
51.0
54.0
75.0
61.0
50.0
52.0
52.0
53.0
49.0
63.0
124.0
166.0
94.0
45.0
53.0
52.0
53.0
57.0
53.0
49.0
49.0
51.0
52.0
50.0
50.0
49.0
49.0
50.0
52.0
0.0


52.0
50.0
49.0
49.0
50.0
50.0
50.0
51.0
51.0
51.0
52.0
46.0
78.0
141.0
119.0
50.0
51.0
51.0
54.0
48.0
73.0
124.0
164.0
102.0
45.0
52.0
53.0
52.0
52.0
52.0
82.0
70.0
48.0
51.0
50.0
48.0
49.0
49.0
49.0
52.0
0.0


51.0
51.0
50.0
50.0
50.0
50.0
50.0
50.0
51.0
51.0
53.0
46.0
78.0
140.0
138.0
58.0
50.0
52.0
53.0
48.0
86.0
134.0
171.0
100.0
45.0
52.0
51.0
52.0
48.0
68.0
144.0
147.0
58.0
50.0
49.0
48.0
49.0
49.0
51.0
53.0
0.0


51.0
51.0
50.0
50.0
50.0
50.0
50.0
51.0
51.0
51.0
52.0
46.0
71.0
141.0
153.0
71.0
48.0
54.0
54.0
50.0
105.0
143.0
181.0
89.0
45.0
52.0
50.0
53.0
47.0
89.0
146.0
153.0
60.0
50.0
50.0
48.0
49.0
51.0
52.0
54.0
0.0


51.0
50.0
51.0
51.0
50.0
51.0
50.0
51.0
51.0
51.0
52.0
46.0
72.0
132.0
155.0
94.0
45.0
53.0
53.0
53.0
114.0
132.0
174.0
82.0
47.0
52.0
50.0
50.0
55.0
111.0
145.0
140.0
51.0
51.0
51.0
50.0
50.0
52.0
52.0
54.0
0.0


51.0
50.0
51.0
52.0
51.0
50.0
49.0
50.0
50.0
50.0
52.0
46.0
70.0
131.0
151.0
119.0
47.0
54.0
51.0
59.0
126.0
136.0
174.0
74.0
47.0
52.0
51.0
47.0
76.0
120.0
156.0
123.0
47.0
52.0
51.0
51.0
51.0
52.0
53.0
54.0
0.0


51.0
51.0
51.0
51.0
51.0
50.0
50.0
51.0
51.0
51.0
51.0
49.0
59.0
135.0
155.0
141.0
51.0
53.0
49.0
70.0
137.0
138.0
168.0
65.0
49.0
52.0
51.0
49.0
112.0
140.0
182.0
95.0
45.0
52.0
52.0
52.0
52.0
52.0
53.0
54.0
0.0


51.0
51.0
51.0
50.0
51.0
51.0
49.0
51.0
52.0
51.0
50.0
50.0
52.0
123.0
152.0
158.0
59.0
53.0
49.0
83.0
141.0
148.0
159.0
56.0
50.0
54.0
47.0
69.0
128.0
144.0
184.0
63.0
47.0
51.0
52.0
52.0
52.0
52.0
52.0
54.0
0.0


51.0
51.0
51.0
50.0
51.0
51.0
51.0
53.0
50.0
49.0
50.0
49.0
48.0
113.0
149.0
174.0
71.0
51.0
51.0
109.0
151.0
162.0
150.0
54.0
52.0
52.0
50.0
100.0
125.0
170.0
138.0
49.0
52.0
51.0
52.0
52.0
51.0
52.0
52.0
53.0
0.0


50.0
50.0
51.0
51.0
51.0
50.0
52.0
52.0
49.0
49.0
50.0
48.0
44.0
104.0
143.0
176.0
90.0
48.0
58.0
128.0
143.0
169.0
144.0
52.0
54.0
48.0
76.0
125.0
135.0
200.0
95.0
45.0
53.0
51.0
51.0
51.0
51.0
51.0
51.0
52.0
0.0


50.0
51.0
51.0
52.0
51.0
51.0
50.0
51.0
50.0
50.0
50.0
50.0
44.0
102.0
144.0
179.0
120.0
49.0
65.0
132.0
131.0
174.0
122.0
49.0
55.0
56.0
124.0
144.0
157.0
188.0
65.0
48.0
53.0
50.0
51.0
51.0
50.0
51.0
52.0
51.0
0.0


50.0
50.0
51.0
51.0
51.0
52.0
51.0
51.0
50.0
50.0
50.0
52.0
45.0
102.0
155.0
171.0
156.0
56.0
67.0
141.0
140.0
188.0
101.0
51.0
54.0
77.0
132.0
155.0
197.0
147.0
50.0
53.0
52.0
51.0
51.0
51.0
51.0
52.0
52.0
52.0
0.0


50.0
51.0
51.0
50.0
51.0
52.0
52.0
52.0
52.0
52.0
52.0
52.0
47.0
93.0
147.0
148.0
168.0
66.0
67.0
150.0
143.0
185.0
83.0
52.0
62.0
107.0
125.0
150.0
229.0
86.0
46.0
54.0
52.0
52.0
51.0
51.0
51.0
52.0
52.0
52.0
0.0


50.0
51.0
50.0
50.0
50.0
52.0
52.0
53.0
53.0
52.0
52.0
54.0
44.0
67.0
152.0
148.0
185.0
72.0
68.0
161.0
159.0
171.0
70.0
55.0
82.0
127.0
135.0
184.0
141.0
48.0
54.0
54.0
52.0
51.0
51.0
51.0
50.0
51.0
51.0
51.0
0.0


50.0
49.0
50.0
50.0
51.0
52.0
51.0
53.0
52.0
52.0
53.0
50.0
63.0
95.0
160.0
158.0
203.0
83.0
76.0
165.0
165.0
144.0
58.0
58.0
113.0
144.0
152.0
205.0
77.0
48.0
55.0
54.0
53.0
51.0
50.0
51.0
50.0
50.0
51.0
52.0
0.0


50.0
49.0
49.0
50.0
51.0
51.0
52.0
52.0
52.0
53.0
50.0
59.0
149.0
163.0
170.0
182.0
199.0
135.0
111.0
152.0
154.0
123.0
61.0
89.0
159.0
156.0
177.0
140.0
50.0
55.0
54.0
55.0
53.0
51.0
50.0
50.0
50.0
51.0
51.0
51.0
0.0


50.0
50.0
50.0
50.0
50.0
51.0
51.0
52.0
52.0
53.0
49.0
78.0
157.0
135.0
153.0
181.0
157.0
153.0
139.0
134.0
128.0
106.0
96.0
129.0
150.0
161.0
218.0
81.0
49.0
57.0
54.0
53.0
52.0
50.0
50.0
49.0
50.0
50.0
50.0
51.0
0.0


51.0
51.0
50.0
49.0
50.0
50.0
51.0
52.0
52.0
53.0
47.0
94.0
165.0
134.0
150.0
123.0
124.0
146.0
138.0
137.0
131.0
108.0
109.0
126.0
128.0
161.0
161.0
57.0
56.0
56.0
55.0
53.0
51.0
50.0
50.0
50.0
49.0
50.0
51.0
51.0
0.0


51.0
51.0
50.0
50.0
50.0
50.0
51.0
52.0
52.0
54.0
49.0
109.0
170.0
154.0
148.0
132.0
148.0
155.0
159.0
139.0
127.0
119.0
129.0
130.0
138.0
203.0
120.0
52.0
60.0
57.0
55.0
53.0
50.0
50.0
50.0
50.0
50.0
51.0
51.0
52.0
0.0


50.0
51.0
50.0
50.0
51.0
50.0
50.0
53.0
52.0
52.0
53.0
119.0
175.0
189.0
167.0
169.0
174.0
166.0
188.0
179.0
124.0
130.0
136.0
132.0
139.0
200.0
99.0
54.0
61.0
57.0
54.0
51.0
49.0
49.0
50.0
49.0
50.0
50.0
50.0
53.0
0.0


51.0
50.0
50.0
50.0
50.0
50.0
51.0
53.0
53.0
51.0
58.0
134.0
169.0
192.0
180.0
165.0
173.0
187.0
200.0
206.0
169.0
135.0
140.0
139.0
144.0
192.0
82.0
57.0
64.0
57.0
54.0
52.0
51.0
50.0
50.0
50.0
51.0
50.0
51.0
52.0
0.0


50.0
50.0
50.0
50.0
50.0
51.0
51.0
51.0
53.0
51.0
64.0
142.0
146.0
167.0
192.0
148.0
156.0
197.0
200.0
197.0
221.0
155.0
111.0
116.0
150.0
178.0
76.0
58.0
66.0
59.0
55.0
53.0
52.0
51.0
51.0
51.0
52.0
52.0
51.0
52.0
0.0


50.0
50.0
50.0
50.0
50.0
52.0
51.0
52.0
53.0
51.0
62.0
140.0
142.0
157.0
186.0
174.0
164.0
182.0
207.0
209.0
214.0
202.0
120.0
150.0
164.0
174.0
82.0
59.0
60.0
58.0
56.0
54.0
54.0
53.0
52.0
53.0
52.0
53.0
52.0
53.0
0.0


51.0
50.0
50.0
50.0
50.0
52.0
52.0
52.0
53.0
52.0
56.0
123.0
145.0
156.0
165.0
181.0
175.0
171.0
190.0
214.0
209.0
215.0
207.0
171.0
146.0
192.0
98.0
59.0
62.0
57.0
56.0
55.0
54.0
53.0
52.0
53.0
53.0
53.0
52.0
52.0
0.0


51.0
51.0
52.0
51.0
52.0
52.0
52.0
52.0
53.0
54.0
53.0
114.0
143.0
133.0
144.0
168.0
173.0
178.0
152.0
180.0
214.0
204.0
203.0
187.0
161.0
198.0
106.0
58.0
60.0
57.0
56.0
54.0
54.0
53.0
52.0
53.0
53.0
52.0
51.0
52.0
0.0


51.0
51.0
52.0
52.0
52.0
52.0
52.0
53.0
53.0
54.0
51.0
105.0
133.0
128.0
137.0
158.0
170.0
173.0
143.0
153.0
191.0
204.0
201.0
202.0
186.0
215.0
107.0
57.0
60.0
58.0
56.0
54.0
53.0
53.0
53.0
52.0
52.0
53.0
51.0
50.0
0.0


52.0
52.0
52.0
52.0
53.0
53.0
52.0
52.0
53.0
54.0
51.0
99.0
137.0
127.0
126.0
144.0
163.0
165.0
141.0
133.0
160.0
194.0
198.0
196.0
192.0
225.0
97.0
58.0
61.0
58.0
56.0
54.0
53.0
53.0
53.0
52.0
53.0
53.0
51.0
48.0
0.0


52.0
53.0
53.0
52.0
53.0
53.0
53.0
54.0
53.0
55.0
51.0
94.0
141.0
124.0
117.0
136.0
156.0
150.0
134.0
117.0
138.0
183.0
196.0
190.0
201.0
210.0
85.0
60.0
60.0
58.0
56.0
54.0
54.0
54.0
53.0
52.0
52.0
52.0
51.0
49.0
0.0


52.0
53.0
53.0
53.0
53.0
54.0
54.0
54.0
54.0
56.0
51.0
83.0
149.0
125.0
119.0
132.0
143.0
137.0
132.0
119.0
127.0
165.0
200.0
205.0
211.0
200.0
80.0
61.0
60.0
58.0
56.0
54.0
53.0
54.0
53.0
52.0
51.0
51.0
51.0
50.0
0.0


53.0
53.0
53.0
54.0
53.0
54.0
54.0
55.0
55.0
56.0
55.0
69.0
148.0
133.0
129.0
125.0
126.0
138.0
130.0
126.0
137.0
153.0
195.0
218.0
218.0
187.0
73.0
62.0
61.0
58.0
56.0
55.0
53.0
53.0
52.0
52.0
51.0
50.0
50.0
51.0
0.0


53.0
53.0
54.0
54.0
54.0
55.0
55.0
56.0
55.0
56.0
59.0
60.0
128.0
148.0
140.0
122.0
114.0
135.0
132.0
135.0
143.0
163.0
192.0
212.0
226.0
171.0
70.0
65.0
62.0
59.0
58.0
57.0
55.0
53.0
53.0
52.0
51.0
51.0
51.0
53.0
0.0


55.0
54.0
54.0
54.0
55.0
55.0
55.0
55.0
56.0
57.0
61.0
58.0
92.0
161.0
141.0
130.0
115.0
140.0
147.0
148.0
160.0
177.0
208.0
208.0
247.0
134.0
66.0
69.0
63.0
60.0
58.0
56.0
55.0
53.0
51.0
51.0
51.0
51.0
52.0
53.0
0.0


54.0
53.0
54.0
54.0
55.0
56.0
56.0
57.0
57.0
58.0
61.0
64.0
69.0
140.0
152.0
147.0
136.0
145.0
162.0
164.0
181.0
198.0
215.0
207.0
245.0
96.0
66.0
70.0
64.0
60.0
58.0
56.0
55.0
53.0
52.0
53.0
52.0
52.0
53.0
55.0
0.0


54.0
54.0
54.0
54.0
55.0
56.0
56.0
57.0
58.0
59.0
63.0
68.0
63.0
101.0
164.0
152.0
158.0
157.0
166.0
181.0
198.0
210.0
218.0
212.0
223.0
90.0
70.0
69.0
64.0
62.0
59.0
57.0
57.0
55.0
54.0
53.0
54.0
54.0
55.0
56.0
0.0


55.0
54.0
54.0
54.0
56.0
56.0
57.0
58.0
58.0
60.0
65.0
68.0
68.0
74.0
157.0
179.0
177.0
176.0
179.0
192.0
208.0
216.0
224.0
217.0
249.0
112.0
69.0
71.0
65.0
63.0
61.0
59.0
58.0
57.0
56.0
55.0
56.0
56.0
56.0
56.0
0.0


55.0
54.0
55.0
55.0
55.0
55.0
58.0
58.0
58.0
61.0
66.0
68.0
72.0
71.0
99.0
201.0
200.0
197.0
195.0
196.0
200.0
210.0
222.0
215.0
245.0
146.0
72.0
71.0
68.0
65.0
63.0
62.0
61.0
59.0
60.0
59.0
58.0
59.0
58.0
58.0
0.0


54.0
55.0
55.0
56.0
55.0
56.0
58.0
59.0
59.0
61.0
67.0
71.0
73.0
78.0
76.0
136.0
211.0
198.0
198.0
197.0
199.0
205.0
215.0
215.0
224.0
189.0
82.0
71.0
69.0
67.0
65.0
63.0
64.0
63.0
61.0
61.0
61.0
62.0
61.0
60.0
0.0


55.0
55.0
55.0
55.0
55.0
55.0
57.0
59.0
59.0
62.0
68.0
71.0
74.0
77.0
79.0
101.0
190.0
188.0
185.0
190.0
188.0
192.0
208.0
213.0
209.0
239.0
106.0
69.0
71.0
68.0
67.0
66.0
65.0
64.0
64.0
64.0
64.0
64.0
63.0
62.0
0.0


55.0
55.0
54.0
55.0
56.0
56.0
56.0
59.0
59.0
61.0
67.0
71.0
75.0
78.0
80.0
91.0
161.0
167.0
164.0
178.0
182.0
179.0
194.0
208.0
206.0
246.0
137.0
70.0
72.0
70.0
67.0
66.0
66.0
65.0
65.0
65.0
64.0
64.0
64.0
63.0
0.0


0.0
0.0
0.0
0.0
0.0
0.0
0.0
0.0
0.0
0.0
0.0
0.0
0.0
0.0
0.0
0.0
0.0
0.0
0.0
0.0
0.0
0.0
0.0
0.0
0.0
0.0
0.0
0.0
0.0
0.0
0.0
0.0
0.0
0.0
0.0
0.0
0.0
0.0
0.0
0.0
0.0


