49.0
49.0
50.0
50.0
50.0
50.0
51.0
50.0
51.0
52.0
50.0
50.0
51.0
52.0
52.0
51.0
51.0
52.0
52.0
53.0
53.0
52.0
51.0
52.0
52.0
53.0
52.0
53.0
54.0
51.0
54.0
117.0
120.0
139.0
150.0
53.0
48.0
51.0
51.0
53.0
54.0
55.0
54.0
53.0
53.0
53.0
52.0
52.0
53.0
51.0
52.0
52.0
53.0
52.0
52.0
52.0
52.0
53.0
52.0
52.0
0.0


49.0
50.0
50.0
50.0
50.0
51.0
51.0
50.0
51.0
53.0
51.0
51.0
51.0
51.0
50.0
50.0
52.0
53.0
52.0
53.0
54.0
52.0
52.0
52.0
53.0
52.0
52.0
53.0
53.0
50.0
58.0
121.0
129.0
144.0
151.0
54.0
47.0
52.0
52.0
53.0
53.0
53.0
53.0
52.0
53.0
52.0
52.0
52.0
52.0
53.0
52.0
52.0
51.0
51.0
49.0
50.0
51.0
51.0
52.0
52.0
0.0


49.0
49.0
50.0
50.0
49.0
51.0
51.0
51.0
51.0
52.0
51.0
51.0
51.0
51.0
51.0
51.0
52.0
50.0
48.0
48.0
49.0
54.0
52.0
52.0
53.0
52.0
52.0
52.0
53.0
47.0
62.0
127.0
129.0
158.0
152.0
54.0
50.0
53.0
52.0
52.0
53.0
52.0
55.0
58.0
51.0
54.0
55.0
53.0
52.0
51.0
52.0
51.0
50.0
49.0
50.0
49.0
48.0
49.0
51.0
53.0
0.0


48.0
49.0
50.0
49.0
50.0
50.0
51.0
51.0
51.0
52.0
52.0
51.0
51.0
51.0
52.0
52.0
51.0
54.0
82.0
96.0
66.0
49.0
54.0
51.0
51.0
52.0
51.0
53.0
53.0
47.0
73.0
131.0
126.0
156.0
156.0
56.0
48.0
52.0
52.0
52.0
53.0
51.0
58.0
57.0
53.0
52.0
47.0
49.0
53.0
50.0
51.0
52.0
50.0
49.0
52.0
49.0
49.0
49.0
49.0
50.0
0.0


49.0
50.0
50.0
50.0
49.0
50.0
50.0
51.0
50.0
52.0
52.0
51.0
51.0
51.0
51.0
52.0
46.0
84.0
119.0
135.0
144.0
57.0
48.0
53.0
50.0
52.0
53.0
52.0
53.0
48.0
86.0
128.0
124.0
154.0
163.0
59.0
46.0
53.0
50.0
53.0
53.0
52.0
52.0
53.0
51.0
54.0
73.0
61.0
46.0
51.0
51.0
51.0
50.0
48.0
47.0
49.0
49.0
48.0
49.0
50.0
0.0


50.0
50.0
49.0
49.0
49.0
50.0
50.0
50.0
51.0
50.0
52.0
50.0
51.0
51.0
52.0
51.0
46.0
93.0
128.0
119.0
162.0
76.0
47.0
53.0
51.0
52.0
52.0
53.0
52.0
50.0
96.0
120.0
130.0
158.0
166.0
64.0
47.0
53.0
50.0
52.0
52.0
52.0
52.0
52.0
51.0
95.0
132.0
134.0
69.0
47.0
52.0
50.0
50.0
49.0
48.0
49.0
49.0
49.0
48.0
51.0
0.0


50.0
49.0
50.0
49.0
49.0
50.0
50.0
49.0
50.0
51.0
51.0
51.0
52.0
52.0
52.0
53.0
44.0
81.0
141.0
128.0
163.0
87.0
46.0
53.0
52.0
51.0
52.0
52.0
52.0
54.0
111.0
129.0
137.0
159.0
160.0
58.0
48.0
53.0
50.0
50.0
51.0
50.0
52.0
50.0
60.0
127.0
124.0
164.0
120.0
46.0
53.0
51.0
48.0
48.0
48.0
48.0
49.0
49.0
50.0
51.0
0.0


51.0
50.0
50.0
50.0
50.0
50.0
51.0
50.0
50.0
52.0
50.0
51.0
50.0
51.0
51.0
52.0
44.0
74.0
142.0
130.0
164.0
106.0
46.0
53.0
52.0
53.0
52.0
54.0
51.0
59.0
135.0
141.0
149.0
173.0
153.0
53.0
49.0
52.0
50.0
50.0
52.0
53.0
51.0
46.0
74.0
140.0
133.0
169.0
124.0
46.0
53.0
51.0
50.0
48.0
48.0
49.0
49.0
50.0
51.0
52.0
0.0


51.0
50.0
49.0
50.0
50.0
50.0
51.0
50.0
51.0
51.0
51.0
51.0
52.0
51.0
51.0
53.0
44.0
71.0
141.0
128.0
153.0
136.0
55.0
50.0
53.0
53.0
53.0
54.0
48.0
69.0
138.0
127.0
143.0
173.0
143.0
49.0
51.0
52.0
51.0
50.0
51.0
52.0
51.0
49.0
101.0
136.0
135.0
183.0
106.0
44.0
53.0
51.0
51.0
49.0
49.0
49.0
50.0
52.0
52.0
53.0
0.0


50.0
52.0
52.0
50.0
50.0
50.0
51.0
50.0
50.0
50.0
52.0
51.0
51.0
51.0
51.0
53.0
44.0
73.0
137.0
125.0
144.0
165.0
67.0
47.0
53.0
52.0
53.0
55.0
47.0
82.0
136.0
126.0
140.0
170.0
133.0
47.0
53.0
53.0
50.0
50.0
52.0
53.0
47.0
64.0
123.0
122.0
140.0
192.0
89.0
45.0
53.0
51.0
51.0
50.0
50.0
50.0
51.0
52.0
51.0
53.0
0.0


50.0
51.0
51.0
51.0
50.0
51.0
50.0
49.0
49.0
50.0
51.0
50.0
51.0
50.0
51.0
53.0
44.0
75.0
135.0
120.0
133.0
181.0
83.0
45.0
53.0
51.0
52.0
54.0
46.0
93.0
134.0
128.0
141.0
179.0
122.0
45.0
54.0
52.0
51.0
50.0
50.0
53.0
45.0
90.0
113.0
123.0
147.0
192.0
75.0
45.0
53.0
51.0
51.0
50.0
51.0
51.0
51.0
51.0
52.0
52.0
0.0


49.0
51.0
52.0
51.0
51.0
51.0
50.0
49.0
50.0
50.0
51.0
50.0
50.0
51.0
51.0
52.0
44.0
66.0
135.0
126.0
136.0
192.0
104.0
46.0
53.0
53.0
53.0
53.0
49.0
107.0
136.0
135.0
144.0
182.0
110.0
44.0
54.0
52.0
51.0
50.0
52.0
49.0
56.0
114.0
111.0
140.0
153.0
172.0
63.0
46.0
51.0
51.0
51.0
50.0
51.0
50.0
52.0
52.0
53.0
53.0
0.0


50.0
51.0
51.0
52.0
52.0
50.0
50.0
49.0
51.0
50.0
51.0
50.0
51.0
51.0
50.0
52.0
48.0
55.0
131.0
142.0
140.0
187.0
126.0
48.0
51.0
52.0
53.0
52.0
57.0
125.0
132.0
136.0
145.0
187.0
96.0
44.0
55.0
51.0
51.0
51.0
53.0
42.0
82.0
140.0
136.0
145.0
168.0
142.0
51.0
51.0
51.0
51.0
52.0
53.0
52.0
52.0
52.0
52.0
53.0
54.0
0.0


51.0
51.0
51.0
50.0
51.0
52.0
50.0
50.0
49.0
51.0
53.0
52.0
51.0
51.0
49.0
51.0
51.0
47.0
116.0
146.0
138.0
169.0
147.0
53.0
51.0
53.0
55.0
49.0
65.0
134.0
130.0
143.0
150.0
191.0
81.0
43.0
55.0
52.0
51.0
52.0
50.0
52.0
113.0
129.0
141.0
154.0
223.0
102.0
43.0
52.0
51.0
50.0
52.0
52.0
52.0
53.0
52.0
52.0
52.0
53.0
0.0


50.0
51.0
51.0
50.0
51.0
51.0
50.0
50.0
50.0
51.0
53.0
51.0
51.0
51.0
50.0
50.0
50.0
45.0
105.0
146.0
142.0
163.0
166.0
60.0
50.0
54.0
55.0
47.0
81.0
133.0
132.0
147.0
151.0
188.0
71.0
44.0
54.0
53.0
52.0
52.0
44.0
73.0
125.0
122.0
143.0
163.0
196.0
67.0
46.0
52.0
51.0
50.0
53.0
52.0
52.0
52.0
53.0
53.0
52.0
53.0
0.0


50.0
51.0
51.0
51.0
52.0
52.0
51.0
49.0
51.0
52.0
52.0
49.0
51.0
50.0
50.0
49.0
52.0
42.0
95.0
143.0
141.0
157.0
185.0
72.0
50.0
57.0
55.0
47.0
101.0
138.0
147.0
157.0
158.0
178.0
65.0
47.0
53.0
52.0
53.0
50.0
50.0
102.0
120.0
131.0
150.0
195.0
145.0
50.0
50.0
52.0
51.0
51.0
51.0
52.0
52.0
51.0
52.0
52.0
52.0
52.0
0.0


51.0
50.0
50.0
50.0
51.0
52.0
51.0
52.0
52.0
53.0
50.0
48.0
49.0
49.0
50.0
48.0
51.0
41.0
86.0
143.0
141.0
149.0
197.0
90.0
47.0
56.0
52.0
54.0
129.0
146.0
144.0
155.0
169.0
174.0
59.0
50.0
54.0
53.0
52.0
45.0
78.0
121.0
115.0
137.0
155.0
215.0
100.0
46.0
54.0
52.0
51.0
52.0
51.0
53.0
51.0
51.0
51.0
52.0
52.0
52.0
0.0


51.0
51.0
51.0
51.0
51.0
51.0
50.0
53.0
52.0
51.0
51.0
49.0
49.0
50.0
50.0
47.0
49.0
40.0
77.0
142.0
135.0
148.0
185.0
117.0
48.0
58.0
50.0
65.0
138.0
141.0
149.0
157.0
181.0
162.0
56.0
51.0
54.0
52.0
49.0
57.0
110.0
118.0
133.0
148.0
170.0
187.0
69.0
45.0
54.0
51.0
51.0
50.0
51.0
50.0
51.0
51.0
52.0
51.0
51.0
52.0
0.0


51.0
51.0
52.0
51.0
51.0
51.0
49.0
51.0
51.0
52.0
50.0
49.0
50.0
50.0
49.0
48.0
50.0
42.0
72.0
143.0
132.0
151.0
167.0
145.0
53.0
58.0
49.0
74.0
142.0
125.0
136.0
147.0
177.0
143.0
51.0
53.0
55.0
54.0
48.0
96.0
130.0
125.0
145.0
155.0
201.0
145.0
51.0
49.0
52.0
51.0
51.0
50.0
51.0
51.0
50.0
51.0
52.0
51.0
51.0
51.0
0.0


51.0
52.0
52.0
51.0
51.0
52.0
51.0
51.0
50.0
52.0
50.0
49.0
50.0
51.0
50.0
50.0
52.0
42.0
72.0
145.0
130.0
160.0
171.0
182.0
69.0
55.0
51.0
83.0
145.0
128.0
141.0
151.0
200.0
119.0
47.0
57.0
55.0
53.0
61.0
134.0
140.0
152.0
156.0
160.0
229.0
105.0
42.0
54.0
54.0
52.0
51.0
50.0
51.0
51.0
50.0
50.0
50.0
51.0
52.0
52.0
0.0


51.0
52.0
51.0
50.0
51.0
51.0
52.0
51.0
51.0
52.0
50.0
50.0
50.0
50.0
50.0
50.0
52.0
43.0
71.0
150.0
139.0
163.0
168.0
209.0
94.0
51.0
53.0
89.0
147.0
134.0
147.0
154.0
206.0
96.0
47.0
58.0
56.0
50.0
89.0
121.0
146.0
155.0
168.0
181.0
206.0
76.0
45.0
57.0
51.0
53.0
51.0
51.0
51.0
51.0
51.0
50.0
52.0
52.0
53.0
52.0
0.0


52.0
51.0
50.0
50.0
52.0
52.0
51.0
51.0
52.0
51.0
51.0
50.0
51.0
51.0
51.0
51.0
53.0
46.0
64.0
149.0
142.0
156.0
161.0
180.0
121.0
53.0
49.0
93.0
150.0
139.0
152.0
155.0
199.0
79.0
52.0
59.0
52.0
64.0
110.0
114.0
144.0
159.0
175.0
227.0
152.0
49.0
52.0
53.0
51.0
52.0
51.0
51.0
52.0
51.0
52.0
52.0
51.0
52.0
52.0
51.0
0.0


51.0
50.0
51.0
51.0
51.0
51.0
52.0
52.0
52.0
52.0
52.0
52.0
51.0
53.0
51.0
51.0
53.0
49.0
56.0
138.0
129.0
140.0
151.0
169.0
137.0
57.0
49.0
99.0
152.0
140.0
148.0
160.0
180.0
64.0
55.0
59.0
54.0
93.0
115.0
120.0
135.0
152.0
172.0
232.0
82.0
44.0
56.0
52.0
54.0
52.0
51.0
52.0
51.0
52.0
51.0
51.0
51.0
51.0
52.0
52.0
0.0


52.0
50.0
49.0
51.0
51.0
51.0
52.0
52.0
53.0
53.0
53.0
52.0
51.0
52.0
51.0
50.0
52.0
53.0
48.0
121.0
146.0
141.0
155.0
169.0
150.0
61.0
49.0
102.0
163.0
151.0
153.0
188.0
145.0
56.0
61.0
56.0
67.0
115.0
120.0
127.0
144.0
162.0
212.0
138.0
45.0
53.0
53.0
54.0
53.0
53.0
52.0
51.0
51.0
50.0
51.0
50.0
51.0
52.0
52.0
52.0
0.0


50.0
50.0
50.0
50.0
50.0
52.0
52.0
52.0
52.0
52.0
53.0
52.0
52.0
52.0
52.0
52.0
53.0
52.0
36.0
95.0
163.0
144.0
159.0
171.0
165.0
65.0
47.0
105.0
163.0
159.0
160.0
206.0
116.0
54.0
64.0
55.0
90.0
124.0
126.0
140.0
157.0
173.0
217.0
69.0
46.0
55.0
53.0
53.0
53.0
52.0
52.0
51.0
50.0
52.0
51.0
50.0
51.0
50.0
51.0
51.0
0.0


50.0
50.0
50.0
50.0
51.0
52.0
51.0
51.0
52.0
53.0
52.0
52.0
52.0
52.0
53.0
54.0
47.0
56.0
66.0
103.0
167.0
153.0
165.0
171.0
190.0
72.0
50.0
123.0
150.0
148.0
150.0
192.0
94.0
55.0
61.0
62.0
116.0
133.0
141.0
156.0
156.0
220.0
126.0
46.0
54.0
53.0
54.0
54.0
53.0
52.0
52.0
50.0
50.0
51.0
50.0
49.0
50.0
50.0
50.0
51.0
0.0


49.0
50.0
50.0
49.0
51.0
52.0
50.0
52.0
52.0
52.0
52.0
52.0
53.0
52.0
53.0
47.0
64.0
138.0
165.0
160.0
172.0
173.0
170.0
172.0
207.0
98.0
62.0
138.0
161.0
163.0
160.0
188.0
80.0
55.0
57.0
80.0
142.0
149.0
153.0
152.0
166.0
213.0
71.0
49.0
55.0
53.0
54.0
55.0
54.0
53.0
52.0
51.0
50.0
51.0
51.0
50.0
50.0
51.0
50.0
50.0
0.0


50.0
49.0
50.0
49.0
51.0
51.0
51.0
52.0
52.0
52.0
52.0
52.0
52.0
53.0
52.0
48.0
108.0
168.0
140.0
146.0
166.0
194.0
180.0
182.0
183.0
158.0
120.0
127.0
143.0
147.0
141.0
136.0
92.0
61.0
79.0
131.0
160.0
164.0
158.0
153.0
228.0
128.0
49.0
53.0
54.0
54.0
53.0
54.0
55.0
53.0
49.0
52.0
50.0
49.0
50.0
50.0
50.0
52.0
52.0
50.0
0.0


50.0
50.0
50.0
50.0
50.0
51.0
52.0
51.0
51.0
52.0
52.0
52.0
52.0
53.0
52.0
52.0
129.0
154.0
139.0
145.0
149.0
177.0
198.0
178.0
170.0
150.0
138.0
139.0
134.0
130.0
125.0
105.0
96.0
92.0
113.0
143.0
155.0
166.0
170.0
182.0
208.0
74.0
47.0
57.0
55.0
54.0
54.0
54.0
52.0
52.0
51.0
50.0
49.0
49.0
49.0
50.0
50.0
50.0
50.0
51.0
0.0


50.0
50.0
49.0
50.0
50.0
50.0
50.0
50.0
51.0
52.0
52.0
52.0
52.0
54.0
52.0
59.0
146.0
148.0
133.0
144.0
144.0
165.0
154.0
125.0
142.0
146.0
137.0
137.0
137.0
134.0
130.0
119.0
99.0
104.0
121.0
129.0
133.0
142.0
161.0
230.0
138.0
51.0
56.0
56.0
56.0
56.0
54.0
53.0
53.0
53.0
50.0
50.0
49.0
50.0
49.0
49.0
50.0
50.0
50.0
51.0
0.0


50.0
50.0
49.0
50.0
50.0
50.0
50.0
50.0
51.0
52.0
53.0
52.0
52.0
54.0
47.0
70.0
167.0
150.0
139.0
134.0
150.0
150.0
102.0
120.0
142.0
146.0
140.0
138.0
138.0
132.0
128.0
112.0
101.0
110.0
122.0
127.0
131.0
136.0
161.0
228.0
98.0
48.0
60.0
55.0
56.0
57.0
54.0
53.0
52.0
50.0
50.0
50.0
50.0
49.0
50.0
50.0
50.0
50.0
51.0
51.0
0.0


51.0
50.0
49.0
50.0
51.0
49.0
49.0
50.0
52.0
52.0
52.0
51.0
52.0
54.0
46.0
86.0
165.0
154.0
157.0
140.0
148.0
133.0
116.0
147.0
144.0
153.0
162.0
141.0
134.0
139.0
125.0
108.0
118.0
127.0
125.0
135.0
137.0
147.0
181.0
188.0
70.0
53.0
61.0
56.0
57.0
55.0
55.0
54.0
52.0
51.0
50.0
50.0
50.0
49.0
50.0
49.0
50.0
51.0
51.0
51.0
0.0


51.0
51.0
50.0
50.0
51.0
50.0
50.0
50.0
51.0
52.0
52.0
52.0
52.0
56.0
48.0
101.0
156.0
158.0
172.0
157.0
159.0
146.0
145.0
157.0
152.0
159.0
164.0
169.0
141.0
139.0
123.0
123.0
135.0
132.0
131.0
136.0
135.0
171.0
201.0
158.0
57.0
58.0
61.0
58.0
57.0
56.0
55.0
54.0
51.0
50.0
49.0
50.0
50.0
50.0
50.0
50.0
51.0
50.0
50.0
51.0
0.0


51.0
50.0
50.0
50.0
51.0
51.0
50.0
50.0
51.0
54.0
52.0
52.0
53.0
53.0
51.0
112.0
148.0
159.0
204.0
171.0
168.0
169.0
162.0
177.0
170.0
167.0
167.0
209.0
187.0
135.0
117.0
134.0
135.0
131.0
144.0
121.0
141.0
164.0
189.0
137.0
52.0
62.0
60.0
59.0
58.0
55.0
54.0
52.0
50.0
49.0
48.0
49.0
51.0
49.0
50.0
50.0
50.0
50.0
50.0
51.0
0.0


51.0
50.0
50.0
49.0
50.0
51.0
50.0
51.0
52.0
53.0
53.0
52.0
52.0
51.0
56.0
124.0
152.0
184.0
217.0
192.0
167.0
179.0
169.0
175.0
183.0
175.0
195.0
209.0
200.0
179.0
129.0
130.0
130.0
138.0
139.0
130.0
158.0
136.0
219.0
112.0
51.0
65.0
60.0
58.0
57.0
54.0
53.0
51.0
51.0
51.0
50.0
50.0
50.0
49.0
50.0
50.0
49.0
50.0
50.0
51.0
0.0


50.0
50.0
50.0
49.0
50.0
50.0
51.0
50.0
52.0
53.0
52.0
52.0
54.0
49.0
62.0
136.0
152.0
165.0
173.0
193.0
182.0
170.0
157.0
164.0
182.0
186.0
203.0
198.0
193.0
212.0
175.0
138.0
145.0
142.0
130.0
159.0
138.0
167.0
233.0
92.0
52.0
65.0
65.0
61.0
57.0
56.0
55.0
52.0
52.0
51.0
50.0
50.0
50.0
49.0
50.0
51.0
51.0
50.0
50.0
52.0
0.0


51.0
50.0
50.0
50.0
50.0
51.0
52.0
51.0
51.0
51.0
52.0
53.0
54.0
49.0
69.0
142.0
136.0
145.0
161.0
182.0
195.0
167.0
146.0
155.0
183.0
193.0
197.0
197.0
199.0
194.0
214.0
170.0
121.0
126.0
129.0
108.0
149.0
168.0
183.0
89.0
53.0
63.0
66.0
70.0
58.0
56.0
55.0
53.0
52.0
52.0
51.0
50.0
51.0
51.0
51.0
51.0
52.0
52.0
50.0
51.0
0.0


51.0
49.0
50.0
51.0
50.0
51.0
51.0
51.0
51.0
52.0
52.0
52.0
54.0
50.0
70.0
149.0
146.0
153.0
156.0
169.0
191.0
183.0
140.0
148.0
175.0
195.0
205.0
205.0
210.0
200.0
206.0
215.0
120.0
98.0
101.0
136.0
176.0
145.0
194.0
88.0
55.0
66.0
60.0
60.0
58.0
58.0
55.0
53.0
53.0
52.0
53.0
52.0
52.0
53.0
52.0
51.0
53.0
53.0
51.0
52.0
0.0


49.0
50.0
51.0
50.0
50.0
52.0
52.0
50.0
51.0
52.0
53.0
53.0
54.0
49.0
64.0
144.0
139.0
139.0
147.0
167.0
177.0
190.0
177.0
165.0
174.0
180.0
204.0
205.0
212.0
216.0
210.0
224.0
185.0
110.0
144.0
195.0
159.0
152.0
202.0
93.0
57.0
65.0
60.0
60.0
58.0
57.0
56.0
54.0
55.0
53.0
53.0
52.0
52.0
53.0
53.0
52.0
52.0
52.0
52.0
52.0
0.0


49.0
50.0
50.0
50.0
51.0
51.0
52.0
51.0
53.0
52.0
53.0
53.0
52.0
51.0
58.0
130.0
136.0
136.0
150.0
168.0
175.0
180.0
188.0
180.0
170.0
170.0
188.0
210.0
205.0
209.0
215.0
209.0
218.0
183.0
173.0
168.0
156.0
157.0
203.0
113.0
59.0
67.0
61.0
60.0
57.0
57.0
56.0
55.0
55.0
54.0
53.0
52.0
52.0
54.0
52.0
52.0
54.0
52.0
53.0
52.0
0.0


51.0
50.0
51.0
51.0
50.0
51.0
52.0
52.0
52.0
52.0
53.0
53.0
53.0
54.0
54.0
113.0
144.0
147.0
156.0
152.0
154.0
166.0
175.0
171.0
170.0
177.0
171.0
191.0
218.0
205.0
209.0
212.0
202.0
206.0
187.0
153.0
145.0
154.0
198.0
130.0
59.0
66.0
62.0
58.0
57.0
56.0
56.0
55.0
55.0
53.0
54.0
53.0
52.0
54.0
52.0
53.0
54.0
52.0
51.0
52.0
0.0


51.0
52.0
52.0
50.0
52.0
53.0
51.0
52.0
51.0
52.0
53.0
52.0
53.0
54.0
51.0
104.0
151.0
134.0
134.0
135.0
142.0
161.0
174.0
172.0
175.0
182.0
161.0
145.0
189.0
211.0
205.0
209.0
205.0
201.0
198.0
179.0
165.0
163.0
198.0
139.0
60.0
64.0
60.0
58.0
57.0
57.0
55.0
55.0
53.0
54.0
54.0
52.0
52.0
52.0
53.0
53.0
53.0
52.0
52.0
51.0
0.0


51.0
52.0
51.0
51.0
53.0
52.0
51.0
52.0
53.0
53.0
54.0
52.0
53.0
55.0
50.0
97.0
141.0
123.0
129.0
134.0
139.0
153.0
167.0
170.0
174.0
176.0
159.0
135.0
157.0
195.0
204.0
203.0
203.0
202.0
201.0
197.0
186.0
173.0
204.0
143.0
60.0
64.0
60.0
58.0
58.0
57.0
55.0
53.0
54.0
53.0
53.0
52.0
52.0
52.0
53.0
52.0
53.0
53.0
51.0
52.0
0.0


51.0
52.0
52.0
52.0
52.0
53.0
53.0
53.0
52.0
53.0
53.0
53.0
53.0
54.0
50.0
92.0
137.0
125.0
130.0
130.0
135.0
146.0
160.0
165.0
171.0
176.0
147.0
142.0
152.0
165.0
192.0
201.0
202.0
201.0
201.0
197.0
194.0
182.0
213.0
142.0
59.0
64.0
60.0
58.0
57.0
57.0
55.0
54.0
54.0
53.0
53.0
54.0
54.0
53.0
51.0
52.0
52.0
52.0
52.0
51.0
0.0


52.0
52.0
52.0
52.0
53.0
54.0
52.0
53.0
51.0
52.0
53.0
53.0
54.0
54.0
50.0
85.0
139.0
126.0
132.0
130.0
127.0
137.0
151.0
158.0
172.0
171.0
138.0
147.0
134.0
147.0
176.0
192.0
199.0
200.0
199.0
197.0
199.0
192.0
222.0
130.0
58.0
65.0
60.0
59.0
58.0
58.0
56.0
55.0
54.0
53.0
53.0
54.0
54.0
53.0
52.0
52.0
53.0
53.0
52.0
50.0
0.0


53.0
52.0
52.0
52.0
52.0
52.0
53.0
53.0
52.0
53.0
53.0
53.0
54.0
55.0
52.0
81.0
142.0
126.0
129.0
123.0
119.0
130.0
145.0
150.0
171.0
159.0
139.0
141.0
120.0
132.0
163.0
179.0
194.0
195.0
196.0
192.0
201.0
198.0
214.0
110.0
59.0
66.0
60.0
59.0
58.0
57.0
55.0
54.0
54.0
54.0
53.0
53.0
53.0
52.0
53.0
53.0
53.0
52.0
51.0
50.0
0.0


53.0
53.0
52.0
52.0
53.0
53.0
53.0
54.0
53.0
54.0
54.0
53.0
54.0
56.0
51.0
73.0
144.0
128.0
129.0
122.0
115.0
128.0
142.0
148.0
165.0
144.0
141.0
128.0
116.0
122.0
148.0
175.0
195.0
196.0
190.0
191.0
206.0
202.0
211.0
98.0
59.0
65.0
60.0
58.0
58.0
58.0
55.0
54.0
55.0
54.0
54.0
54.0
53.0
53.0
52.0
52.0
52.0
51.0
51.0
50.0
0.0


53.0
53.0
53.0
53.0
53.0
54.0
54.0
54.0
54.0
55.0
54.0
54.0
55.0
56.0
53.0
65.0
140.0
137.0
130.0
124.0
114.0
127.0
138.0
144.0
150.0
131.0
142.0
123.0
120.0
119.0
131.0
167.0
186.0
202.0
194.0
202.0
215.0
201.0
213.0
90.0
61.0
66.0
59.0
58.0
59.0
58.0
55.0
55.0
54.0
53.0
54.0
54.0
53.0
52.0
52.0
51.0
51.0
51.0
51.0
50.0
0.0


53.0
53.0
53.0
54.0
54.0
54.0
54.0
54.0
54.0
53.0
54.0
54.0
55.0
56.0
55.0
58.0
127.0
148.0
128.0
125.0
120.0
129.0
130.0
138.0
138.0
132.0
143.0
123.0
122.0
127.0
126.0
151.0
182.0
197.0
211.0
218.0
213.0
201.0
205.0
83.0
62.0
65.0
60.0
59.0
57.0
57.0
55.0
53.0
53.0
53.0
53.0
53.0
53.0
51.0
52.0
51.0
50.0
51.0
51.0
50.0
0.0


53.0
54.0
54.0
54.0
53.0
53.0
54.0
54.0
54.0
55.0
55.0
54.0
56.0
57.0
58.0
54.0
106.0
160.0
133.0
131.0
127.0
129.0
121.0
129.0
129.0
141.0
140.0
121.0
126.0
132.0
142.0
143.0
173.0
205.0
213.0
220.0
213.0
208.0
193.0
75.0
63.0
63.0
62.0
60.0
58.0
57.0
55.0
55.0
54.0
53.0
53.0
53.0
52.0
51.0
51.0
51.0
50.0
50.0
51.0
50.0
0.0


54.0
54.0
54.0
54.0
53.0
54.0
54.0
55.0
55.0
57.0
55.0
55.0
56.0
56.0
61.0
55.0
86.0
162.0
139.0
135.0
137.0
132.0
118.0
120.0
119.0
141.0
133.0
122.0
133.0
136.0
143.0
157.0
167.0
189.0
210.0
218.0
209.0
218.0
176.0
70.0
65.0
64.0
62.0
62.0
59.0
57.0
56.0
56.0
55.0
54.0
53.0
53.0
53.0
52.0
52.0
51.0
51.0
51.0
49.0
50.0
0.0


54.0
54.0
54.0
54.0
55.0
55.0
55.0
55.0
55.0
57.0
55.0
56.0
57.0
56.0
61.0
59.0
68.0
144.0
149.0
140.0
146.0
134.0
117.0
117.0
115.0
144.0
135.0
131.0
139.0
141.0
146.0
159.0
181.0
197.0
210.0
220.0
204.0
236.0
155.0
68.0
69.0
65.0
63.0
61.0
59.0
59.0
58.0
57.0
55.0
55.0
53.0
52.0
53.0
52.0
51.0
51.0
51.0
51.0
51.0
53.0
0.0


53.0
54.0
54.0
54.0
55.0
55.0
55.0
55.0
56.0
55.0
56.0
56.0
57.0
58.0
60.0
64.0
57.0
107.0
163.0
143.0
145.0
133.0
123.0
115.0
114.0
148.0
146.0
139.0
146.0
151.0
159.0
167.0
185.0
210.0
216.0
217.0
201.0
248.0
120.0
65.0
72.0
66.0
63.0
62.0
60.0
59.0
58.0
57.0
56.0
55.0
53.0
52.0
51.0
51.0
50.0
51.0
50.0
51.0
52.0
53.0
0.0


54.0
53.0
55.0
54.0
55.0
56.0
55.0
55.0
55.0
56.0
56.0
57.0
58.0
59.0
62.0
65.0
61.0
77.0
154.0
151.0
145.0
142.0
138.0
124.0
122.0
149.0
157.0
148.0
159.0
164.0
175.0
182.0
198.0
210.0
214.0
211.0
208.0
237.0
86.0
65.0
73.0
69.0
65.0
63.0
60.0
59.0
57.0
56.0
54.0
54.0
53.0
52.0
51.0
52.0
52.0
52.0
52.0
51.0
52.0
52.0
0.0


54.0
54.0
55.0
54.0
55.0
56.0
56.0
56.0
56.0
58.0
57.0
58.0
58.0
59.0
62.0
64.0
66.0
63.0
116.0
163.0
150.0
147.0
150.0
139.0
135.0
146.0
166.0
158.0
164.0
176.0
184.0
195.0
208.0
216.0
220.0
200.0
246.0
162.0
70.0
70.0
71.0
68.0
65.0
63.0
60.0
59.0
57.0
57.0
55.0
55.0
53.0
52.0
52.0
53.0
52.0
51.0
53.0
51.0
54.0
53.0
0.0


54.0
54.0
54.0
55.0
55.0
55.0
56.0
56.0
57.0
57.0
58.0
58.0
59.0
60.0
63.0
66.0
68.0
63.0
81.0
159.0
147.0
151.0
156.0
153.0
151.0
151.0
164.0
168.0
175.0
183.0
196.0
204.0
212.0
219.0
219.0
198.0
254.0
135.0
68.0
73.0
72.0
68.0
64.0
63.0
62.0
59.0
58.0
57.0
57.0
56.0
56.0
54.0
54.0
53.0
52.0
52.0
54.0
53.0
55.0
55.0
0.0


54.0
54.0
54.0
54.0
55.0
55.0
57.0
56.0
57.0
56.0
58.0
58.0
60.0
62.0
64.0
67.0
67.0
71.0
65.0
125.0
164.0
151.0
161.0
162.0
167.0
161.0
166.0
169.0
186.0
200.0
204.0
211.0
215.0
220.0
218.0
206.0
249.0
154.0
74.0
75.0
72.0
68.0
66.0
63.0
62.0
61.0
59.0
57.0
57.0
58.0
56.0
55.0
55.0
55.0
54.0
55.0
54.0
54.0
54.0
56.0
0.0


54.0
54.0
54.0
54.0
56.0
57.0
57.0
56.0
58.0
58.0
58.0
58.0
60.0
63.0
65.0
67.0
67.0
70.0
66.0
89.0
181.0
168.0
176.0
175.0
177.0
171.0
178.0
184.0
187.0
204.0
212.0
215.0
220.0
224.0
225.0
218.0
232.0
189.0
86.0
73.0
73.0
69.0
67.0
63.0
63.0
62.0
60.0
59.0
59.0
58.0
57.0
56.0
55.0
55.0
55.0
55.0
56.0
56.0
57.0
55.0
0.0


54.0
55.0
54.0
55.0
56.0
55.0
55.0
57.0
57.0
59.0
58.0
58.0
61.0
64.0
66.0
68.0
68.0
70.0
73.0
69.0
123.0
200.0
184.0
195.0
193.0
189.0
190.0
192.0
194.0
198.0
205.0
210.0
219.0
227.0
226.0
223.0
214.0
229.0
103.0
71.0
74.0
69.0
68.0
65.0
64.0
62.0
62.0
61.0
60.0
59.0
58.0
59.0
59.0
58.0
57.0
57.0
57.0
57.0
56.0
57.0
0.0


55.0
55.0
55.0
55.0
55.0
55.0
56.0
58.0
57.0
58.0
59.0
58.0
62.0
64.0
67.0
68.0
70.0
73.0
75.0
75.0
79.0
154.0
205.0
199.0
206.0
199.0
195.0
197.0
196.0
197.0
200.0
205.0
214.0
219.0
219.0
220.0
210.0
242.0
136.0
74.0
74.0
70.0
69.0
67.0
66.0
64.0
63.0
62.0
62.0
62.0
60.0
59.0
60.0
60.0
59.0
59.0
59.0
60.0
59.0
59.0
0.0


0.0
0.0
0.0
0.0
0.0
0.0
0.0
0.0
0.0
0.0
0.0
0.0
0.0
0.0
0.0
0.0
0.0
0.0
0.0
0.0
0.0
0.0
0.0
0.0
0.0
0.0
0.0
0.0
0.0
0.0
0.0
0.0
0.0
0.0
0.0
0.0
0.0
0.0
0.0
0.0
0.0
0.0
0.0
0.0
0.0
0.0
0.0
0.0
0.0
0.0
0.0
0.0
0.0
0.0
0.0
0.0
0.0
0.0
0.0
0.0
0.0


