48.0
47.0
49.0
50.0
50.0
50.0
50.0
52.0
51.0
51.0
52.0
52.0
54.0
53.0
54.0
53.0
53.0
54.0
54.0
54.0
55.0
55.0
55.0
55.0
53.0
53.0
54.0
54.0
55.0
57.0
0.0


48.0
48.0
49.0
50.0
50.0
50.0
50.0
51.0
52.0
52.0
52.0
52.0
51.0
49.0
52.0
53.0
55.0
52.0
53.0
55.0
53.0
53.0
53.0
54.0
54.0
55.0
55.0
55.0
57.0
56.0
0.0


49.0
49.0
49.0
49.0
50.0
50.0
50.0
51.0
52.0
52.0
52.0
49.0
74.0
91.0
51.0
52.0
56.0
51.0
52.0
53.0
51.0
52.0
53.0
52.0
53.0
52.0
52.0
52.0
55.0
56.0
0.0


49.0
50.0
49.0
48.0
50.0
50.0
51.0
51.0
51.0
52.0
53.0
48.0
94.0
164.0
61.0
49.0
53.0
52.0
52.0
52.0
67.0
55.0
51.0
52.0
51.0
49.0
48.0
50.0
53.0
56.0
0.0


49.0
50.0
50.0
49.0
49.0
49.0
50.0
51.0
51.0
52.0
53.0
48.0
83.0
167.0
80.0
46.0
52.0
51.0
48.0
63.0
144.0
79.0
47.0
53.0
51.0
48.0
48.0
50.0
53.0
55.0
0.0


49.0
50.0
50.0
49.0
49.0
50.0
50.0
51.0
51.0
51.0
53.0
47.0
81.0
174.0
99.0
45.0
52.0
52.0
48.0
74.0
155.0
81.0
47.0
52.0
51.0
49.0
50.0
51.0
53.0
55.0
0.0


50.0
50.0
50.0
50.0
50.0
49.0
50.0
51.0
51.0
52.0
53.0
46.0
81.0
172.0
112.0
47.0
51.0
51.0
51.0
97.0
155.0
76.0
46.0
52.0
51.0
50.0
51.0
52.0
54.0
54.0
0.0


50.0
51.0
50.0
50.0
51.0
50.0
50.0
51.0
51.0
51.0
52.0
46.0
76.0
161.0
126.0
49.0
50.0
50.0
58.0
124.0
157.0
63.0
48.0
52.0
52.0
51.0
52.0
52.0
54.0
54.0
0.0


50.0
51.0
50.0
50.0
50.0
50.0
51.0
50.0
49.0
50.0
51.0
44.0
72.0
162.0
138.0
52.0
49.0
47.0
71.0
145.0
135.0
51.0
51.0
52.0
52.0
52.0
52.0
53.0
54.0
53.0
0.0


50.0
50.0
50.0
50.0
50.0
50.0
51.0
49.0
49.0
49.0
51.0
47.0
75.0
167.0
159.0
60.0
47.0
51.0
105.0
171.0
117.0
47.0
53.0
52.0
52.0
52.0
52.0
53.0
53.0
53.0
0.0


49.0
49.0
50.0
50.0
50.0
50.0
50.0
50.0
50.0
50.0
50.0
41.0
74.0
153.0
160.0
67.0
44.0
64.0
132.0
195.0
97.0
47.0
54.0
52.0
51.0
51.0
51.0
53.0
52.0
53.0
0.0


49.0
49.0
49.0
50.0
50.0
51.0
51.0
51.0
52.0
50.0
59.0
93.0
84.0
141.0
164.0
70.0
45.0
82.0
132.0
170.0
67.0
51.0
54.0
51.0
51.0
51.0
51.0
52.0
52.0
53.0
0.0


49.0
49.0
49.0
49.0
50.0
51.0
51.0
52.0
49.0
42.0
95.0
193.0
129.0
144.0
180.0
68.0
50.0
108.0
159.0
130.0
50.0
55.0
53.0
52.0
50.0
50.0
51.0
52.0
52.0
53.0
0.0


50.0
49.0
49.0
49.0
50.0
50.0
51.0
48.0
66.0
71.0
88.0
156.0
134.0
147.0
188.0
72.0
75.0
145.0
174.0
91.0
49.0
56.0
52.0
52.0
51.0
51.0
51.0
51.0
52.0
52.0
0.0


49.0
49.0
49.0
49.0
49.0
49.0
50.0
48.0
121.0
160.0
131.0
154.0
124.0
145.0
146.0
109.0
112.0
130.0
163.0
66.0
53.0
55.0
52.0
51.0
51.0
51.0
50.0
50.0
53.0
52.0
0.0


49.0
49.0
49.0
49.0
49.0
49.0
49.0
47.0
127.0
156.0
99.0
139.0
158.0
168.0
159.0
125.0
114.0
131.0
150.0
60.0
56.0
54.0
51.0
50.0
49.0
50.0
50.0
51.0
52.0
52.0
0.0


49.0
49.0
49.0
48.0
48.0
48.0
50.0
46.0
123.0
217.0
144.0
165.0
164.0
189.0
206.0
152.0
130.0
157.0
140.0
58.0
58.0
54.0
51.0
50.0
50.0
50.0
50.0
51.0
51.0
51.0
0.0


49.0
49.0
49.0
48.0
48.0
48.0
49.0
46.0
119.0
207.0
230.0
142.0
115.0
206.0
205.0
202.0
133.0
154.0
125.0
56.0
60.0
55.0
52.0
51.0
51.0
50.0
51.0
51.0
51.0
52.0
0.0


49.0
49.0
49.0
48.0
48.0
49.0
50.0
45.0
108.0
168.0
184.0
167.0
146.0
191.0
202.0
227.0
159.0
153.0
127.0
59.0
57.0
53.0
52.0
52.0
51.0
52.0
52.0
52.0
52.0
53.0
0.0


49.0
49.0
49.0
49.0
49.0
49.0
50.0
45.0
88.0
162.0
160.0
179.0
197.0
167.0
177.0
210.0
207.0
171.0
147.0
62.0
57.0
54.0
52.0
52.0
52.0
52.0
52.0
52.0
52.0
52.0
0.0


50.0
50.0
49.0
49.0
50.0
49.0
51.0
46.0
77.0
138.0
131.0
159.0
176.0
151.0
150.0
189.0
196.0
209.0
165.0
64.0
56.0
54.0
53.0
52.0
52.0
52.0
52.0
52.0
50.0
48.0
0.0


50.0
50.0
50.0
50.0
51.0
50.0
51.0
47.0
70.0
131.0
125.0
143.0
162.0
142.0
127.0
168.0
189.0
218.0
156.0
60.0
57.0
53.0
52.0
52.0
52.0
52.0
52.0
51.0
49.0
48.0
0.0


51.0
50.0
50.0
51.0
51.0
51.0
52.0
49.0
64.0
128.0
117.0
131.0
141.0
130.0
121.0
150.0
193.0
244.0
141.0
58.0
58.0
54.0
52.0
52.0
52.0
52.0
51.0
50.0
50.0
51.0
0.0


51.0
51.0
50.0
51.0
51.0
51.0
53.0
52.0
56.0
119.0
128.0
121.0
125.0
130.0
129.0
153.0
188.0
253.0
130.0
58.0
58.0
53.0
53.0
51.0
50.0
49.0
49.0
49.0
51.0
52.0
0.0


52.0
53.0
51.0
50.0
52.0
52.0
52.0
55.0
53.0
96.0
146.0
115.0
118.0
141.0
147.0
173.0
198.0
253.0
110.0
57.0
59.0
52.0
50.0
49.0
48.0
47.0
47.0
50.0
51.0
51.0
0.0


53.0
52.0
51.0
51.0
52.0
53.0
54.0
56.0
59.0
70.0
136.0
135.0
128.0
151.0
171.0
192.0
210.0
230.0
86.0
60.0
59.0
54.0
52.0
51.0
50.0
49.0
49.0
51.0
51.0
52.0
0.0


52.0
52.0
51.0
51.0
51.0
53.0
55.0
58.0
63.0
62.0
99.0
166.0
149.0
161.0
187.0
205.0
211.0
245.0
104.0
63.0
63.0
59.0
57.0
55.0
53.0
54.0
54.0
54.0
54.0
54.0
0.0


52.0
51.0
51.0
52.0
52.0
53.0
55.0
59.0
63.0
67.0
71.0
144.0
200.0
180.0
189.0
205.0
212.0
249.0
143.0
66.0
65.0
61.0
59.0
59.0
57.0
57.0
57.0
57.0
56.0
57.0
0.0


52.0
52.0
52.0
52.0
53.0
54.0
56.0
58.0
64.0
69.0
68.0
92.0
195.0
189.0
188.0
196.0
212.0
220.0
194.0
78.0
63.0
63.0
60.0
59.0
58.0
58.0
57.0
58.0
58.0
58.0
0.0


53.0
53.0
52.0
53.0
53.0
54.0
55.0
59.0
64.0
69.0
74.0
78.0
143.0
180.0
176.0
182.0
197.0
202.0
245.0
105.0
61.0
66.0
61.0
60.0
57.0
57.0
57.0
57.0
58.0
58.0
0.0


0.0
0.0
0.0
0.0
0.0
0.0
0.0
0.0
0.0
0.0
0.0
0.0
0.0
0.0
0.0
0.0
0.0
0.0
0.0
0.0
0.0
0.0
0.0
0.0
0.0
0.0
0.0
0.0
0.0
0.0
0.0


