49.0
50.0
49.0
49.0
49.0
49.0
49.0
50.0
51.0
51.0
51.0
51.0
52.0
49.0
68.0
92.0
62.0
50.0
52.0
51.0
52.0
50.0
54.0
57.0
49.0
51.0
52.0
50.0
52.0
53.0
52.0
51.0
53.0
52.0
51.0
52.0
51.0
51.0
51.0
50.0
0.0


49.0
51.0
50.0
49.0
49.0
49.0
50.0
50.0
52.0
52.0
51.0
51.0
51.0
50.0
103.0
145.0
117.0
51.0
52.0
51.0
52.0
50.0
52.0
53.0
51.0
52.0
52.0
66.0
62.0
54.0
53.0
51.0
52.0
52.0
52.0
51.0
50.0
50.0
49.0
49.0
0.0


50.0
51.0
51.0
49.0
49.0
50.0
50.0
50.0
51.0
51.0
51.0
51.0
51.0
47.0
97.0
146.0
150.0
63.0
48.0
51.0
52.0
51.0
51.0
51.0
53.0
50.0
61.0
123.0
137.0
63.0
51.0
52.0
52.0
51.0
52.0
52.0
49.0
48.0
48.0
49.0
0.0


50.0
51.0
51.0
50.0
49.0
50.0
51.0
50.0
50.0
51.0
50.0
51.0
51.0
46.0
82.0
145.0
160.0
97.0
47.0
52.0
51.0
50.0
52.0
52.0
52.0
48.0
72.0
132.0
156.0
72.0
48.0
53.0
51.0
51.0
51.0
51.0
49.0
48.0
49.0
50.0
0.0


50.0
51.0
51.0
49.0
49.0
50.0
50.0
50.0
51.0
50.0
50.0
50.0
51.0
46.0
72.0
139.0
148.0
132.0
52.0
51.0
51.0
50.0
51.0
51.0
52.0
48.0
84.0
130.0
156.0
68.0
48.0
53.0
51.0
51.0
51.0
51.0
49.0
49.0
49.0
50.0
0.0


50.0
51.0
50.0
51.0
50.0
50.0
50.0
50.0
50.0
50.0
50.0
50.0
50.0
48.0
63.0
141.0
149.0
158.0
63.0
48.0
51.0
50.0
51.0
51.0
51.0
53.0
100.0
129.0
161.0
68.0
48.0
53.0
50.0
51.0
51.0
51.0
50.0
50.0
50.0
51.0
0.0


51.0
51.0
50.0
51.0
51.0
50.0
51.0
49.0
50.0
51.0
50.0
50.0
50.0
49.0
54.0
131.0
148.0
169.0
80.0
44.0
51.0
51.0
51.0
52.0
49.0
60.0
121.0
137.0
159.0
62.0
49.0
51.0
50.0
50.0
51.0
53.0
51.0
51.0
52.0
52.0
0.0


50.0
51.0
51.0
50.0
50.0
51.0
50.0
50.0
50.0
50.0
50.0
50.0
50.0
50.0
49.0
114.0
146.0
167.0
102.0
46.0
52.0
50.0
51.0
52.0
48.0
72.0
130.0
149.0
147.0
53.0
52.0
50.0
50.0
50.0
51.0
52.0
52.0
53.0
52.0
52.0
0.0


50.0
50.0
51.0
50.0
50.0
51.0
50.0
50.0
49.0
51.0
50.0
49.0
50.0
50.0
46.0
102.0
152.0
163.0
126.0
49.0
51.0
49.0
50.0
52.0
48.0
89.0
131.0
166.0
123.0
47.0
52.0
50.0
51.0
51.0
51.0
52.0
52.0
52.0
52.0
53.0
0.0


50.0
50.0
50.0
50.0
50.0
51.0
50.0
50.0
50.0
51.0
49.0
48.0
49.0
50.0
45.0
88.0
155.0
157.0
151.0
55.0
48.0
48.0
50.0
51.0
54.0
109.0
131.0
180.0
102.0
46.0
53.0
51.0
52.0
51.0
51.0
52.0
52.0
52.0
52.0
53.0
0.0


50.0
50.0
50.0
50.0
50.0
50.0
49.0
51.0
52.0
50.0
48.0
48.0
48.0
49.0
44.0
77.0
153.0
159.0
180.0
71.0
45.0
50.0
51.0
48.0
74.0
137.0
141.0
193.0
88.0
46.0
53.0
51.0
51.0
51.0
51.0
52.0
52.0
52.0
51.0
52.0
0.0


50.0
49.0
49.0
50.0
50.0
50.0
50.0
51.0
51.0
49.0
49.0
50.0
49.0
50.0
46.0
74.0
157.0
157.0
196.0
95.0
45.0
51.0
51.0
47.0
103.0
157.0
155.0
196.0
73.0
49.0
54.0
51.0
51.0
52.0
51.0
51.0
50.0
51.0
52.0
52.0
0.0


50.0
49.0
50.0
50.0
50.0
50.0
50.0
51.0
51.0
50.0
50.0
51.0
50.0
52.0
48.0
69.0
150.0
146.0
175.0
113.0
47.0
52.0
49.0
58.0
113.0
134.0
167.0
172.0
58.0
52.0
54.0
52.0
51.0
51.0
50.0
51.0
51.0
50.0
51.0
52.0
0.0


50.0
50.0
49.0
50.0
49.0
50.0
49.0
50.0
51.0
51.0
51.0
50.0
52.0
49.0
45.0
51.0
130.0
147.0
172.0
126.0
49.0
52.0
47.0
73.0
118.0
129.0
190.0
118.0
48.0
55.0
53.0
52.0
52.0
51.0
50.0
51.0
51.0
51.0
51.0
52.0
0.0


50.0
49.0
49.0
50.0
50.0
50.0
51.0
51.0
52.0
52.0
51.0
51.0
49.0
62.0
116.0
100.0
119.0
162.0
167.0
140.0
52.0
51.0
49.0
93.0
127.0
143.0
200.0
79.0
48.0
55.0
53.0
51.0
51.0
51.0
51.0
51.0
50.0
52.0
51.0
52.0
0.0


50.0
50.0
50.0
49.0
50.0
51.0
51.0
51.0
52.0
51.0
52.0
52.0
49.0
118.0
176.0
166.0
161.0
166.0
177.0
161.0
59.0
51.0
55.0
115.0
136.0
157.0
164.0
59.0
53.0
55.0
54.0
52.0
51.0
50.0
51.0
51.0
51.0
51.0
51.0
52.0
0.0


50.0
50.0
49.0
48.0
49.0
50.0
50.0
51.0
52.0
52.0
52.0
52.0
51.0
118.0
148.0
142.0
160.0
175.0
172.0
181.0
73.0
43.0
77.0
153.0
144.0
183.0
124.0
49.0
57.0
56.0
54.0
52.0
52.0
51.0
51.0
51.0
52.0
51.0
51.0
52.0
0.0


50.0
49.0
49.0
48.0
49.0
50.0
50.0
50.0
51.0
51.0
52.0
52.0
47.0
104.0
148.0
142.0
154.0
168.0
166.0
168.0
108.0
74.0
125.0
143.0
147.0
207.0
86.0
50.0
57.0
55.0
53.0
52.0
52.0
52.0
52.0
51.0
51.0
52.0
51.0
52.0
0.0


49.0
50.0
49.0
49.0
49.0
50.0
50.0
50.0
51.0
51.0
52.0
52.0
47.0
96.0
151.0
138.0
162.0
125.0
126.0
145.0
129.0
120.0
120.0
116.0
133.0
180.0
73.0
54.0
58.0
56.0
53.0
52.0
51.0
51.0
51.0
51.0
50.0
51.0
51.0
52.0
0.0


50.0
50.0
50.0
49.0
48.0
50.0
50.0
50.0
50.0
51.0
51.0
54.0
43.0
76.0
170.0
145.0
152.0
113.0
141.0
150.0
132.0
122.0
122.0
123.0
142.0
177.0
68.0
55.0
59.0
55.0
53.0
52.0
51.0
50.0
49.0
50.0
50.0
50.0
50.0
51.0
0.0


50.0
49.0
49.0
49.0
49.0
50.0
49.0
49.0
51.0
51.0
52.0
48.0
63.0
105.0
173.0
163.0
159.0
152.0
170.0
165.0
158.0
131.0
129.0
129.0
159.0
170.0
65.0
56.0
59.0
56.0
53.0
51.0
49.0
49.0
49.0
49.0
49.0
50.0
50.0
50.0
0.0


49.0
49.0
49.0
49.0
49.0
49.0
49.0
49.0
51.0
51.0
48.0
69.0
157.0
174.0
157.0
160.0
183.0
172.0
180.0
186.0
217.0
165.0
136.0
146.0
161.0
155.0
62.0
59.0
58.0
55.0
51.0
50.0
50.0
49.0
49.0
50.0
50.0
50.0
50.0
51.0
0.0


49.0
49.0
49.0
49.0
48.0
49.0
49.0
49.0
50.0
51.0
47.0
127.0
181.0
154.0
164.0
183.0
162.0
145.0
180.0
199.0
201.0
212.0
160.0
131.0
151.0
150.0
62.0
58.0
58.0
60.0
57.0
52.0
53.0
51.0
50.0
51.0
51.0
51.0
52.0
52.0
0.0


50.0
49.0
49.0
49.0
49.0
49.0
49.0
49.0
51.0
48.0
63.0
162.0
170.0
148.0
147.0
189.0
159.0
134.0
176.0
200.0
211.0
215.0
196.0
130.0
155.0
155.0
68.0
58.0
58.0
56.0
54.0
52.0
52.0
52.0
51.0
51.0
51.0
52.0
52.0
52.0
0.0


50.0
50.0
49.0
49.0
50.0
50.0
49.0
49.0
51.0
45.0
82.0
185.0
173.0
158.0
146.0
167.0
174.0
134.0
167.0
195.0
209.0
214.0
221.0
196.0
147.0
171.0
81.0
56.0
59.0
55.0
54.0
53.0
53.0
52.0
52.0
52.0
53.0
52.0
52.0
53.0
0.0


50.0
49.0
49.0
49.0
50.0
50.0
49.0
50.0
51.0
46.0
74.0
181.0
188.0
181.0
167.0
164.0
190.0
183.0
177.0
169.0
197.0
214.0
214.0
208.0
161.0
187.0
101.0
55.0
59.0
56.0
54.0
53.0
53.0
52.0
52.0
52.0
53.0
53.0
53.0
52.0
0.0


50.0
50.0
49.0
49.0
49.0
50.0
50.0
49.0
50.0
49.0
57.0
138.0
162.0
199.0
190.0
184.0
208.0
214.0
180.0
166.0
180.0
198.0
210.0
208.0
198.0
213.0
113.0
55.0
59.0
55.0
54.0
53.0
52.0
52.0
53.0
52.0
52.0
53.0
53.0
52.0
0.0


50.0
50.0
49.0
50.0
50.0
50.0
50.0
49.0
49.0
50.0
49.0
102.0
168.0
173.0
187.0
199.0
205.0
187.0
176.0
171.0
178.0
179.0
196.0
204.0
194.0
236.0
121.0
55.0
58.0
55.0
54.0
52.0
52.0
51.0
52.0
52.0
53.0
52.0
52.0
52.0
0.0


50.0
50.0
50.0
50.0
50.0
50.0
50.0
50.0
50.0
51.0
47.0
100.0
148.0
142.0
163.0
186.0
185.0
162.0
170.0
176.0
158.0
162.0
181.0
201.0
189.0
238.0
117.0
55.0
59.0
55.0
55.0
53.0
52.0
52.0
52.0
53.0
52.0
52.0
52.0
51.0
0.0


51.0
51.0
50.0
50.0
50.0
50.0
50.0
51.0
51.0
52.0
47.0
94.0
148.0
138.0
144.0
168.0
185.0
178.0
167.0
172.0
141.0
136.0
178.0
200.0
194.0
241.0
116.0
55.0
59.0
55.0
55.0
52.0
53.0
53.0
52.0
52.0
51.0
52.0
52.0
51.0
0.0


51.0
51.0
51.0
51.0
50.0
51.0
50.0
50.0
51.0
52.0
47.0
83.0
149.0
132.0
131.0
151.0
178.0
172.0
164.0
155.0
130.0
133.0
158.0
195.0
207.0
244.0
115.0
56.0
59.0
55.0
54.0
52.0
52.0
51.0
52.0
52.0
51.0
51.0
52.0
51.0
0.0


51.0
51.0
50.0
51.0
51.0
51.0
51.0
51.0
52.0
52.0
50.0
70.0
148.0
131.0
129.0
140.0
155.0
153.0
161.0
139.0
128.0
141.0
159.0
187.0
205.0
245.0
109.0
55.0
60.0
55.0
54.0
52.0
52.0
51.0
51.0
50.0
50.0
50.0
50.0
50.0
0.0


51.0
51.0
51.0
51.0
51.0
52.0
51.0
51.0
52.0
52.0
53.0
56.0
130.0
142.0
132.0
135.0
135.0
137.0
153.0
136.0
138.0
148.0
168.0
197.0
205.0
244.0
96.0
55.0
59.0
55.0
53.0
52.0
52.0
51.0
49.0
49.0
48.0
48.0
47.0
49.0
0.0


54.0
52.0
52.0
52.0
52.0
52.0
51.0
52.0
53.0
52.0
55.0
52.0
95.0
158.0
137.0
134.0
124.0
128.0
154.0
144.0
152.0
166.0
184.0
205.0
211.0
208.0
77.0
59.0
59.0
55.0
53.0
51.0
50.0
49.0
49.0
48.0
46.0
47.0
47.0
49.0
0.0


52.0
51.0
51.0
51.0
52.0
53.0
52.0
53.0
53.0
54.0
55.0
57.0
65.0
139.0
148.0
136.0
132.0
126.0
155.0
158.0
167.0
181.0
198.0
208.0
232.0
159.0
65.0
63.0
60.0
57.0
55.0
52.0
52.0
50.0
50.0
50.0
49.0
49.0
49.0
51.0
0.0


51.0
52.0
51.0
52.0
51.0
53.0
53.0
54.0
55.0
55.0
56.0
61.0
60.0
87.0
160.0
143.0
147.0
141.0
151.0
168.0
183.0
198.0
209.0
210.0
238.0
157.0
68.0
67.0
62.0
59.0
57.0
55.0
55.0
54.0
53.0
52.0
53.0
52.0
53.0
53.0
0.0


52.0
52.0
52.0
51.0
52.0
53.0
53.0
54.0
55.0
55.0
58.0
62.0
66.0
64.0
120.0
166.0
155.0
159.0
163.0
175.0
190.0
205.0
214.0
218.0
222.0
209.0
85.0
66.0
65.0
62.0
60.0
58.0
57.0
56.0
56.0
56.0
55.0
55.0
55.0
55.0
0.0


52.0
51.0
52.0
52.0
51.0
52.0
52.0
54.0
56.0
56.0
59.0
64.0
68.0
68.0
78.0
160.0
189.0
180.0
185.0
188.0
190.0
199.0
211.0
222.0
213.0
245.0
113.0
64.0
67.0
63.0
61.0
59.0
58.0
58.0
58.0
57.0
56.0
56.0
56.0
56.0
0.0


51.0
52.0
52.0
51.0
51.0
52.0
52.0
54.0
56.0
58.0
60.0
65.0
68.0
73.0
71.0
93.0
190.0
202.0
197.0
196.0
195.0
199.0
208.0
216.0
212.0
241.0
155.0
70.0
66.0
63.0
62.0
60.0
58.0
59.0
57.0
57.0
56.0
56.0
57.0
57.0
0.0


52.0
52.0
52.0
52.0
52.0
52.0
53.0
54.0
56.0
58.0
62.0
64.0
67.0
71.0
77.0
74.0
132.0
207.0
192.0
193.0
191.0
190.0
198.0
211.0
211.0
213.0
208.0
86.0
64.0
65.0
62.0
60.0
60.0
59.0
59.0
58.0
56.0
57.0
57.0
57.0
0.0


0.0
0.0
0.0
0.0
0.0
0.0
0.0
0.0
0.0
0.0
0.0
0.0
0.0
0.0
0.0
0.0
0.0
0.0
0.0
0.0
0.0
0.0
0.0
0.0
0.0
0.0
0.0
0.0
0.0
0.0
0.0
0.0
0.0
0.0
0.0
0.0
0.0
0.0
0.0
0.0
0.0


