49.0
50.0
50.0
49.0
50.0
50.0
49.0
49.0
50.0
50.0
50.0
51.0
51.0
51.0
51.0
53.0
52.0
51.0
52.0
52.0
52.0
52.0
53.0
53.0
53.0
53.0
54.0
53.0
52.0
52.0
52.0
53.0
53.0
51.0
57.0
56.0
51.0
52.0
52.0
52.0
56.0
59.0
52.0
53.0
53.0
54.0
53.0
53.0
53.0
54.0
54.0
54.0
54.0
54.0
54.0
55.0
54.0
54.0
55.0
55.0
0.0


48.0
49.0
48.0
50.0
49.0
50.0
50.0
49.0
50.0
49.0
50.0
51.0
50.0
52.0
52.0
51.0
52.0
52.0
51.0
51.0
53.0
52.0
51.0
53.0
51.0
49.0
50.0
49.0
53.0
53.0
53.0
53.0
52.0
51.0
62.0
55.0
50.0
52.0
51.0
54.0
53.0
56.0
55.0
53.0
53.0
53.0
53.0
53.0
53.0
53.0
53.0
53.0
54.0
54.0
55.0
55.0
55.0
53.0
54.0
54.0
0.0


49.0
50.0
49.0
50.0
50.0
50.0
49.0
49.0
49.0
50.0
50.0
50.0
51.0
52.0
52.0
51.0
52.0
51.0
52.0
51.0
51.0
53.0
52.0
50.0
53.0
80.0
93.0
65.0
49.0
54.0
51.0
53.0
52.0
53.0
62.0
50.0
50.0
51.0
52.0
53.0
53.0
52.0
54.0
54.0
53.0
53.0
53.0
53.0
52.0
53.0
53.0
52.0
52.0
53.0
54.0
53.0
53.0
53.0
53.0
53.0
0.0


49.0
49.0
48.0
49.0
50.0
50.0
49.0
50.0
51.0
50.0
51.0
51.0
51.0
51.0
51.0
52.0
51.0
52.0
52.0
51.0
51.0
52.0
52.0
48.0
78.0
117.0
120.0
142.0
67.0
46.0
51.0
51.0
50.0
56.0
57.0
49.0
52.0
52.0
52.0
53.0
53.0
53.0
52.0
54.0
54.0
52.0
52.0
52.0
53.0
52.0
52.0
52.0
53.0
52.0
52.0
50.0
51.0
50.0
49.0
51.0
0.0


49.0
48.0
48.0
48.0
50.0
50.0
50.0
50.0
52.0
50.0
51.0
52.0
52.0
51.0
50.0
51.0
52.0
52.0
52.0
52.0
52.0
52.0
53.0
47.0
94.0
128.0
110.0
168.0
97.0
43.0
53.0
52.0
51.0
56.0
54.0
50.0
53.0
52.0
51.0
52.0
52.0
52.0
53.0
51.0
56.0
57.0
52.0
50.0
51.0
53.0
52.0
52.0
52.0
51.0
50.0
50.0
51.0
49.0
50.0
49.0
0.0


50.0
49.0
48.0
49.0
49.0
49.0
49.0
49.0
50.0
51.0
50.0
52.0
51.0
51.0
51.0
52.0
52.0
51.0
52.0
51.0
51.0
52.0
52.0
47.0
85.0
143.0
126.0
163.0
116.0
46.0
52.0
53.0
52.0
52.0
51.0
52.0
52.0
52.0
51.0
51.0
52.0
52.0
50.0
57.0
68.0
53.0
50.0
52.0
51.0
52.0
51.0
51.0
51.0
52.0
50.0
49.0
51.0
48.0
48.0
48.0
0.0


51.0
50.0
48.0
48.0
49.0
50.0
50.0
49.0
49.0
50.0
50.0
50.0
52.0
51.0
51.0
51.0
52.0
52.0
52.0
52.0
51.0
52.0
54.0
47.0
75.0
143.0
132.0
158.0
142.0
54.0
47.0
51.0
52.0
52.0
50.0
52.0
51.0
52.0
51.0
51.0
54.0
49.0
67.0
112.0
128.0
88.0
49.0
52.0
52.0
52.0
52.0
52.0
52.0
53.0
51.0
49.0
47.0
47.0
48.0
49.0
0.0


51.0
50.0
49.0
48.0
49.0
51.0
49.0
49.0
50.0
51.0
50.0
50.0
52.0
51.0
51.0
51.0
52.0
52.0
51.0
52.0
52.0
52.0
53.0
46.0
73.0
135.0
126.0
145.0
168.0
72.0
44.0
54.0
51.0
52.0
51.0
50.0
52.0
51.0
51.0
51.0
52.0
50.0
100.0
121.0
126.0
157.0
62.0
50.0
53.0
52.0
52.0
52.0
53.0
51.0
50.0
49.0
48.0
47.0
48.0
49.0
0.0


50.0
50.0
49.0
49.0
49.0
50.0
49.0
49.0
49.0
49.0
49.0
50.0
51.0
51.0
51.0
52.0
51.0
52.0
51.0
52.0
52.0
52.0
52.0
45.0
73.0
134.0
127.0
138.0
174.0
96.0
44.0
54.0
51.0
50.0
50.0
51.0
52.0
51.0
51.0
50.0
50.0
52.0
112.0
127.0
132.0
158.0
65.0
49.0
54.0
52.0
52.0
52.0
51.0
52.0
50.0
49.0
49.0
47.0
49.0
50.0
0.0


51.0
50.0
49.0
48.0
49.0
49.0
50.0
49.0
50.0
49.0
49.0
49.0
50.0
51.0
52.0
51.0
52.0
51.0
51.0
52.0
52.0
52.0
53.0
46.0
69.0
130.0
128.0
136.0
171.0
113.0
46.0
53.0
52.0
51.0
51.0
52.0
51.0
51.0
51.0
52.0
49.0
59.0
119.0
123.0
139.0
156.0
60.0
50.0
54.0
52.0
51.0
51.0
51.0
51.0
49.0
48.0
49.0
49.0
50.0
50.0
0.0


50.0
49.0
49.0
50.0
49.0
50.0
49.0
49.0
50.0
51.0
51.0
51.0
51.0
50.0
51.0
51.0
52.0
51.0
51.0
51.0
52.0
52.0
52.0
45.0
64.0
133.0
137.0
138.0
174.0
125.0
48.0
51.0
52.0
50.0
50.0
51.0
52.0
51.0
50.0
53.0
47.0
77.0
119.0
119.0
143.0
154.0
58.0
51.0
53.0
52.0
50.0
51.0
53.0
50.0
50.0
49.0
49.0
49.0
49.0
50.0
0.0


50.0
49.0
50.0
50.0
50.0
49.0
50.0
49.0
49.0
49.0
51.0
50.0
51.0
51.0
50.0
51.0
52.0
51.0
51.0
51.0
51.0
51.0
51.0
46.0
62.0
144.0
149.0
143.0
174.0
142.0
52.0
49.0
53.0
51.0
50.0
51.0
51.0
52.0
54.0
54.0
51.0
96.0
115.0
124.0
145.0
154.0
57.0
51.0
51.0
50.0
50.0
51.0
51.0
51.0
51.0
50.0
49.0
50.0
50.0
51.0
0.0


50.0
49.0
50.0
50.0
52.0
51.0
49.0
48.0
50.0
50.0
49.0
50.0
52.0
51.0
51.0
51.0
52.0
53.0
52.0
51.0
51.0
50.0
52.0
46.0
59.0
136.0
139.0
135.0
156.0
159.0
59.0
48.0
52.0
50.0
50.0
50.0
51.0
52.0
53.0
49.0
59.0
109.0
118.0
128.0
150.0
146.0
52.0
52.0
50.0
49.0
51.0
51.0
51.0
51.0
51.0
50.0
49.0
51.0
51.0
52.0
0.0


50.0
50.0
50.0
49.0
52.0
51.0
50.0
49.0
50.0
50.0
50.0
50.0
51.0
51.0
50.0
51.0
52.0
51.0
51.0
52.0
51.0
51.0
52.0
47.0
59.0
128.0
137.0
138.0
147.0
174.0
68.0
46.0
51.0
50.0
49.0
51.0
52.0
50.0
52.0
45.0
74.0
130.0
130.0
130.0
165.0
127.0
49.0
53.0
50.0
50.0
51.0
52.0
52.0
51.0
51.0
50.0
50.0
50.0
51.0
52.0
0.0


51.0
51.0
50.0
50.0
51.0
52.0
50.0
50.0
50.0
50.0
50.0
50.0
51.0
50.0
50.0
50.0
51.0
51.0
51.0
50.0
51.0
51.0
50.0
47.0
56.0
125.0
138.0
140.0
150.0
181.0
76.0
46.0
51.0
50.0
49.0
50.0
51.0
52.0
53.0
47.0
96.0
129.0
130.0
141.0
200.0
104.0
46.0
53.0
50.0
50.0
50.0
50.0
52.0
52.0
52.0
51.0
51.0
51.0
50.0
52.0
0.0


51.0
51.0
49.0
50.0
51.0
50.0
51.0
49.0
50.0
50.0
50.0
50.0
52.0
50.0
50.0
50.0
51.0
51.0
51.0
50.0
51.0
51.0
51.0
48.0
54.0
121.0
142.0
141.0
148.0
189.0
86.0
43.0
52.0
50.0
50.0
50.0
51.0
53.0
49.0
56.0
111.0
123.0
134.0
147.0
207.0
78.0
45.0
53.0
50.0
50.0
51.0
52.0
51.0
51.0
52.0
52.0
52.0
52.0
53.0
52.0
0.0


50.0
50.0
50.0
50.0
51.0
50.0
50.0
49.0
50.0
49.0
49.0
51.0
52.0
50.0
50.0
51.0
51.0
51.0
50.0
50.0
51.0
49.0
50.0
46.0
53.0
118.0
143.0
141.0
146.0
193.0
95.0
43.0
52.0
47.0
49.0
50.0
51.0
52.0
46.0
70.0
119.0
127.0
137.0
163.0
175.0
59.0
49.0
53.0
51.0
52.0
51.0
52.0
51.0
52.0
53.0
52.0
51.0
52.0
52.0
52.0
0.0


51.0
50.0
49.0
49.0
50.0
50.0
49.0
50.0
51.0
50.0
49.0
51.0
51.0
49.0
49.0
49.0
51.0
51.0
48.0
49.0
49.0
49.0
49.0
47.0
51.0
116.0
143.0
148.0
148.0
195.0
104.0
45.0
51.0
49.0
48.0
49.0
51.0
52.0
46.0
88.0
122.0
126.0
137.0
178.0
140.0
50.0
51.0
52.0
52.0
52.0
51.0
53.0
52.0
53.0
53.0
52.0
52.0
51.0
52.0
52.0
0.0


49.0
50.0
49.0
50.0
50.0
49.0
50.0
50.0
51.0
51.0
51.0
51.0
49.0
47.0
48.0
49.0
49.0
49.0
49.0
49.0
49.0
49.0
50.0
47.0
50.0
114.0
142.0
150.0
150.0
189.0
122.0
47.0
52.0
50.0
49.0
49.0
51.0
49.0
57.0
110.0
124.0
133.0
142.0
199.0
114.0
46.0
52.0
52.0
52.0
51.0
52.0
53.0
53.0
52.0
51.0
52.0
53.0
52.0
54.0
52.0
0.0


50.0
50.0
50.0
50.0
50.0
50.0
49.0
50.0
51.0
51.0
51.0
51.0
49.0
49.0
48.0
48.0
49.0
48.0
48.0
48.0
49.0
49.0
51.0
47.0
51.0
113.0
147.0
159.0
159.0
179.0
147.0
51.0
49.0
50.0
50.0
49.0
51.0
48.0
77.0
123.0
128.0
145.0
152.0
213.0
94.0
45.0
53.0
51.0
51.0
51.0
51.0
52.0
52.0
52.0
51.0
52.0
52.0
52.0
51.0
51.0
0.0


50.0
50.0
50.0
49.0
50.0
50.0
50.0
49.0
50.0
50.0
50.0
50.0
50.0
49.0
48.0
49.0
50.0
49.0
49.0
48.0
50.0
51.0
51.0
48.0
54.0
122.0
151.0
152.0
157.0
182.0
167.0
56.0
50.0
51.0
49.0
50.0
50.0
51.0
114.0
145.0
142.0
143.0
164.0
204.0
77.0
46.0
55.0
52.0
52.0
51.0
52.0
53.0
52.0
51.0
51.0
52.0
51.0
51.0
52.0
51.0
0.0


50.0
50.0
49.0
50.0
50.0
50.0
50.0
50.0
50.0
49.0
50.0
50.0
50.0
49.0
49.0
50.0
50.0
49.0
49.0
50.0
51.0
51.0
51.0
48.0
55.0
124.0
148.0
152.0
153.0
162.0
172.0
63.0
49.0
52.0
50.0
51.0
48.0
67.0
144.0
145.0
151.0
154.0
177.0
179.0
63.0
48.0
55.0
53.0
53.0
53.0
51.0
52.0
51.0
50.0
51.0
53.0
51.0
50.0
51.0
52.0
0.0


49.0
49.0
50.0
50.0
50.0
50.0
50.0
50.0
50.0
50.0
51.0
50.0
48.0
50.0
50.0
49.0
51.0
50.0
49.0
50.0
51.0
52.0
55.0
52.0
54.0
115.0
134.0
135.0
145.0
154.0
180.0
66.0
49.0
52.0
50.0
51.0
49.0
87.0
126.0
138.0
147.0
169.0
211.0
153.0
53.0
51.0
55.0
52.0
53.0
52.0
51.0
52.0
51.0
51.0
51.0
51.0
51.0
52.0
50.0
52.0
0.0


49.0
48.0
50.0
51.0
50.0
50.0
50.0
49.0
51.0
50.0
50.0
51.0
50.0
50.0
50.0
50.0
50.0
50.0
50.0
52.0
51.0
46.0
44.0
44.0
50.0
114.0
137.0
135.0
151.0
157.0
183.0
67.0
48.0
53.0
50.0
49.0
56.0
104.0
116.0
122.0
141.0
166.0
231.0
106.0
45.0
57.0
55.0
54.0
54.0
52.0
53.0
52.0
51.0
51.0
52.0
51.0
51.0
51.0
52.0
51.0
0.0


49.0
50.0
49.0
50.0
49.0
50.0
51.0
51.0
50.0
51.0
51.0
50.0
51.0
51.0
50.0
51.0
50.0
49.0
51.0
51.0
48.0
74.0
100.0
85.0
42.0
97.0
148.0
140.0
152.0
155.0
182.0
69.0
49.0
54.0
52.0
48.0
73.0
112.0
113.0
126.0
148.0
174.0
189.0
67.0
48.0
57.0
55.0
54.0
54.0
53.0
53.0
51.0
52.0
51.0
51.0
50.0
51.0
50.0
51.0
50.0
0.0


49.0
50.0
49.0
49.0
49.0
49.0
49.0
52.0
51.0
51.0
51.0
51.0
52.0
52.0
50.0
50.0
51.0
51.0
53.0
46.0
92.0
178.0
166.0
215.0
98.0
82.0
159.0
149.0
153.0
155.0
186.0
72.0
50.0
53.0
53.0
51.0
95.0
114.0
119.0
139.0
157.0
201.0
134.0
46.0
54.0
54.0
55.0
54.0
53.0
53.0
49.0
51.0
52.0
50.0
51.0
50.0
51.0
51.0
50.0
51.0
0.0


50.0
50.0
49.0
49.0
49.0
49.0
50.0
51.0
50.0
52.0
51.0
51.0
52.0
51.0
49.0
50.0
51.0
53.0
47.0
61.0
150.0
150.0
138.0
160.0
158.0
94.0
153.0
158.0
153.0
156.0
190.0
71.0
50.0
55.0
49.0
60.0
110.0
115.0
128.0
147.0
158.0
228.0
89.0
44.0
57.0
53.0
56.0
54.0
53.0
52.0
51.0
52.0
50.0
50.0
50.0
51.0
50.0
51.0
51.0
51.0
0.0


49.0
49.0
48.0
49.0
49.0
50.0
50.0
50.0
50.0
51.0
51.0
51.0
50.0
51.0
50.0
52.0
53.0
55.0
46.0
67.0
148.0
143.0
145.0
152.0
168.0
96.0
148.0
180.0
166.0
170.0
194.0
72.0
51.0
57.0
49.0
76.0
122.0
125.0
136.0
147.0
173.0
184.0
59.0
51.0
55.0
54.0
54.0
53.0
53.0
52.0
52.0
52.0
51.0
50.0
50.0
50.0
50.0
51.0
51.0
51.0
0.0


49.0
49.0
49.0
49.0
49.0
50.0
50.0
49.0
50.0
50.0
50.0
50.0
51.0
51.0
52.0
50.0
44.0
48.0
45.0
76.0
147.0
138.0
145.0
148.0
178.0
96.0
136.0
186.0
165.0
161.0
189.0
76.0
52.0
56.0
50.0
103.0
137.0
133.0
138.0
148.0
211.0
129.0
46.0
55.0
54.0
56.0
54.0
53.0
53.0
52.0
51.0
52.0
51.0
51.0
51.0
51.0
50.0
50.0
51.0
51.0
0.0


49.0
49.0
49.0
49.0
50.0
49.0
51.0
50.0
50.0
50.0
50.0
50.0
51.0
51.0
47.0
54.0
78.0
78.0
43.0
63.0
143.0
137.0
145.0
143.0
184.0
119.0
133.0
177.0
159.0
155.0
197.0
89.0
47.0
50.0
73.0
136.0
140.0
136.0
143.0
156.0
230.0
82.0
47.0
56.0
56.0
56.0
55.0
52.0
52.0
52.0
51.0
52.0
52.0
51.0
50.0
51.0
50.0
51.0
51.0
50.0
0.0


50.0
49.0
49.0
49.0
48.0
49.0
49.0
49.0
49.0
50.0
50.0
51.0
52.0
46.0
60.0
135.0
154.0
163.0
103.0
45.0
123.0
144.0
142.0
155.0
148.0
121.0
140.0
167.0
169.0
165.0
159.0
117.0
60.0
71.0
126.0
148.0
142.0
146.0
154.0
179.0
173.0
59.0
53.0
55.0
55.0
55.0
53.0
52.0
53.0
52.0
51.0
51.0
50.0
51.0
50.0
51.0
51.0
51.0
51.0
51.0
0.0


49.0
47.0
49.0
49.0
49.0
49.0
48.0
48.0
49.0
50.0
51.0
50.0
51.0
46.0
100.0
156.0
127.0
147.0
163.0
115.0
135.0
144.0
150.0
156.0
102.0
115.0
142.0
142.0
147.0
144.0
129.0
112.0
104.0
108.0
119.0
119.0
124.0
137.0
154.0
218.0
121.0
50.0
57.0
54.0
56.0
54.0
54.0
54.0
52.0
52.0
51.0
50.0
52.0
51.0
51.0
51.0
51.0
51.0
50.0
50.0
0.0


49.0
48.0
48.0
49.0
49.0
49.0
48.0
48.0
50.0
49.0
49.0
50.0
49.0
46.0
109.0
152.0
140.0
151.0
155.0
173.0
185.0
159.0
160.0
138.0
109.0
145.0
143.0
148.0
147.0
141.0
139.0
122.0
109.0
109.0
113.0
111.0
114.0
124.0
147.0
227.0
93.0
49.0
58.0
57.0
57.0
55.0
53.0
53.0
54.0
51.0
50.0
52.0
52.0
50.0
50.0
50.0
50.0
50.0
51.0
50.0
0.0


49.0
49.0
49.0
48.0
49.0
48.0
49.0
49.0
49.0
49.0
49.0
49.0
50.0
43.0
95.0
181.0
145.0
150.0
142.0
94.0
104.0
164.0
163.0
140.0
138.0
157.0
152.0
162.0
165.0
146.0
140.0
130.0
112.0
111.0
113.0
116.0
118.0
126.0
152.0
204.0
82.0
51.0
58.0
57.0
57.0
54.0
53.0
53.0
52.0
51.0
50.0
50.0
49.0
49.0
49.0
50.0
50.0
50.0
50.0
51.0
0.0


50.0
48.0
49.0
49.0
49.0
48.0
49.0
50.0
49.0
49.0
49.0
50.0
50.0
43.0
93.0
184.0
154.0
154.0
130.0
88.0
72.0
102.0
155.0
145.0
159.0
173.0
168.0
167.0
167.0
182.0
140.0
124.0
125.0
122.0
120.0
125.0
124.0
140.0
167.0
193.0
76.0
54.0
57.0
58.0
57.0
55.0
53.0
52.0
52.0
52.0
50.0
49.0
49.0
49.0
50.0
50.0
49.0
49.0
51.0
51.0
0.0


49.0
49.0
49.0
49.0
48.0
48.0
48.0
48.0
48.0
49.0
49.0
50.0
50.0
43.0
97.0
168.0
175.0
185.0
142.0
107.0
92.0
114.0
170.0
159.0
163.0
175.0
182.0
173.0
191.0
219.0
168.0
131.0
136.0
128.0
128.0
126.0
128.0
159.0
175.0
185.0
71.0
54.0
59.0
58.0
57.0
55.0
53.0
52.0
51.0
50.0
49.0
49.0
50.0
50.0
49.0
50.0
49.0
51.0
50.0
51.0
0.0


48.0
49.0
48.0
47.0
48.0
48.0
48.0
48.0
49.0
49.0
49.0
49.0
50.0
43.0
91.0
166.0
170.0
220.0
192.0
139.0
150.0
197.0
213.0
163.0
159.0
169.0
177.0
188.0
213.0
198.0
203.0
166.0
132.0
133.0
137.0
125.0
145.0
149.0
173.0
167.0
64.0
57.0
60.0
58.0
57.0
55.0
54.0
52.0
50.0
49.0
50.0
50.0
50.0
48.0
49.0
50.0
50.0
51.0
49.0
50.0
0.0


49.0
49.0
48.0
48.0
49.0
48.0
48.0
48.0
48.0
48.0
49.0
49.0
50.0
43.0
86.0
167.0
170.0
200.0
238.0
225.0
190.0
192.0
192.0
129.0
140.0
179.0
179.0
191.0
196.0
196.0
199.0
210.0
144.0
136.0
144.0
135.0
158.0
139.0
199.0
142.0
59.0
59.0
59.0
58.0
58.0
53.0
52.0
51.0
51.0
51.0
50.0
50.0
50.0
50.0
51.0
51.0
50.0
51.0
50.0
50.0
0.0


49.0
49.0
48.0
48.0
49.0
48.0
49.0
47.0
48.0
48.0
49.0
49.0
50.0
43.0
84.0
168.0
184.0
221.0
207.0
192.0
192.0
197.0
166.0
103.0
110.0
178.0
181.0
194.0
200.0
200.0
200.0
207.0
185.0
147.0
137.0
158.0
140.0
152.0
204.0
123.0
57.0
60.0
60.0
58.0
65.0
62.0
52.0
53.0
53.0
52.0
50.0
50.0
51.0
51.0
51.0
50.0
51.0
51.0
50.0
51.0
0.0


49.0
48.0
48.0
47.0
48.0
48.0
47.0
47.0
47.0
49.0
49.0
48.0
50.0
42.0
84.0
180.0
169.0
167.0
175.0
187.0
190.0
210.0
145.0
95.0
92.0
149.0
190.0
194.0
205.0
211.0
209.0
206.0
221.0
156.0
134.0
119.0
127.0
155.0
165.0
128.0
58.0
60.0
60.0
56.0
56.0
59.0
53.0
53.0
52.0
53.0
52.0
52.0
53.0
50.0
50.0
50.0
50.0
50.0
50.0
52.0
0.0


49.0
48.0
48.0
48.0
47.0
48.0
47.0
48.0
48.0
49.0
48.0
48.0
50.0
43.0
84.0
154.0
142.0
161.0
177.0
185.0
186.0
215.0
149.0
100.0
98.0
146.0
198.0
187.0
199.0
206.0
212.0
214.0
218.0
192.0
114.0
116.0
163.0
145.0
166.0
133.0
56.0
59.0
60.0
57.0
56.0
54.0
53.0
53.0
52.0
52.0
51.0
52.0
51.0
50.0
51.0
51.0
51.0
52.0
51.0
52.0
0.0


49.0
49.0
47.0
48.0
49.0
48.0
48.0
49.0
50.0
49.0
49.0
50.0
50.0
44.0
74.0
155.0
158.0
166.0
165.0
175.0
189.0
199.0
185.0
145.0
151.0
181.0
184.0
183.0
201.0
202.0
204.0
212.0
215.0
218.0
157.0
155.0
164.0
141.0
174.0
136.0
59.0
62.0
59.0
58.0
56.0
54.0
53.0
52.0
51.0
52.0
51.0
51.0
52.0
51.0
51.0
52.0
52.0
52.0
52.0
51.0
0.0


49.0
49.0
48.0
49.0
50.0
49.0
49.0
49.0
49.0
49.0
48.0
49.0
50.0
46.0
64.0
144.0
147.0
140.0
155.0
177.0
189.0
189.0
198.0
211.0
198.0
188.0
181.0
177.0
185.0
206.0
205.0
210.0
212.0
207.0
205.0
168.0
146.0
139.0
175.0
157.0
64.0
61.0
60.0
58.0
56.0
56.0
54.0
53.0
53.0
52.0
52.0
53.0
52.0
52.0
52.0
52.0
52.0
52.0
51.0
51.0
0.0


49.0
49.0
49.0
49.0
49.0
50.0
49.0
50.0
49.0
49.0
49.0
48.0
51.0
48.0
54.0
120.0
139.0
137.0
167.0
181.0
175.0
176.0
180.0
176.0
177.0
182.0
186.0
167.0
158.0
189.0
203.0
205.0
209.0
205.0
206.0
189.0
145.0
139.0
171.0
178.0
74.0
60.0
59.0
58.0
58.0
55.0
53.0
53.0
53.0
52.0
52.0
52.0
51.0
51.0
53.0
52.0
52.0
52.0
53.0
53.0
0.0


49.0
50.0
50.0
49.0
49.0
49.0
49.0
49.0
50.0
50.0
49.0
50.0
50.0
50.0
50.0
107.0
150.0
155.0
161.0
148.0
148.0
158.0
169.0
172.0
181.0
184.0
182.0
159.0
147.0
168.0
192.0
198.0
203.0
203.0
203.0
204.0
189.0
164.0
174.0
194.0
78.0
57.0
60.0
58.0
57.0
54.0
54.0
52.0
53.0
53.0
52.0
52.0
52.0
52.0
51.0
52.0
51.0
52.0
52.0
52.0
0.0


49.0
50.0
49.0
49.0
50.0
49.0
50.0
49.0
48.0
49.0
50.0
51.0
50.0
52.0
47.0
97.0
150.0
129.0
126.0
131.0
141.0
154.0
166.0
175.0
183.0
179.0
171.0
151.0
147.0
156.0
175.0
191.0
198.0
202.0
202.0
202.0
200.0
184.0
176.0
211.0
83.0
57.0
60.0
57.0
57.0
55.0
53.0
53.0
53.0
51.0
51.0
53.0
51.0
53.0
52.0
52.0
53.0
52.0
52.0
53.0
0.0


49.0
49.0
49.0
49.0
49.0
50.0
50.0
49.0
48.0
49.0
49.0
49.0
50.0
54.0
46.0
86.0
137.0
121.0
127.0
131.0
136.0
149.0
164.0
173.0
174.0
172.0
162.0
144.0
145.0
144.0
163.0
178.0
193.0
197.0
199.0
197.0
197.0
194.0
188.0
212.0
84.0
58.0
60.0
58.0
57.0
54.0
54.0
54.0
53.0
53.0
52.0
52.0
52.0
52.0
53.0
53.0
52.0
52.0
52.0
52.0
0.0


49.0
50.0
49.0
49.0
49.0
50.0
50.0
49.0
50.0
50.0
50.0
50.0
50.0
52.0
47.0
77.0
133.0
127.0
128.0
128.0
131.0
142.0
158.0
164.0
165.0
173.0
155.0
143.0
136.0
132.0
160.0
167.0
186.0
192.0
192.0
192.0
195.0
199.0
196.0
207.0
81.0
56.0
60.0
57.0
56.0
55.0
54.0
53.0
53.0
53.0
52.0
53.0
52.0
51.0
53.0
53.0
52.0
51.0
52.0
51.0
0.0


50.0
50.0
49.0
50.0
51.0
50.0
51.0
50.0
50.0
50.0
49.0
50.0
50.0
52.0
48.0
72.0
131.0
126.0
127.0
127.0
125.0
136.0
148.0
152.0
162.0
170.0
146.0
144.0
132.0
120.0
143.0
162.0
181.0
191.0
187.0
188.0
197.0
202.0
207.0
180.0
72.0
57.0
60.0
57.0
56.0
55.0
52.0
52.0
53.0
52.0
52.0
52.0
52.0
52.0
51.0
52.0
52.0
51.0
52.0
52.0
0.0


50.0
49.0
49.0
50.0
50.0
51.0
51.0
51.0
50.0
50.0
50.0
50.0
51.0
53.0
49.0
64.0
129.0
126.0
125.0
122.0
121.0
130.0
141.0
146.0
157.0
156.0
135.0
142.0
131.0
115.0
123.0
157.0
178.0
196.0
188.0
189.0
206.0
201.0
224.0
163.0
65.0
61.0
60.0
58.0
57.0
54.0
53.0
53.0
52.0
53.0
52.0
52.0
52.0
52.0
51.0
52.0
52.0
51.0
52.0
51.0
0.0


50.0
50.0
50.0
52.0
50.0
51.0
50.0
50.0
51.0
50.0
51.0
51.0
51.0
53.0
51.0
59.0
122.0
129.0
123.0
120.0
116.0
124.0
136.0
144.0
154.0
137.0
132.0
139.0
121.0
126.0
117.0
146.0
166.0
185.0
196.0
202.0
216.0
199.0
241.0
151.0
65.0
61.0
61.0
58.0
57.0
55.0
54.0
52.0
52.0
52.0
52.0
52.0
52.0
52.0
52.0
52.0
51.0
51.0
52.0
51.0
0.0


50.0
50.0
51.0
51.0
51.0
52.0
50.0
50.0
52.0
51.0
51.0
51.0
51.0
52.0
53.0
53.0
114.0
137.0
123.0
119.0
113.0
123.0
133.0
137.0
145.0
122.0
134.0
137.0
118.0
126.0
132.0
130.0
160.0
186.0
199.0
212.0
219.0
198.0
244.0
140.0
62.0
62.0
62.0
57.0
56.0
56.0
53.0
54.0
53.0
52.0
52.0
52.0
53.0
50.0
51.0
51.0
52.0
51.0
50.0
51.0
0.0


51.0
51.0
50.0
50.0
50.0
51.0
51.0
51.0
51.0
51.0
51.0
52.0
52.0
52.0
55.0
49.0
97.0
145.0
124.0
118.0
117.0
126.0
127.0
131.0
134.0
116.0
145.0
130.0
121.0
123.0
135.0
148.0
150.0
176.0
200.0
210.0
218.0
199.0
246.0
128.0
60.0
65.0
61.0
57.0
56.0
56.0
53.0
53.0
53.0
52.0
53.0
51.0
51.0
51.0
50.0
51.0
51.0
50.0
50.0
49.0
0.0


50.0
50.0
50.0
50.0
52.0
51.0
51.0
50.0
52.0
53.0
52.0
52.0
53.0
53.0
56.0
51.0
73.0
148.0
130.0
123.0
122.0
124.0
120.0
128.0
124.0
121.0
149.0
125.0
126.0
130.0
133.0
147.0
166.0
176.0
191.0
209.0
215.0
201.0
250.0
112.0
57.0
65.0
60.0
58.0
55.0
54.0
53.0
53.0
53.0
51.0
51.0
51.0
50.0
50.0
48.0
49.0
50.0
47.0
50.0
50.0
0.0


51.0
51.0
50.0
50.0
51.0
51.0
50.0
50.0
54.0
52.0
53.0
52.0
53.0
54.0
55.0
56.0
59.0
135.0
139.0
129.0
130.0
125.0
119.0
119.0
112.0
124.0
142.0
128.0
131.0
137.0
141.0
150.0
164.0
189.0
206.0
213.0
213.0
202.0
245.0
106.0
59.0
64.0
60.0
59.0
56.0
54.0
53.0
53.0
53.0
51.0
50.0
50.0
50.0
48.0
47.0
48.0
49.0
47.0
48.0
49.0
0.0


52.0
51.0
50.0
51.0
51.0
51.0
51.0
53.0
53.0
52.0
53.0
53.0
52.0
54.0
55.0
59.0
52.0
105.0
152.0
130.0
134.0
124.0
115.0
114.0
106.0
129.0
142.0
135.0
138.0
144.0
154.0
162.0
175.0
190.0
206.0
216.0
209.0
211.0
233.0
91.0
61.0
63.0
60.0
59.0
56.0
53.0
53.0
51.0
50.0
50.0
49.0
49.0
50.0
47.0
48.0
48.0
47.0
48.0
48.0
47.0
0.0


51.0
50.0
50.0
51.0
51.0
52.0
51.0
52.0
54.0
52.0
51.0
53.0
54.0
57.0
57.0
59.0
58.0
74.0
152.0
136.0
132.0
124.0
119.0
114.0
105.0
132.0
147.0
139.0
147.0
153.0
163.0
173.0
184.0
199.0
207.0
211.0
204.0
238.0
182.0
70.0
62.0
65.0
60.0
59.0
57.0
54.0
52.0
51.0
51.0
49.0
49.0
50.0
50.0
46.0
47.0
47.0
47.0
47.0
46.0
49.0
0.0


51.0
50.0
50.0
52.0
51.0
52.0
52.0
53.0
53.0
53.0
53.0
53.0
55.0
57.0
60.0
59.0
63.0
59.0
112.0
156.0
132.0
132.0
132.0
123.0
115.0
131.0
152.0
146.0
154.0
163.0
170.0
177.0
193.0
203.0
212.0
213.0
203.0
251.0
132.0
59.0
68.0
64.0
60.0
58.0
57.0
56.0
53.0
51.0
51.0
50.0
51.0
51.0
50.0
49.0
49.0
49.0
49.0
47.0
47.0
49.0
0.0


50.0
52.0
51.0
51.0
51.0
52.0
53.0
52.0
53.0
54.0
54.0
54.0
55.0
57.0
59.0
61.0
64.0
62.0
76.0
149.0
143.0
137.0
141.0
136.0
128.0
130.0
149.0
156.0
162.0
168.0
181.0
188.0
196.0
206.0
215.0
212.0
208.0
245.0
110.0
62.0
69.0
64.0
61.0
58.0
59.0
55.0
54.0
53.0
52.0
53.0
51.0
51.0
51.0
49.0
49.0
51.0
48.0
48.0
51.0
51.0
0.0


50.0
52.0
51.0
51.0
52.0
51.0
51.0
53.0
54.0
54.0
54.0
56.0
56.0
58.0
59.0
62.0
64.0
67.0
62.0
106.0
157.0
139.0
144.0
141.0
141.0
139.0
147.0
158.0
170.0
179.0
191.0
201.0
203.0
212.0
215.0
211.0
211.0
244.0
121.0
66.0
69.0
65.0
63.0
61.0
59.0
57.0
57.0
54.0
53.0
54.0
53.0
52.0
52.0
51.0
52.0
52.0
51.0
51.0
51.0
52.0
0.0


0.0
0.0
0.0
0.0
0.0
0.0
0.0
0.0
0.0
0.0
0.0
0.0
0.0
0.0
0.0
0.0
0.0
0.0
0.0
0.0
0.0
0.0
0.0
0.0
0.0
0.0
0.0
0.0
0.0
0.0
0.0
0.0
0.0
0.0
0.0
0.0
0.0
0.0
0.0
0.0
0.0
0.0
0.0
0.0
0.0
0.0
0.0
0.0
0.0
0.0
0.0
0.0
0.0
0.0
0.0
0.0
0.0
0.0
0.0
0.0
0.0


