49.0
50.0
49.0
48.0
49.0
50.0
50.0
50.0
51.0
51.0
51.0
50.0
51.0
50.0
52.0
53.0
51.0
53.0
50.0
68.0
110.0
69.0
53.0
56.0
49.0
51.0
52.0
53.0
55.0
53.0
53.0
52.0
52.0
52.0
52.0
52.0
51.0
51.0
51.0
51.0
0.0


49.0
50.0
49.0
48.0
49.0
49.0
49.0
49.0
51.0
50.0
51.0
51.0
51.0
52.0
49.0
48.0
51.0
53.0
50.0
101.0
146.0
117.0
51.0
53.0
50.0
50.0
50.0
50.0
50.0
52.0
51.0
51.0
52.0
52.0
51.0
51.0
49.0
48.0
48.0
49.0
0.0


50.0
51.0
49.0
48.0
49.0
49.0
49.0
49.0
51.0
50.0
51.0
50.0
50.0
49.0
66.0
73.0
50.0
51.0
49.0
106.0
156.0
127.0
49.0
51.0
50.0
50.0
52.0
90.0
100.0
58.0
50.0
51.0
52.0
52.0
51.0
51.0
49.0
48.0
47.0
48.0
0.0


49.0
51.0
50.0
49.0
49.0
49.0
49.0
49.0
51.0
51.0
51.0
51.0
50.0
55.0
108.0
145.0
69.0
46.0
53.0
112.0
148.0
144.0
53.0
49.0
50.0
49.0
61.0
128.0
161.0
74.0
47.0
53.0
52.0
51.0
51.0
51.0
48.0
47.0
47.0
48.0
0.0


49.0
50.0
50.0
49.0
49.0
49.0
49.0
49.0
50.0
50.0
51.0
51.0
49.0
57.0
120.0
155.0
75.0
43.0
56.0
119.0
142.0
154.0
57.0
48.0
50.0
46.0
71.0
136.0
161.0
73.0
47.0
52.0
51.0
51.0
51.0
50.0
48.0
48.0
48.0
49.0
0.0


50.0
50.0
49.0
49.0
49.0
49.0
50.0
50.0
49.0
49.0
50.0
49.0
47.0
58.0
126.0
162.0
83.0
42.0
60.0
137.0
150.0
154.0
55.0
48.0
49.0
47.0
87.0
132.0
164.0
74.0
47.0
51.0
50.0
50.0
51.0
52.0
49.0
49.0
49.0
50.0
0.0


50.0
51.0
50.0
50.0
49.0
49.0
49.0
49.0
50.0
50.0
50.0
50.0
46.0
66.0
125.0
153.0
99.0
39.0
64.0
142.0
147.0
158.0
57.0
47.0
49.0
52.0
110.0
134.0
164.0
70.0
48.0
51.0
49.0
50.0
51.0
52.0
51.0
51.0
50.0
51.0
0.0


50.0
50.0
50.0
50.0
49.0
49.0
49.0
50.0
49.0
49.0
49.0
50.0
46.0
68.0
131.0
158.0
108.0
38.0
69.0
142.0
146.0
157.0
56.0
48.0
48.0
59.0
132.0
146.0
163.0
59.0
51.0
50.0
49.0
50.0
52.0
52.0
52.0
53.0
52.0
52.0
0.0


50.0
49.0
50.0
49.0
49.0
50.0
47.0
45.0
48.0
49.0
48.0
49.0
45.0
63.0
139.0
165.0
116.0
38.0
76.0
148.0
153.0
154.0
53.0
50.0
46.0
77.0
132.0
154.0
145.0
51.0
52.0
51.0
51.0
50.0
51.0
52.0
52.0
52.0
52.0
52.0
0.0


50.0
50.0
49.0
48.0
48.0
47.0
64.0
84.0
50.0
48.0
47.0
48.0
45.0
59.0
135.0
163.0
122.0
37.0
83.0
152.0
160.0
149.0
51.0
51.0
47.0
95.0
131.0
168.0
122.0
47.0
53.0
51.0
52.0
50.0
52.0
52.0
51.0
53.0
52.0
52.0
0.0


50.0
49.0
49.0
49.0
48.0
45.0
92.0
169.0
80.0
43.0
47.0
48.0
44.0
57.0
133.0
162.0
131.0
40.0
97.0
164.0
169.0
151.0
53.0
50.0
56.0
119.0
137.0
184.0
104.0
46.0
54.0
51.0
51.0
51.0
52.0
52.0
52.0
53.0
52.0
51.0
0.0


48.0
48.0
49.0
49.0
50.0
42.0
84.0
175.0
118.0
45.0
47.0
48.0
44.0
57.0
131.0
155.0
144.0
47.0
114.0
163.0
171.0
158.0
56.0
47.0
80.0
156.0
147.0
195.0
91.0
47.0
53.0
50.0
51.0
51.0
50.0
51.0
51.0
51.0
51.0
50.0
0.0


48.0
49.0
49.0
49.0
50.0
44.0
73.0
166.0
160.0
60.0
46.0
48.0
44.0
60.0
140.0
159.0
167.0
58.0
106.0
134.0
164.0
138.0
52.0
50.0
98.0
146.0
153.0
203.0
72.0
49.0
53.0
52.0
52.0
51.0
50.0
51.0
49.0
50.0
50.0
49.0
0.0


49.0
48.0
48.0
48.0
48.0
45.0
61.0
150.0
189.0
94.0
42.0
49.0
45.0
61.0
148.0
158.0
184.0
68.0
104.0
132.0
167.0
130.0
49.0
59.0
108.0
123.0
157.0
156.0
55.0
53.0
53.0
52.0
50.0
49.0
50.0
50.0
50.0
50.0
50.0
50.0
0.0


49.0
48.0
48.0
49.0
48.0
49.0
45.0
122.0
173.0
134.0
49.0
48.0
46.0
59.0
124.0
131.0
174.0
78.0
107.0
136.0
171.0
123.0
46.0
74.0
117.0
128.0
183.0
112.0
48.0
55.0
52.0
50.0
50.0
50.0
51.0
50.0
48.0
49.0
49.0
50.0
0.0


48.0
49.0
48.0
48.0
48.0
50.0
43.0
83.0
154.0
160.0
79.0
45.0
49.0
57.0
119.0
126.0
170.0
82.0
111.0
152.0
187.0
108.0
48.0
92.0
127.0
135.0
187.0
80.0
49.0
55.0
52.0
51.0
49.0
48.0
49.0
47.0
49.0
48.0
49.0
49.0
0.0


49.0
49.0
48.0
48.0
47.0
49.0
47.0
57.0
140.0
153.0
139.0
52.0
50.0
53.0
117.0
131.0
167.0
86.0
113.0
155.0
194.0
94.0
51.0
115.0
137.0
146.0
166.0
60.0
53.0
53.0
52.0
50.0
53.0
83.0
95.0
63.0
46.0
49.0
49.0
50.0
0.0


49.0
48.0
47.0
47.0
48.0
48.0
50.0
44.0
110.0
164.0
168.0
73.0
48.0
53.0
113.0
142.0
167.0
97.0
118.0
151.0
171.0
88.0
74.0
138.0
142.0
182.0
126.0
50.0
55.0
54.0
51.0
47.0
96.0
110.0
132.0
86.0
42.0
49.0
48.0
50.0
0.0


48.0
48.0
48.0
48.0
48.0
48.0
49.0
44.0
73.0
143.0
122.0
103.0
52.0
55.0
114.0
150.0
128.0
97.0
107.0
123.0
111.0
91.0
96.0
109.0
123.0
189.0
96.0
50.0
56.0
54.0
46.0
74.0
119.0
113.0
151.0
59.0
46.0
49.0
48.0
49.0
0.0


49.0
48.0
49.0
48.0
49.0
49.0
48.0
48.0
50.0
109.0
106.0
120.0
73.0
56.0
107.0
117.0
104.0
102.0
117.0
116.0
112.0
98.0
106.0
111.0
122.0
176.0
89.0
52.0
57.0
52.0
55.0
113.0
116.0
150.0
104.0
41.0
49.0
48.0
49.0
49.0
0.0


49.0
49.0
49.0
48.0
48.0
48.0
48.0
49.0
46.0
96.0
114.0
104.0
103.0
73.0
86.0
106.0
108.0
116.0
121.0
123.0
112.0
112.0
122.0
126.0
137.0
180.0
88.0
53.0
58.0
49.0
83.0
124.0
115.0
173.0
70.0
41.0
48.0
47.0
48.0
50.0
0.0


48.0
49.0
49.0
48.0
48.0
48.0
48.0
50.0
47.0
71.0
116.0
99.0
87.0
69.0
85.0
109.0
116.0
120.0
126.0
126.0
110.0
121.0
131.0
136.0
138.0
173.0
79.0
55.0
57.0
54.0
118.0
127.0
137.0
176.0
56.0
45.0
47.0
48.0
48.0
49.0
0.0


48.0
48.0
49.0
48.0
48.0
48.0
49.0
50.0
50.0
55.0
115.0
96.0
80.0
85.0
104.0
113.0
123.0
123.0
135.0
119.0
116.0
135.0
126.0
121.0
139.0
173.0
86.0
55.0
55.0
73.0
125.0
125.0
179.0
145.0
45.0
50.0
49.0
49.0
49.0
51.0
0.0


48.0
48.0
48.0
48.0
47.0
48.0
49.0
51.0
51.0
53.0
99.0
95.0
92.0
98.0
108.0
115.0
125.0
135.0
129.0
123.0
135.0
117.0
102.0
116.0
125.0
140.0
118.0
56.0
58.0
99.0
128.0
139.0
234.0
89.0
44.0
52.0
49.0
50.0
51.0
51.0
0.0


49.0
48.0
48.0
48.0
48.0
49.0
51.0
52.0
53.0
50.0
94.0
107.0
94.0
102.0
111.0
124.0
136.0
125.0
125.0
128.0
117.0
103.0
98.0
102.0
114.0
141.0
142.0
61.0
72.0
117.0
130.0
171.0
185.0
55.0
50.0
51.0
51.0
51.0
51.0
51.0
0.0


49.0
49.0
49.0
49.0
48.0
50.0
51.0
53.0
54.0
49.0
84.0
119.0
108.0
117.0
122.0
130.0
125.0
129.0
127.0
112.0
117.0
105.0
101.0
105.0
94.0
108.0
147.0
97.0
92.0
122.0
138.0
204.0
121.0
46.0
53.0
51.0
51.0
51.0
51.0
51.0
0.0


48.0
48.0
48.0
49.0
48.0
51.0
52.0
54.0
54.0
52.0
70.0
134.0
122.0
111.0
112.0
123.0
131.0
137.0
122.0
112.0
112.0
107.0
104.0
94.0
82.0
90.0
101.0
100.0
109.0
125.0
139.0
209.0
83.0
47.0
53.0
52.0
51.0
52.0
52.0
50.0
0.0


49.0
48.0
49.0
49.0
50.0
51.0
54.0
54.0
54.0
53.0
60.0
123.0
115.0
105.0
109.0
127.0
136.0
126.0
112.0
109.0
103.0
99.0
94.0
87.0
83.0
84.0
88.0
91.0
97.0
119.0
146.0
190.0
63.0
52.0
53.0
52.0
52.0
51.0
51.0
50.0
0.0


50.0
49.0
50.0
50.0
49.0
52.0
53.0
54.0
56.0
56.0
57.0
108.0
123.0
111.0
106.0
122.0
128.0
122.0
109.0
107.0
88.0
87.0
87.0
79.0
79.0
79.0
78.0
88.0
105.0
132.0
187.0
168.0
54.0
54.0
53.0
52.0
51.0
51.0
52.0
51.0
0.0


49.0
50.0
50.0
50.0
50.0
53.0
53.0
55.0
57.0
59.0
55.0
101.0
127.0
112.0
105.0
115.0
122.0
117.0
102.0
91.0
78.0
83.0
83.0
81.0
86.0
90.0
95.0
119.0
146.0
173.0
249.0
113.0
50.0
56.0
53.0
53.0
51.0
51.0
51.0
50.0
0.0


50.0
50.0
50.0
51.0
51.0
51.0
53.0
54.0
57.0
59.0
55.0
90.0
137.0
114.0
106.0
114.0
122.0
110.0
90.0
81.0
78.0
87.0
90.0
92.0
95.0
102.0
116.0
139.0
155.0
218.0
155.0
58.0
57.0
55.0
54.0
52.0
51.0
50.0
50.0
50.0
0.0


50.0
51.0
51.0
51.0
50.0
51.0
52.0
55.0
58.0
60.0
58.0
74.0
144.0
123.0
114.0
118.0
119.0
104.0
85.0
80.0
85.0
93.0
98.0
107.0
112.0
125.0
139.0
155.0
205.0
169.0
64.0
56.0
57.0
55.0
52.0
52.0
50.0
50.0
50.0
50.0
0.0


50.0
50.0
51.0
51.0
52.0
53.0
54.0
56.0
58.0
60.0
61.0
62.0
132.0
139.0
126.0
120.0
114.0
101.0
89.0
85.0
93.0
103.0
108.0
120.0
129.0
141.0
156.0
196.0
188.0
72.0
58.0
62.0
57.0
55.0
52.0
51.0
48.0
48.0
48.0
49.0
0.0


52.0
52.0
52.0
51.0
52.0
52.0
53.0
55.0
57.0
60.0
63.0
58.0
102.0
156.0
134.0
126.0
111.0
104.0
100.0
94.0
100.0
113.0
126.0
136.0
148.0
162.0
185.0
211.0
83.0
61.0
66.0
60.0
57.0
53.0
51.0
50.0
48.0
47.0
48.0
49.0
0.0


53.0
52.0
51.0
53.0
52.0
53.0
54.0
55.0
57.0
61.0
63.0
62.0
72.0
147.0
140.0
135.0
126.0
112.0
115.0
114.0
114.0
124.0
141.0
155.0
164.0
183.0
245.0
107.0
65.0
73.0
68.0
63.0
59.0
57.0
54.0
53.0
51.0
50.0
50.0
51.0
0.0


51.0
51.0
51.0
52.0
52.0
53.0
54.0
56.0
58.0
61.0
65.0
67.0
65.0
106.0
154.0
140.0
139.0
131.0
133.0
137.0
141.0
146.0
160.0
176.0
187.0
236.0
134.0
72.0
79.0
75.0
72.0
68.0
64.0
61.0
59.0
57.0
56.0
55.0
55.0
55.0
0.0


52.0
52.0
51.0
52.0
52.0
52.0
54.0
55.0
59.0
61.0
65.0
68.0
70.0
77.0
144.0
148.0
146.0
145.0
147.0
146.0
153.0
173.0
193.0
204.0
217.0
215.0
89.0
80.0
84.0
80.0
76.0
70.0
66.0
64.0
62.0
60.0
59.0
59.0
59.0
58.0
0.0


51.0
52.0
52.0
52.0
52.0
53.0
53.0
56.0
58.0
60.0
64.0
69.0
73.0
70.0
106.0
182.0
166.0
165.0
168.0
172.0
171.0
182.0
204.0
220.0
223.0
237.0
105.0
83.0
84.0
81.0
76.0
70.0
67.0
66.0
64.0
62.0
60.0
60.0
60.0
59.0
0.0


52.0
52.0
52.0
52.0
52.0
53.0
53.0
55.0
58.0
61.0
64.0
69.0
72.0
75.0
75.0
141.0
204.0
190.0
189.0
187.0
190.0
197.0
206.0
216.0
213.0
245.0
133.0
84.0
85.0
80.0
76.0
71.0
68.0
67.0
65.0
63.0
61.0
62.0
62.0
61.0
0.0


52.0
52.0
52.0
53.0
52.0
53.0
54.0
56.0
58.0
60.0
64.0
69.0
71.0
75.0
75.0
92.0
178.0
189.0
188.0
186.0
184.0
190.0
202.0
210.0
209.0
231.0
168.0
90.0
87.0
81.0
75.0
71.0
70.0
68.0
67.0
65.0
63.0
63.0
63.0
62.0
0.0


0.0
0.0
0.0
0.0
0.0
0.0
0.0
0.0
0.0
0.0
0.0
0.0
0.0
0.0
0.0
0.0
0.0
0.0
0.0
0.0
0.0
0.0
0.0
0.0
0.0
0.0
0.0
0.0
0.0
0.0
0.0
0.0
0.0
0.0
0.0
0.0
0.0
0.0
0.0
0.0
0.0


