49.0
50.0
49.0
50.0
51.0
52.0
52.0
52.0
52.0
52.0
52.0
52.0
53.0
53.0
54.0
52.0
49.0
57.0
109.0
131.0
65.0
49.0
51.0
51.0
53.0
52.0
52.0
55.0
52.0
52.0
52.0
52.0
52.0
52.0
51.0
50.0
52.0
53.0
55.0
57.0
0.0


49.0
50.0
50.0
50.0
51.0
52.0
52.0
51.0
53.0
53.0
52.0
53.0
51.0
57.0
51.0
53.0
47.0
71.0
135.0
161.0
81.0
46.0
52.0
52.0
52.0
53.0
79.0
61.0
51.0
53.0
53.0
53.0
51.0
50.0
50.0
50.0
50.0
52.0
54.0
56.0
0.0


50.0
50.0
49.0
50.0
51.0
51.0
52.0
51.0
52.0
53.0
53.0
50.0
63.0
111.0
82.0
49.0
48.0
72.0
149.0
185.0
90.0
46.0
52.0
52.0
49.0
83.0
143.0
107.0
50.0
54.0
54.0
53.0
52.0
50.0
48.0
49.0
50.0
52.0
54.0
55.0
0.0


50.0
49.0
50.0
50.0
50.0
51.0
51.0
51.0
52.0
52.0
53.0
49.0
87.0
143.0
135.0
53.0
47.0
81.0
147.0
179.0
108.0
46.0
51.0
51.0
49.0
107.0
153.0
133.0
53.0
53.0
52.0
52.0
52.0
50.0
48.0
50.0
51.0
52.0
54.0
55.0
0.0


50.0
50.0
50.0
50.0
50.0
51.0
51.0
51.0
52.0
51.0
53.0
48.0
90.0
161.0
140.0
55.0
48.0
88.0
150.0
176.0
112.0
46.0
52.0
52.0
55.0
121.0
158.0
134.0
52.0
54.0
52.0
52.0
52.0
51.0
49.0
51.0
52.0
53.0
55.0
55.0
0.0


49.0
50.0
49.0
50.0
50.0
50.0
51.0
51.0
52.0
51.0
52.0
47.0
99.0
161.0
156.0
59.0
45.0
99.0
165.0
184.0
113.0
46.0
53.0
49.0
67.0
134.0
155.0
134.0
51.0
53.0
52.0
51.0
51.0
51.0
51.0
51.0
53.0
54.0
55.0
55.0
0.0


49.0
50.0
50.0
50.0
49.0
50.0
52.0
50.0
50.0
51.0
51.0
48.0
108.0
149.0
170.0
66.0
44.0
108.0
157.0
179.0
118.0
47.0
53.0
47.0
88.0
149.0
166.0
125.0
49.0
53.0
50.0
51.0
51.0
52.0
52.0
52.0
53.0
53.0
55.0
55.0
0.0


49.0
49.0
50.0
49.0
49.0
48.0
48.0
51.0
49.0
50.0
50.0
46.0
108.0
158.0
184.0
70.0
43.0
118.0
160.0
187.0
113.0
46.0
53.0
51.0
110.0
147.0
193.0
101.0
46.0
52.0
50.0
51.0
52.0
52.0
52.0
52.0
53.0
54.0
54.0
55.0
0.0


49.0
49.0
49.0
50.0
47.0
64.0
81.0
49.0
49.0
49.0
50.0
43.0
104.0
166.0
192.0
74.0
42.0
130.0
164.0
196.0
109.0
47.0
50.0
58.0
128.0
143.0
195.0
83.0
47.0
51.0
51.0
51.0
52.0
52.0
52.0
52.0
53.0
54.0
54.0
55.0
0.0


48.0
49.0
49.0
50.0
47.0
95.0
168.0
74.0
43.0
49.0
49.0
43.0
99.0
164.0
198.0
78.0
45.0
148.0
171.0
203.0
107.0
48.0
49.0
76.0
143.0
149.0
188.0
69.0
49.0
52.0
51.0
52.0
51.0
52.0
52.0
52.0
53.0
54.0
54.0
54.0
0.0


48.0
48.0
48.0
50.0
44.0
95.0
194.0
113.0
42.0
49.0
47.0
42.0
98.0
163.0
200.0
87.0
51.0
177.0
176.0
213.0
114.0
48.0
51.0
108.0
153.0
161.0
174.0
60.0
50.0
52.0
52.0
51.0
51.0
52.0
52.0
52.0
52.0
54.0
54.0
55.0
0.0


48.0
48.0
48.0
50.0
42.0
82.0
194.0
158.0
53.0
44.0
47.0
43.0
100.0
164.0
201.0
102.0
56.0
165.0
150.0
202.0
99.0
45.0
59.0
142.0
161.0
178.0
156.0
54.0
53.0
53.0
51.0
51.0
52.0
52.0
52.0
52.0
52.0
53.0
54.0
54.0
0.0


48.0
48.0
48.0
49.0
44.0
72.0
172.0
203.0
82.0
41.0
49.0
42.0
107.0
181.0
210.0
121.0
60.0
148.0
133.0
191.0
89.0
42.0
78.0
136.0
138.0
197.0
121.0
49.0
55.0
53.0
51.0
51.0
52.0
52.0
52.0
52.0
53.0
53.0
53.0
54.0
0.0


49.0
48.0
47.0
49.0
48.0
52.0
147.0
192.0
120.0
44.0
50.0
44.0
101.0
161.0
174.0
132.0
69.0
151.0
142.0
195.0
84.0
44.0
101.0
134.0
141.0
196.0
82.0
49.0
55.0
52.0
52.0
52.0
52.0
52.0
51.0
52.0
53.0
53.0
54.0
54.0
0.0


48.0
48.0
48.0
47.0
50.0
42.0
104.0
165.0
162.0
67.0
47.0
46.0
90.0
140.0
154.0
139.0
75.0
160.0
155.0
193.0
74.0
55.0
122.0
138.0
161.0
168.0
59.0
52.0
53.0
53.0
50.0
57.0
55.0
51.0
52.0
52.0
52.0
53.0
54.0
54.0
0.0


47.0
47.0
47.0
47.0
49.0
43.0
69.0
162.0
170.0
121.0
47.0
44.0
84.0
147.0
158.0
139.0
75.0
166.0
165.0
178.0
63.0
65.0
139.0
140.0
180.0
129.0
49.0
55.0
53.0
48.0
78.0
107.0
105.0
54.0
51.0
52.0
52.0
52.0
53.0
54.0
0.0


47.0
46.0
47.0
47.0
48.0
47.0
52.0
141.0
174.0
157.0
58.0
43.0
75.0
155.0
166.0
146.0
92.0
161.0
163.0
163.0
60.0
92.0
154.0
148.0
202.0
92.0
47.0
55.0
49.0
66.0
122.0
113.0
129.0
54.0
51.0
52.0
52.0
52.0
53.0
53.0
0.0


47.0
46.0
47.0
47.0
46.0
49.0
44.0
95.0
150.0
138.0
88.0
40.0
74.0
161.0
165.0
137.0
105.0
129.0
128.0
111.0
87.0
109.0
124.0
151.0
183.0
65.0
51.0
54.0
48.0
103.0
117.0
146.0
108.0
45.0
52.0
51.0
52.0
52.0
53.0
53.0
0.0


47.0
46.0
46.0
46.0
47.0
48.0
46.0
64.0
128.0
120.0
126.0
49.0
75.0
142.0
130.0
110.0
114.0
122.0
114.0
103.0
100.0
106.0
113.0
142.0
157.0
59.0
53.0
50.0
68.0
126.0
122.0
164.0
69.0
47.0
51.0
51.0
52.0
52.0
52.0
53.0
0.0


47.0
47.0
47.0
47.0
47.0
48.0
48.0
53.0
122.0
118.0
131.0
87.0
78.0
107.0
116.0
118.0
128.0
125.0
122.0
108.0
114.0
124.0
132.0
152.0
156.0
58.0
54.0
49.0
96.0
127.0
129.0
162.0
57.0
49.0
50.0
51.0
52.0
51.0
52.0
53.0
0.0


47.0
48.0
46.0
47.0
47.0
48.0
51.0
45.0
96.0
123.0
118.0
97.0
79.0
109.0
121.0
126.0
132.0
136.0
124.0
118.0
128.0
137.0
139.0
157.0
141.0
54.0
53.0
56.0
127.0
130.0
150.0
166.0
52.0
49.0
50.0
50.0
51.0
52.0
52.0
53.0
0.0


47.0
47.0
47.0
46.0
47.0
49.0
50.0
44.0
77.0
133.0
99.0
84.0
97.0
120.0
126.0
133.0
136.0
142.0
117.0
126.0
139.0
133.0
132.0
172.0
139.0
54.0
55.0
76.0
129.0
129.0
191.0
135.0
45.0
52.0
50.0
50.0
51.0
51.0
52.0
53.0
0.0


46.0
47.0
47.0
46.0
47.0
48.0
49.0
46.0
70.0
117.0
100.0
101.0
112.0
125.0
130.0
137.0
144.0
127.0
126.0
138.0
115.0
109.0
126.0
126.0
156.0
73.0
52.0
101.0
129.0
145.0
232.0
84.0
44.0
52.0
50.0
50.0
51.0
51.0
52.0
52.0
0.0


47.0
47.0
47.0
47.0
48.0
49.0
50.0
47.0
60.0
118.0
106.0
108.0
116.0
125.0
138.0
141.0
129.0
132.0
130.0
113.0
100.0
103.0
115.0
129.0
159.0
84.0
63.0
116.0
129.0
166.0
184.0
58.0
50.0
51.0
50.0
51.0
51.0
51.0
51.0
51.0
0.0


48.0
48.0
48.0
47.0
48.0
50.0
51.0
50.0
53.0
113.0
115.0
117.0
128.0
138.0
140.0
129.0
135.0
123.0
116.0
114.0
101.0
102.0
99.0
107.0
148.0
118.0
89.0
122.0
132.0
191.0
129.0
46.0
53.0
51.0
51.0
51.0
51.0
51.0
52.0
51.0
0.0


48.0
49.0
48.0
48.0
49.0
51.0
51.0
52.0
51.0
103.0
135.0
124.0
121.0
128.0
131.0
139.0
137.0
117.0
116.0
112.0
106.0
102.0
90.0
97.0
111.0
97.0
101.0
119.0
135.0
203.0
94.0
46.0
54.0
51.0
51.0
51.0
50.0
51.0
51.0
51.0
0.0


48.0
48.0
49.0
48.0
49.0
51.0
52.0
54.0
49.0
86.0
136.0
112.0
111.0
125.0
139.0
139.0
125.0
113.0
109.0
107.0
100.0
95.0
86.0
86.0
90.0
96.0
96.0
119.0
139.0
207.0
75.0
50.0
54.0
52.0
52.0
51.0
51.0
50.0
49.0
48.0
0.0


48.0
48.0
49.0
48.0
51.0
51.0
53.0
53.0
50.0
74.0
131.0
117.0
111.0
122.0
134.0
130.0
118.0
108.0
104.0
90.0
92.0
88.0
84.0
84.0
85.0
93.0
106.0
132.0
166.0
200.0
65.0
53.0
53.0
51.0
51.0
51.0
51.0
49.0
48.0
47.0
0.0


49.0
49.0
49.0
50.0
52.0
53.0
54.0
55.0
51.0
67.0
133.0
118.0
109.0
115.0
127.0
125.0
110.0
98.0
89.0
84.0
90.0
87.0
88.0
91.0
96.0
115.0
144.0
164.0
238.0
142.0
52.0
56.0
53.0
51.0
51.0
51.0
50.0
49.0
48.0
47.0
0.0


49.0
49.0
49.0
51.0
52.0
54.0
55.0
55.0
54.0
60.0
130.0
123.0
109.0
111.0
126.0
122.0
97.0
87.0
84.0
88.0
92.0
93.0
95.0
101.0
115.0
135.0
154.0
185.0
194.0
68.0
53.0
56.0
53.0
52.0
51.0
49.0
50.0
49.0
50.0
50.0
0.0


49.0
50.0
49.0
50.0
50.0
53.0
55.0
55.0
58.0
54.0
115.0
139.0
114.0
117.0
124.0
116.0
91.0
87.0
88.0
92.0
97.0
104.0
112.0
122.0
137.0
150.0
175.0
229.0
83.0
53.0
59.0
54.0
53.0
50.0
50.0
50.0
49.0
49.0
49.0
50.0
0.0


49.0
49.0
49.0
50.0
52.0
53.0
55.0
57.0
60.0
54.0
90.0
155.0
126.0
126.0
121.0
111.0
93.0
91.0
94.0
101.0
105.0
120.0
129.0
137.0
153.0
170.0
241.0
99.0
55.0
61.0
57.0
54.0
51.0
49.0
49.0
48.0
48.0
49.0
49.0
49.0
0.0


51.0
50.0
50.0
51.0
52.0
52.0
56.0
57.0
59.0
58.0
67.0
146.0
140.0
133.0
118.0
108.0
100.0
98.0
99.0
111.0
123.0
132.0
142.0
156.0
169.0
239.0
121.0
57.0
63.0
59.0
55.0
53.0
50.0
48.0
48.0
48.0
49.0
48.0
49.0
50.0
0.0


50.0
50.0
51.0
50.0
51.0
52.0
56.0
58.0
59.0
62.0
57.0
107.0
157.0
136.0
127.0
114.0
112.0
117.0
115.0
122.0
134.0
149.0
158.0
172.0
226.0
162.0
65.0
67.0
63.0
58.0
55.0
52.0
50.0
49.0
49.0
49.0
49.0
49.0
50.0
50.0
0.0


50.0
50.0
50.0
51.0
52.0
52.0
55.0
58.0
61.0
63.0
61.0
74.0
146.0
142.0
143.0
132.0
134.0
137.0
141.0
142.0
152.0
166.0
178.0
201.0
193.0
83.0
67.0
69.0
64.0
58.0
56.0
54.0
52.0
51.0
50.0
50.0
50.0
50.0
50.0
50.0
0.0


49.0
50.0
50.0
51.0
53.0
53.0
56.0
58.0
62.0
63.0
66.0
65.0
113.0
155.0
148.0
151.0
148.0
146.0
155.0
170.0
182.0
196.0
204.0
251.0
103.0
65.0
73.0
69.0
63.0
59.0
57.0
55.0
53.0
52.0
52.0
51.0
50.0
50.0
50.0
50.0
0.0


50.0
50.0
51.0
51.0
53.0
54.0
56.0
57.0
61.0
65.0
67.0
67.0
83.0
168.0
171.0
168.0
165.0
169.0
168.0
180.0
201.0
217.0
216.0
255.0
119.0
67.0
72.0
69.0
63.0
59.0
56.0
55.0
54.0
53.0
52.0
51.0
50.0
50.0
50.0
50.0
0.0


49.0
51.0
52.0
51.0
53.0
54.0
55.0
57.0
61.0
64.0
68.0
70.0
66.0
108.0
207.0
191.0
188.0
185.0
189.0
193.0
204.0
217.0
214.0
246.0
158.0
72.0
71.0
68.0
62.0
58.0
58.0
56.0
54.0
53.0
52.0
52.0
51.0
50.0
50.0
50.0
0.0


50.0
51.0
51.0
51.0
52.0
54.0
56.0
58.0
62.0
65.0
69.0
69.0
72.0
74.0
150.0
201.0
188.0
189.0
187.0
191.0
201.0
210.0
212.0
216.0
202.0
89.0
72.0
70.0
63.0
60.0
59.0
58.0
56.0
54.0
53.0
52.0
53.0
52.0
51.0
52.0
0.0


50.0
50.0
51.0
52.0
52.0
54.0
56.0
58.0
61.0
66.0
69.0
71.0
73.0
71.0
107.0
195.0
177.0
176.0
178.0
179.0
188.0
203.0
210.0
206.0
241.0
114.0
74.0
73.0
67.0
64.0
62.0
60.0
59.0
57.0
56.0
55.0
56.0
55.0
55.0
55.0
0.0


0.0
0.0
0.0
0.0
0.0
0.0
0.0
0.0
0.0
0.0
0.0
0.0
0.0
0.0
0.0
0.0
0.0
0.0
0.0
0.0
0.0
0.0
0.0
0.0
0.0
0.0
0.0
0.0
0.0
0.0
0.0
0.0
0.0
0.0
0.0
0.0
0.0
0.0
0.0
0.0
0.0


