49.0
48.0
48.0
48.0
49.0
50.0
51.0
49.0
51.0
51.0
50.0
51.0
51.0
51.0
51.0
52.0
52.0
53.0
53.0
53.0
53.0
53.0
53.0
53.0
53.0
53.0
52.0
53.0
53.0
52.0
53.0
47.0
99.0
121.0
129.0
165.0
65.0
48.0
52.0
53.0
54.0
53.0
53.0
53.0
53.0
52.0
52.0
52.0
52.0
51.0
49.0
49.0
49.0
48.0
49.0
50.0
50.0
51.0
53.0
55.0
0.0


49.0
48.0
47.0
49.0
49.0
48.0
50.0
50.0
50.0
50.0
51.0
51.0
51.0
51.0
51.0
51.0
53.0
53.0
53.0
53.0
53.0
53.0
53.0
52.0
53.0
53.0
52.0
53.0
53.0
53.0
53.0
46.0
98.0
140.0
130.0
175.0
85.0
45.0
53.0
51.0
52.0
53.0
52.0
52.0
53.0
52.0
53.0
51.0
51.0
51.0
49.0
48.0
49.0
48.0
47.0
49.0
51.0
51.0
53.0
55.0
0.0


49.0
49.0
49.0
49.0
49.0
49.0
50.0
50.0
49.0
50.0
50.0
51.0
51.0
51.0
51.0
52.0
53.0
52.0
53.0
52.0
52.0
52.0
53.0
53.0
53.0
53.0
53.0
54.0
52.0
53.0
53.0
45.0
96.0
152.0
134.0
175.0
103.0
45.0
52.0
52.0
52.0
52.0
52.0
52.0
53.0
52.0
51.0
52.0
52.0
50.0
50.0
49.0
48.0
49.0
49.0
50.0
51.0
50.0
54.0
55.0
0.0


49.0
49.0
49.0
48.0
50.0
50.0
50.0
50.0
50.0
51.0
51.0
51.0
51.0
51.0
52.0
52.0
52.0
52.0
52.0
53.0
53.0
53.0
53.0
54.0
53.0
53.0
53.0
53.0
53.0
52.0
52.0
47.0
100.0
142.0
132.0
168.0
126.0
48.0
53.0
52.0
54.0
53.0
51.0
52.0
52.0
52.0
51.0
52.0
53.0
50.0
49.0
49.0
49.0
50.0
50.0
51.0
51.0
52.0
54.0
54.0
0.0


49.0
48.0
49.0
48.0
49.0
50.0
49.0
50.0
51.0
51.0
51.0
51.0
51.0
51.0
52.0
53.0
53.0
51.0
51.0
53.0
53.0
52.0
52.0
54.0
54.0
53.0
53.0
53.0
53.0
52.0
53.0
48.0
104.0
134.0
132.0
158.0
148.0
54.0
49.0
52.0
53.0
53.0
52.0
52.0
52.0
53.0
51.0
51.0
52.0
51.0
49.0
49.0
49.0
49.0
50.0
52.0
52.0
53.0
54.0
55.0
0.0


49.0
49.0
49.0
49.0
49.0
49.0
50.0
50.0
51.0
51.0
51.0
51.0
51.0
51.0
51.0
51.0
52.0
52.0
51.0
53.0
53.0
53.0
53.0
54.0
53.0
52.0
52.0
54.0
53.0
52.0
53.0
49.0
107.0
130.0
135.0
150.0
162.0
59.0
50.0
53.0
51.0
51.0
52.0
52.0
52.0
52.0
51.0
51.0
53.0
52.0
50.0
50.0
50.0
50.0
50.0
51.0
52.0
53.0
54.0
55.0
0.0


49.0
48.0
48.0
49.0
49.0
49.0
49.0
51.0
51.0
51.0
50.0
51.0
51.0
51.0
51.0
50.0
52.0
52.0
51.0
52.0
53.0
52.0
51.0
52.0
53.0
53.0
52.0
52.0
52.0
52.0
51.0
50.0
115.0
134.0
140.0
151.0
169.0
60.0
47.0
54.0
53.0
53.0
53.0
52.0
50.0
50.0
51.0
51.0
52.0
51.0
51.0
51.0
50.0
51.0
50.0
52.0
54.0
53.0
55.0
56.0
0.0


49.0
50.0
48.0
48.0
49.0
49.0
49.0
50.0
50.0
51.0
51.0
51.0
51.0
51.0
51.0
51.0
52.0
52.0
51.0
52.0
52.0
52.0
53.0
53.0
53.0
52.0
53.0
52.0
51.0
52.0
50.0
51.0
123.0
144.0
148.0
163.0
179.0
60.0
46.0
53.0
53.0
52.0
52.0
51.0
50.0
50.0
51.0
51.0
52.0
53.0
51.0
51.0
51.0
51.0
52.0
52.0
53.0
54.0
55.0
56.0
0.0


50.0
49.0
49.0
48.0
48.0
49.0
49.0
50.0
50.0
50.0
51.0
50.0
51.0
50.0
51.0
52.0
52.0
52.0
51.0
51.0
52.0
52.0
52.0
52.0
53.0
51.0
51.0
52.0
52.0
53.0
51.0
53.0
123.0
138.0
143.0
161.0
179.0
61.0
48.0
52.0
51.0
51.0
51.0
51.0
50.0
50.0
51.0
51.0
54.0
53.0
52.0
53.0
52.0
50.0
53.0
53.0
53.0
54.0
54.0
54.0
0.0


50.0
50.0
49.0
48.0
48.0
49.0
49.0
51.0
51.0
49.0
50.0
50.0
51.0
50.0
50.0
52.0
51.0
51.0
52.0
51.0
53.0
52.0
51.0
52.0
53.0
52.0
50.0
51.0
52.0
52.0
49.0
59.0
127.0
136.0
149.0
166.0
178.0
62.0
48.0
54.0
52.0
51.0
50.0
50.0
50.0
51.0
51.0
51.0
52.0
50.0
52.0
52.0
53.0
52.0
52.0
53.0
53.0
53.0
54.0
55.0
0.0


50.0
49.0
48.0
49.0
49.0
49.0
50.0
52.0
51.0
50.0
51.0
51.0
51.0
50.0
50.0
50.0
51.0
50.0
50.0
51.0
52.0
51.0
51.0
51.0
50.0
51.0
50.0
51.0
51.0
53.0
47.0
61.0
131.0
138.0
149.0
166.0
180.0
60.0
47.0
52.0
52.0
52.0
50.0
50.0
51.0
50.0
51.0
51.0
51.0
51.0
52.0
52.0
52.0
53.0
52.0
53.0
54.0
53.0
54.0
56.0
0.0


49.0
50.0
49.0
49.0
49.0
49.0
51.0
52.0
50.0
50.0
50.0
51.0
50.0
50.0
51.0
51.0
50.0
50.0
51.0
50.0
50.0
50.0
50.0
51.0
51.0
50.0
50.0
51.0
50.0
53.0
45.0
69.0
134.0
139.0
152.0
163.0
188.0
65.0
47.0
53.0
51.0
50.0
50.0
51.0
51.0
53.0
52.0
51.0
52.0
52.0
51.0
53.0
54.0
53.0
53.0
53.0
52.0
54.0
54.0
56.0
0.0


50.0
50.0
49.0
50.0
50.0
51.0
52.0
50.0
49.0
50.0
50.0
51.0
51.0
49.0
50.0
50.0
50.0
51.0
50.0
49.0
50.0
49.0
49.0
49.0
50.0
50.0
49.0
49.0
49.0
51.0
42.0
79.0
137.0
144.0
159.0
164.0
191.0
66.0
46.0
52.0
52.0
50.0
50.0
51.0
51.0
52.0
52.0
52.0
53.0
51.0
51.0
52.0
54.0
52.0
52.0
52.0
53.0
54.0
54.0
56.0
0.0


50.0
50.0
50.0
50.0
51.0
51.0
51.0
49.0
49.0
49.0
50.0
50.0
51.0
49.0
49.0
49.0
49.0
51.0
49.0
50.0
50.0
49.0
48.0
49.0
48.0
50.0
49.0
49.0
50.0
51.0
45.0
92.0
141.0
156.0
160.0
162.0
192.0
64.0
46.0
53.0
52.0
52.0
51.0
50.0
51.0
51.0
51.0
52.0
52.0
51.0
52.0
51.0
51.0
51.0
51.0
52.0
53.0
54.0
54.0
54.0
0.0


50.0
49.0
49.0
50.0
50.0
50.0
49.0
48.0
49.0
49.0
48.0
49.0
49.0
49.0
49.0
49.0
49.0
49.0
48.0
50.0
50.0
49.0
48.0
50.0
50.0
50.0
50.0
49.0
52.0
52.0
47.0
107.0
164.0
169.0
162.0
169.0
187.0
61.0
47.0
55.0
52.0
52.0
51.0
51.0
52.0
51.0
51.0
51.0
51.0
53.0
52.0
52.0
51.0
51.0
52.0
53.0
53.0
53.0
54.0
54.0
0.0


49.0
50.0
49.0
50.0
50.0
49.0
49.0
49.0
49.0
49.0
49.0
49.0
48.0
49.0
48.0
49.0
49.0
49.0
49.0
50.0
50.0
50.0
50.0
49.0
51.0
51.0
50.0
51.0
51.0
52.0
48.0
105.0
159.0
154.0
151.0
180.0
177.0
58.0
50.0
55.0
53.0
51.0
51.0
52.0
52.0
52.0
51.0
52.0
52.0
51.0
51.0
51.0
51.0
51.0
51.0
51.0
53.0
53.0
54.0
54.0
0.0


50.0
50.0
50.0
50.0
50.0
49.0
50.0
49.0
49.0
49.0
49.0
50.0
49.0
48.0
49.0
49.0
49.0
49.0
49.0
50.0
50.0
49.0
50.0
50.0
51.0
52.0
51.0
50.0
53.0
52.0
53.0
101.0
131.0
127.0
128.0
176.0
152.0
52.0
52.0
54.0
53.0
52.0
51.0
51.0
52.0
52.0
51.0
51.0
51.0
50.0
50.0
51.0
51.0
51.0
51.0
52.0
53.0
53.0
53.0
53.0
0.0


50.0
50.0
50.0
50.0
49.0
50.0
50.0
50.0
50.0
49.0
49.0
51.0
49.0
49.0
49.0
49.0
50.0
49.0
49.0
49.0
50.0
50.0
50.0
51.0
51.0
51.0
50.0
51.0
55.0
51.0
58.0
102.0
118.0
117.0
126.0
183.0
133.0
49.0
54.0
53.0
52.0
52.0
51.0
52.0
52.0
52.0
51.0
50.0
51.0
51.0
50.0
51.0
51.0
52.0
50.0
51.0
53.0
53.0
53.0
53.0
0.0


50.0
50.0
50.0
50.0
50.0
50.0
49.0
50.0
49.0
49.0
50.0
50.0
51.0
50.0
49.0
49.0
49.0
49.0
49.0
50.0
50.0
50.0
51.0
51.0
50.0
50.0
50.0
51.0
55.0
50.0
61.0
105.0
115.0
121.0
135.0
199.0
118.0
48.0
53.0
54.0
52.0
51.0
51.0
52.0
52.0
50.0
51.0
51.0
50.0
51.0
51.0
51.0
51.0
51.0
51.0
52.0
53.0
53.0
53.0
53.0
0.0


50.0
50.0
50.0
50.0
51.0
50.0
51.0
52.0
49.0
50.0
49.0
50.0
50.0
49.0
49.0
50.0
51.0
49.0
48.0
50.0
51.0
49.0
49.0
51.0
51.0
52.0
50.0
51.0
54.0
48.0
66.0
115.0
120.0
127.0
143.0
203.0
109.0
47.0
54.0
54.0
53.0
51.0
51.0
51.0
50.0
50.0
49.0
50.0
50.0
50.0
51.0
51.0
52.0
51.0
51.0
52.0
52.0
53.0
52.0
53.0
0.0


49.0
49.0
50.0
51.0
51.0
51.0
51.0
51.0
51.0
51.0
49.0
50.0
49.0
49.0
49.0
49.0
50.0
51.0
52.0
52.0
51.0
49.0
49.0
51.0
48.0
47.0
48.0
53.0
54.0
47.0
71.0
121.0
122.0
133.0
144.0
203.0
102.0
46.0
55.0
55.0
53.0
53.0
50.0
52.0
51.0
51.0
50.0
50.0
50.0
50.0
51.0
50.0
52.0
51.0
52.0
53.0
51.0
52.0
53.0
53.0
0.0


49.0
49.0
49.0
50.0
49.0
50.0
51.0
50.0
51.0
51.0
50.0
50.0
50.0
48.0
48.0
50.0
50.0
44.0
43.0
41.0
47.0
51.0
49.0
45.0
55.0
59.0
46.0
44.0
54.0
46.0
77.0
123.0
128.0
138.0
146.0
203.0
91.0
48.0
55.0
54.0
53.0
52.0
51.0
51.0
51.0
50.0
50.0
51.0
51.0
51.0
51.0
51.0
52.0
51.0
51.0
52.0
51.0
51.0
52.0
52.0
0.0


50.0
50.0
49.0
50.0
50.0
50.0
50.0
51.0
49.0
50.0
49.0
49.0
49.0
48.0
49.0
50.0
46.0
76.0
108.0
92.0
50.0
45.0
44.0
91.0
152.0
160.0
142.0
72.0
45.0
48.0
85.0
134.0
134.0
140.0
149.0
198.0
82.0
47.0
55.0
54.0
53.0
53.0
51.0
50.0
50.0
51.0
51.0
51.0
52.0
51.0
52.0
51.0
52.0
52.0
51.0
52.0
51.0
51.0
51.0
53.0
0.0


48.0
49.0
49.0
50.0
50.0
50.0
50.0
51.0
51.0
51.0
50.0
49.0
50.0
52.0
53.0
44.0
86.0
173.0
161.0
197.0
137.0
41.0
78.0
174.0
161.0
163.0
179.0
198.0
58.0
44.0
88.0
141.0
136.0
140.0
155.0
186.0
74.0
50.0
57.0
54.0
53.0
52.0
51.0
50.0
51.0
50.0
51.0
51.0
51.0
51.0
51.0
52.0
52.0
52.0
52.0
52.0
52.0
52.0
52.0
52.0
0.0


49.0
49.0
49.0
49.0
49.0
49.0
50.0
50.0
50.0
51.0
50.0
52.0
51.0
47.0
43.0
54.0
139.0
158.0
144.0
150.0
225.0
76.0
108.0
181.0
158.0
164.0
165.0
230.0
89.0
42.0
109.0
134.0
136.0
143.0
161.0
181.0
68.0
50.0
56.0
54.0
55.0
52.0
51.0
50.0
50.0
49.0
50.0
51.0
52.0
51.0
51.0
51.0
53.0
52.0
51.0
54.0
52.0
51.0
52.0
52.0
0.0


49.0
48.0
48.0
48.0
49.0
50.0
48.0
50.0
50.0
49.0
51.0
47.0
48.0
68.0
53.0
52.0
150.0
160.0
151.0
150.0
175.0
121.0
121.0
167.0
158.0
157.0
116.0
143.0
113.0
61.0
114.0
120.0
125.0
130.0
151.0
183.0
71.0
51.0
56.0
55.0
54.0
52.0
52.0
51.0
50.0
51.0
50.0
51.0
51.0
50.0
50.0
51.0
51.0
51.0
51.0
52.0
51.0
52.0
52.0
52.0
0.0


49.0
49.0
49.0
48.0
50.0
49.0
50.0
49.0
49.0
51.0
46.0
56.0
120.0
152.0
145.0
88.0
127.0
156.0
142.0
147.0
148.0
166.0
170.0
150.0
156.0
109.0
103.0
140.0
139.0
106.0
110.0
118.0
120.0
120.0
135.0
184.0
81.0
51.0
57.0
54.0
54.0
53.0
52.0
50.0
50.0
50.0
51.0
50.0
50.0
50.0
50.0
51.0
52.0
51.0
51.0
51.0
51.0
51.0
53.0
52.0
0.0


48.0
48.0
49.0
49.0
50.0
50.0
49.0
50.0
50.0
51.0
42.0
100.0
170.0
140.0
148.0
160.0
156.0
142.0
137.0
145.0
145.0
160.0
181.0
147.0
138.0
108.0
137.0
152.0
151.0
136.0
122.0
123.0
129.0
118.0
132.0
200.0
86.0
49.0
58.0
55.0
54.0
53.0
52.0
52.0
51.0
50.0
50.0
51.0
50.0
50.0
50.0
51.0
52.0
52.0
52.0
52.0
52.0
52.0
52.0
52.0
0.0


48.0
49.0
48.0
48.0
49.0
49.0
49.0
49.0
50.0
49.0
45.0
118.0
159.0
139.0
138.0
142.0
182.0
150.0
134.0
141.0
145.0
150.0
178.0
148.0
133.0
134.0
160.0
160.0
163.0
165.0
139.0
128.0
140.0
121.0
143.0
209.0
88.0
50.0
57.0
55.0
54.0
54.0
52.0
52.0
52.0
51.0
50.0
51.0
51.0
50.0
50.0
50.0
51.0
50.0
53.0
52.0
51.0
52.0
53.0
52.0
0.0


49.0
49.0
48.0
48.0
49.0
49.0
49.0
50.0
50.0
47.0
47.0
127.0
158.0
135.0
140.0
134.0
155.0
175.0
137.0
135.0
145.0
146.0
172.0
155.0
139.0
156.0
176.0
177.0
173.0
172.0
175.0
141.0
133.0
124.0
149.0
193.0
94.0
50.0
56.0
54.0
54.0
53.0
51.0
52.0
52.0
50.0
52.0
52.0
51.0
51.0
50.0
52.0
53.0
52.0
52.0
51.0
50.0
52.0
52.0
53.0
0.0


48.0
48.0
47.0
48.0
47.0
49.0
49.0
48.0
50.0
47.0
48.0
134.0
166.0
135.0
135.0
138.0
136.0
167.0
156.0
133.0
145.0
147.0
163.0
167.0
140.0
158.0
181.0
187.0
179.0
194.0
213.0
174.0
132.0
135.0
142.0
177.0
96.0
52.0
58.0
56.0
55.0
53.0
51.0
52.0
51.0
51.0
52.0
51.0
50.0
51.0
51.0
51.0
51.0
51.0
53.0
52.0
50.0
52.0
52.0
53.0
0.0


49.0
48.0
48.0
49.0
48.0
48.0
49.0
48.0
50.0
45.0
50.0
136.0
176.0
146.0
130.0
129.0
134.0
144.0
173.0
145.0
144.0
151.0
159.0
174.0
149.0
158.0
172.0
186.0
193.0
217.0
201.0
201.0
163.0
146.0
145.0
188.0
94.0
51.0
58.0
57.0
53.0
53.0
53.0
52.0
51.0
51.0
51.0
51.0
51.0
51.0
51.0
51.0
51.0
51.0
51.0
51.0
52.0
52.0
52.0
52.0
0.0


49.0
49.0
48.0
49.0
48.0
48.0
47.0
48.0
50.0
46.0
50.0
133.0
179.0
162.0
149.0
131.0
132.0
148.0
182.0
162.0
145.0
151.0
161.0
179.0
161.0
168.0
171.0
187.0
199.0
203.0
201.0
203.0
202.0
151.0
136.0
196.0
101.0
52.0
57.0
62.0
60.0
54.0
52.0
52.0
51.0
51.0
51.0
51.0
51.0
50.0
49.0
51.0
51.0
51.0
50.0
50.0
51.0
51.0
52.0
52.0
0.0


49.0
48.0
48.0
48.0
49.0
48.0
48.0
47.0
49.0
48.0
51.0
131.0
175.0
178.0
168.0
156.0
156.0
180.0
210.0
180.0
157.0
158.0
172.0
192.0
169.0
178.0
173.0
186.0
203.0
204.0
205.0
201.0
218.0
142.0
137.0
195.0
106.0
55.0
57.0
56.0
60.0
54.0
52.0
51.0
51.0
50.0
50.0
51.0
51.0
51.0
50.0
50.0
52.0
51.0
51.0
51.0
52.0
52.0
52.0
53.0
0.0


50.0
49.0
48.0
48.0
48.0
49.0
49.0
48.0
50.0
47.0
51.0
132.0
189.0
204.0
204.0
179.0
195.0
208.0
214.0
204.0
177.0
187.0
205.0
218.0
178.0
178.0
185.0
180.0
205.0
209.0
212.0
211.0
220.0
188.0
153.0
189.0
111.0
53.0
58.0
55.0
52.0
52.0
52.0
52.0
51.0
50.0
50.0
51.0
51.0
50.0
51.0
51.0
51.0
51.0
51.0
51.0
51.0
52.0
50.0
52.0
0.0


50.0
50.0
49.0
49.0
49.0
49.0
48.0
50.0
51.0
48.0
51.0
126.0
164.0
163.0
182.0
190.0
191.0
212.0
217.0
209.0
196.0
210.0
216.0
229.0
186.0
175.0
203.0
181.0
190.0
212.0
216.0
221.0
226.0
213.0
152.0
188.0
114.0
53.0
59.0
56.0
54.0
53.0
52.0
52.0
51.0
51.0
52.0
51.0
51.0
51.0
51.0
52.0
51.0
50.0
52.0
51.0
52.0
51.0
52.0
52.0
0.0


50.0
49.0
50.0
49.0
49.0
49.0
49.0
50.0
50.0
49.0
49.0
117.0
152.0
158.0
187.0
203.0
195.0
198.0
199.0
177.0
197.0
206.0
222.0
219.0
188.0
181.0
203.0
201.0
181.0
208.0
213.0
218.0
224.0
228.0
157.0
177.0
125.0
55.0
59.0
55.0
55.0
53.0
52.0
53.0
52.0
53.0
51.0
51.0
52.0
51.0
52.0
52.0
51.0
51.0
51.0
52.0
52.0
51.0
52.0
53.0
0.0


50.0
50.0
50.0
50.0
50.0
49.0
49.0
49.0
49.0
49.0
46.0
100.0
161.0
166.0
171.0
177.0
195.0
195.0
183.0
172.0
185.0
204.0
200.0
178.0
184.0
191.0
215.0
242.0
186.0
191.0
214.0
214.0
219.0
228.0
178.0
182.0
135.0
56.0
60.0
55.0
55.0
54.0
52.0
53.0
53.0
53.0
51.0
51.0
52.0
52.0
52.0
52.0
52.0
51.0
51.0
52.0
51.0
51.0
52.0
52.0
0.0


50.0
50.0
50.0
50.0
50.0
49.0
50.0
50.0
50.0
52.0
45.0
76.0
143.0
132.0
143.0
174.0
202.0
220.0
190.0
176.0
182.0
197.0
177.0
168.0
184.0
197.0
201.0
205.0
203.0
178.0
209.0
215.0
217.0
219.0
199.0
211.0
136.0
57.0
60.0
57.0
55.0
54.0
53.0
52.0
52.0
52.0
51.0
51.0
53.0
52.0
51.0
51.0
52.0
51.0
50.0
51.0
51.0
51.0
52.0
53.0
0.0


50.0
50.0
50.0
51.0
50.0
50.0
49.0
50.0
49.0
52.0
47.0
60.0
126.0
146.0
166.0
178.0
177.0
181.0
195.0
196.0
202.0
207.0
176.0
169.0
188.0
185.0
155.0
162.0
198.0
175.0
193.0
215.0
213.0
217.0
203.0
239.0
141.0
58.0
59.0
57.0
55.0
53.0
53.0
53.0
53.0
52.0
51.0
52.0
52.0
52.0
53.0
51.0
52.0
52.0
51.0
51.0
52.0
52.0
50.0
51.0
0.0


50.0
50.0
51.0
51.0
50.0
50.0
49.0
50.0
50.0
53.0
49.0
52.0
118.0
144.0
133.0
132.0
143.0
161.0
178.0
194.0
206.0
215.0
189.0
172.0
187.0
162.0
145.0
159.0
189.0
183.0
178.0
211.0
210.0
215.0
206.0
218.0
184.0
67.0
57.0
57.0
55.0
55.0
53.0
53.0
52.0
53.0
52.0
51.0
51.0
52.0
51.0
52.0
51.0
51.0
52.0
51.0
52.0
51.0
48.0
49.0
0.0


50.0
50.0
50.0
50.0
51.0
51.0
51.0
49.0
50.0
52.0
50.0
50.0
110.0
128.0
118.0
125.0
134.0
150.0
169.0
185.0
195.0
187.0
191.0
190.0
188.0
154.0
142.0
155.0
176.0
191.0
173.0
198.0
208.0
212.0
210.0
198.0
242.0
80.0
52.0
58.0
55.0
54.0
52.0
52.0
53.0
52.0
52.0
51.0
51.0
51.0
51.0
51.0
51.0
51.0
53.0
51.0
50.0
50.0
49.0
47.0
0.0


50.0
51.0
50.0
50.0
51.0
51.0
51.0
50.0
50.0
51.0
51.0
48.0
102.0
130.0
123.0
125.0
128.0
140.0
158.0
176.0
172.0
173.0
184.0
180.0
177.0
167.0
141.0
150.0
178.0
192.0
168.0
188.0
205.0
204.0
205.0
197.0
244.0
83.0
51.0
59.0
56.0
55.0
53.0
53.0
53.0
53.0
53.0
52.0
52.0
51.0
52.0
51.0
51.0
51.0
52.0
51.0
50.0
50.0
50.0
48.0
0.0


50.0
52.0
50.0
52.0
53.0
52.0
50.0
51.0
51.0
51.0
53.0
47.0
93.0
131.0
120.0
123.0
125.0
130.0
146.0
155.0
155.0
165.0
177.0
164.0
166.0
175.0
145.0
155.0
179.0
185.0
167.0
185.0
209.0
202.0
203.0
202.0
242.0
82.0
54.0
59.0
55.0
55.0
54.0
53.0
53.0
52.0
53.0
51.0
52.0
52.0
52.0
52.0
52.0
51.0
51.0
51.0
50.0
50.0
50.0
51.0
0.0


51.0
52.0
52.0
52.0
52.0
53.0
51.0
52.0
51.0
50.0
53.0
46.0
87.0
136.0
121.0
120.0
117.0
122.0
133.0
141.0
148.0
156.0
161.0
148.0
162.0
152.0
133.0
152.0
156.0
149.0
170.0
175.0
201.0
205.0
205.0
208.0
229.0
85.0
54.0
59.0
56.0
54.0
53.0
53.0
52.0
53.0
52.0
52.0
52.0
50.0
51.0
52.0
52.0
51.0
51.0
51.0
51.0
51.0
50.0
50.0
0.0


52.0
52.0
51.0
52.0
52.0
52.0
51.0
52.0
52.0
51.0
54.0
46.0
75.0
140.0
122.0
117.0
111.0
109.0
120.0
134.0
144.0
149.0
142.0
136.0
159.0
134.0
125.0
142.0
147.0
130.0
147.0
180.0
189.0
203.0
213.0
212.0
213.0
76.0
53.0
59.0
57.0
55.0
54.0
53.0
52.0
52.0
52.0
51.0
52.0
51.0
50.0
51.0
50.0
50.0
51.0
51.0
50.0
50.0
51.0
51.0
0.0


52.0
51.0
51.0
53.0
52.0
52.0
52.0
52.0
52.0
53.0
54.0
50.0
64.0
137.0
127.0
118.0
111.0
105.0
112.0
124.0
129.0
137.0
121.0
133.0
148.0
122.0
124.0
131.0
134.0
142.0
142.0
170.0
203.0
210.0
213.0
216.0
198.0
69.0
57.0
59.0
57.0
56.0
53.0
53.0
52.0
51.0
52.0
50.0
52.0
51.0
50.0
50.0
50.0
51.0
51.0
49.0
50.0
50.0
51.0
52.0
0.0


51.0
52.0
52.0
53.0
53.0
53.0
52.0
53.0
54.0
53.0
53.0
53.0
53.0
122.0
137.0
121.0
115.0
111.0
116.0
114.0
117.0
122.0
104.0
135.0
131.0
118.0
123.0
128.0
130.0
139.0
156.0
166.0
185.0
211.0
211.0
221.0
182.0
68.0
59.0
58.0
57.0
55.0
53.0
53.0
53.0
52.0
50.0
51.0
51.0
50.0
50.0
49.0
52.0
50.0
49.0
49.0
50.0
51.0
51.0
52.0
0.0


52.0
52.0
52.0
52.0
53.0
53.0
53.0
53.0
53.0
54.0
53.0
56.0
49.0
98.0
152.0
127.0
124.0
120.0
118.0
111.0
115.0
112.0
102.0
136.0
123.0
121.0
126.0
133.0
138.0
145.0
156.0
178.0
195.0
209.0
206.0
228.0
168.0
65.0
61.0
58.0
57.0
56.0
53.0
52.0
53.0
52.0
52.0
50.0
50.0
49.0
50.0
49.0
50.0
50.0
49.0
49.0
50.0
50.0
51.0
52.0
0.0


52.0
53.0
53.0
52.0
53.0
53.0
53.0
53.0
53.0
53.0
54.0
57.0
52.0
72.0
155.0
133.0
130.0
129.0
122.0
114.0
112.0
106.0
106.0
135.0
124.0
131.0
135.0
139.0
146.0
157.0
167.0
182.0
205.0
217.0
200.0
247.0
140.0
57.0
61.0
60.0
58.0
55.0
54.0
53.0
51.0
52.0
51.0
51.0
50.0
49.0
49.0
48.0
49.0
49.0
49.0
51.0
50.0
50.0
51.0
51.0
0.0


53.0
53.0
53.0
53.0
54.0
53.0
53.0
54.0
55.0
54.0
56.0
57.0
57.0
56.0
126.0
149.0
132.0
134.0
128.0
116.0
111.0
105.0
114.0
141.0
129.0
135.0
140.0
150.0
158.0
169.0
179.0
195.0
205.0
211.0
197.0
255.0
102.0
58.0
62.0
59.0
58.0
56.0
54.0
53.0
52.0
51.0
51.0
51.0
49.0
49.0
49.0
49.0
48.0
50.0
50.0
51.0
50.0
52.0
51.0
51.0
0.0


53.0
53.0
52.0
53.0
53.0
53.0
54.0
54.0
54.0
55.0
56.0
57.0
60.0
53.0
86.0
161.0
135.0
136.0
127.0
120.0
115.0
108.0
114.0
144.0
138.0
143.0
150.0
162.0
168.0
176.0
188.0
202.0
211.0
204.0
216.0
194.0
73.0
62.0
62.0
60.0
58.0
58.0
55.0
52.0
53.0
52.0
50.0
50.0
52.0
50.0
49.0
49.0
49.0
49.0
51.0
51.0
51.0
52.0
51.0
53.0
0.0


53.0
53.0
53.0
54.0
55.0
53.0
54.0
54.0
54.0
55.0
56.0
58.0
60.0
60.0
60.0
129.0
154.0
136.0
132.0
130.0
126.0
119.0
123.0
141.0
147.0
153.0
160.0
168.0
179.0
183.0
195.0
206.0
217.0
200.0
248.0
133.0
62.0
65.0
64.0
60.0
59.0
57.0
56.0
53.0
53.0
53.0
52.0
52.0
53.0
51.0
51.0
51.0
51.0
50.0
51.0
52.0
52.0
52.0
52.0
52.0
0.0


53.0
54.0
53.0
55.0
55.0
53.0
55.0
55.0
55.0
56.0
56.0
59.0
61.0
62.0
56.0
86.0
158.0
144.0
137.0
139.0
137.0
132.0
133.0
140.0
155.0
161.0
172.0
178.0
191.0
202.0
205.0
213.0
214.0
204.0
244.0
104.0
61.0
67.0
64.0
62.0
59.0
58.0
56.0
55.0
55.0
53.0
53.0
53.0
52.0
51.0
51.0
51.0
52.0
53.0
50.0
52.0
52.0
52.0
52.0
52.0
0.0


53.0
54.0
54.0
54.0
55.0
54.0
54.0
54.0
55.0
57.0
57.0
61.0
61.0
62.0
64.0
66.0
123.0
155.0
141.0
145.0
144.0
146.0
144.0
146.0
153.0
166.0
180.0
189.0
198.0
205.0
210.0
215.0
214.0
206.0
239.0
112.0
63.0
67.0
66.0
62.0
60.0
59.0
57.0
56.0
56.0
56.0
55.0
54.0
53.0
52.0
53.0
53.0
54.0
54.0
53.0
54.0
53.0
52.0
53.0
54.0
0.0


53.0
53.0
53.0
54.0
57.0
55.0
55.0
54.0
56.0
59.0
58.0
61.0
63.0
64.0
67.0
63.0
83.0
153.0
148.0
147.0
153.0
156.0
154.0
156.0
160.0
167.0
178.0
190.0
199.0
205.0
210.0
214.0
218.0
205.0
244.0
143.0
68.0
68.0
67.0
64.0
62.0
60.0
58.0
57.0
57.0
56.0
56.0
57.0
56.0
54.0
54.0
54.0
55.0
54.0
54.0
53.0
55.0
54.0
53.0
53.0
0.0


53.0
54.0
54.0
54.0
56.0
56.0
56.0
56.0
56.0
59.0
59.0
61.0
65.0
67.0
67.0
70.0
63.0
118.0
174.0
156.0
164.0
166.0
166.0
170.0
178.0
182.0
180.0
187.0
196.0
205.0
216.0
221.0
223.0
212.0
224.0
187.0
82.0
69.0
69.0
64.0
63.0
62.0
59.0
59.0
58.0
57.0
55.0
57.0
57.0
56.0
56.0
55.0
55.0
55.0
55.0
55.0
54.0
54.0
54.0
54.0
0.0


53.0
53.0
53.0
53.0
55.0
56.0
55.0
55.0
56.0
58.0
60.0
63.0
64.0
65.0
66.0
70.0
67.0
76.0
159.0
182.0
178.0
185.0
189.0
190.0
188.0
188.0
189.0
191.0
194.0
204.0
213.0
217.0
220.0
218.0
204.0
241.0
104.0
65.0
69.0
65.0
63.0
60.0
60.0
60.0
58.0
58.0
57.0
57.0
58.0
56.0
56.0
57.0
55.0
56.0
56.0
55.0
56.0
54.0
53.0
55.0
0.0


54.0
53.0
52.0
54.0
55.0
56.0
55.0
56.0
57.0
59.0
61.0
64.0
65.0
65.0
66.0
67.0
71.0
67.0
91.0
182.0
193.0
199.0
200.0
199.0
195.0
196.0
195.0
197.0
202.0
207.0
214.0
216.0
216.0
218.0
204.0
243.0
139.0
68.0
68.0
65.0
63.0
61.0
61.0
60.0
58.0
60.0
58.0
56.0
56.0
56.0
56.0
56.0
57.0
56.0
55.0
56.0
57.0
55.0
54.0
55.0
0.0


54.0
54.0
54.0
54.0
56.0
56.0
56.0
55.0
58.0
58.0
61.0
64.0
64.0
67.0
67.0
68.0
70.0
75.0
68.0
121.0
209.0
191.0
198.0
196.0
199.0
198.0
195.0
197.0
203.0
208.0
213.0
212.0
214.0
215.0
208.0
217.0
185.0
79.0
64.0
67.0
65.0
62.0
61.0
60.0
60.0
59.0
58.0
57.0
56.0
56.0
57.0
56.0
56.0
56.0
56.0
56.0
56.0
54.0
55.0
56.0
0.0


0.0
0.0
0.0
0.0
0.0
0.0
0.0
0.0
0.0
0.0
0.0
0.0
0.0
0.0
0.0
0.0
0.0
0.0
0.0
0.0
0.0
0.0
0.0
0.0
0.0
0.0
0.0
0.0
0.0
0.0
0.0
0.0
0.0
0.0
0.0
0.0
0.0
0.0
0.0
0.0
0.0
0.0
0.0
0.0
0.0
0.0
0.0
0.0
0.0
0.0
0.0
0.0
0.0
0.0
0.0
0.0
0.0
0.0
0.0
0.0
0.0


