49.0
50.0
50.0
49.0
50.0
52.0
50.0
51.0
51.0
51.0
51.0
51.0
52.0
51.0
50.0
51.0
52.0
51.0
53.0
52.0
52.0
50.0
46.0
50.0
52.0
50.0
51.0
48.0
59.0
120.0
108.0
142.0
121.0
48.0
51.0
51.0
51.0
52.0
53.0
51.0
54.0
57.0
52.0
52.0
53.0
52.0
51.0
52.0
52.0
52.0
51.0
49.0
49.0
49.0
48.0
49.0
49.0
51.0
52.0
53.0
0.0


49.0
49.0
49.0
49.0
49.0
51.0
50.0
51.0
52.0
51.0
52.0
52.0
52.0
51.0
52.0
52.0
51.0
52.0
53.0
52.0
49.0
65.0
78.0
53.0
48.0
51.0
51.0
45.0
72.0
136.0
118.0
153.0
142.0
50.0
49.0
51.0
52.0
52.0
53.0
51.0
56.0
61.0
52.0
53.0
52.0
51.0
51.0
51.0
52.0
52.0
51.0
48.0
50.0
49.0
48.0
48.0
48.0
50.0
51.0
52.0
0.0


49.0
50.0
50.0
49.0
49.0
50.0
50.0
50.0
52.0
51.0
51.0
50.0
51.0
51.0
51.0
52.0
51.0
52.0
53.0
50.0
68.0
105.0
129.0
110.0
50.0
50.0
52.0
45.0
78.0
143.0
130.0
175.0
139.0
49.0
51.0
51.0
52.0
52.0
52.0
52.0
53.0
51.0
50.0
48.0
52.0
52.0
51.0
51.0
51.0
52.0
51.0
49.0
47.0
48.0
47.0
48.0
49.0
50.0
51.0
52.0
0.0


49.0
50.0
49.0
49.0
50.0
50.0
50.0
50.0
50.0
51.0
51.0
50.0
51.0
51.0
49.0
51.0
51.0
52.0
53.0
49.0
94.0
119.0
116.0
166.0
64.0
46.0
52.0
44.0
88.0
144.0
138.0
179.0
143.0
50.0
51.0
51.0
51.0
52.0
52.0
52.0
48.0
63.0
87.0
67.0
48.0
54.0
52.0
52.0
51.0
50.0
51.0
50.0
48.0
48.0
47.0
49.0
51.0
50.0
50.0
52.0
0.0


49.0
50.0
49.0
49.0
49.0
51.0
49.0
50.0
50.0
50.0
51.0
51.0
52.0
51.0
51.0
51.0
52.0
52.0
53.0
48.0
98.0
133.0
132.0
164.0
62.0
47.0
51.0
46.0
104.0
134.0
138.0
170.0
155.0
54.0
50.0
50.0
50.0
51.0
52.0
48.0
62.0
111.0
127.0
135.0
60.0
50.0
54.0
51.0
51.0
51.0
51.0
50.0
48.0
47.0
49.0
49.0
50.0
49.0
51.0
52.0
0.0


47.0
48.0
50.0
48.0
50.0
50.0
50.0
50.0
50.0
50.0
50.0
50.0
51.0
52.0
53.0
51.0
51.0
53.0
51.0
50.0
109.0
138.0
145.0
165.0
59.0
48.0
50.0
51.0
115.0
133.0
142.0
164.0
164.0
58.0
49.0
50.0
49.0
52.0
52.0
46.0
86.0
131.0
120.0
164.0
89.0
44.0
54.0
50.0
52.0
52.0
50.0
48.0
48.0
46.0
48.0
50.0
49.0
49.0
51.0
53.0
0.0


49.0
49.0
49.0
49.0
48.0
49.0
50.0
50.0
50.0
51.0
50.0
50.0
51.0
51.0
51.0
51.0
52.0
52.0
50.0
54.0
121.0
137.0
146.0
173.0
61.0
49.0
49.0
57.0
126.0
135.0
144.0
167.0
156.0
54.0
48.0
50.0
50.0
52.0
51.0
47.0
104.0
145.0
137.0
182.0
92.0
44.0
54.0
50.0
51.0
50.0
50.0
48.0
48.0
48.0
49.0
50.0
50.0
51.0
51.0
53.0
0.0


49.0
49.0
49.0
49.0
49.0
49.0
50.0
50.0
49.0
51.0
51.0
51.0
51.0
50.0
50.0
50.0
50.0
53.0
47.0
62.0
130.0
132.0
144.0
174.0
65.0
48.0
45.0
66.0
148.0
147.0
149.0
181.0
142.0
49.0
50.0
51.0
50.0
50.0
49.0
54.0
128.0
141.0
147.0
188.0
80.0
45.0
53.0
50.0
50.0
50.0
52.0
50.0
49.0
49.0
49.0
51.0
52.0
52.0
52.0
54.0
0.0


50.0
49.0
49.0
49.0
49.0
50.0
49.0
49.0
50.0
51.0
50.0
50.0
50.0
51.0
52.0
51.0
50.0
53.0
46.0
76.0
132.0
128.0
144.0
180.0
70.0
48.0
45.0
80.0
152.0
146.0
152.0
198.0
134.0
46.0
52.0
50.0
50.0
52.0
45.0
76.0
138.0
133.0
153.0
187.0
73.0
45.0
53.0
49.0
51.0
51.0
51.0
50.0
49.0
49.0
50.0
50.0
51.0
52.0
53.0
54.0
0.0


50.0
50.0
49.0
49.0
48.0
48.0
49.0
50.0
51.0
51.0
50.0
49.0
49.0
50.0
49.0
50.0
50.0
53.0
45.0
83.0
134.0
129.0
147.0
181.0
69.0
48.0
46.0
92.0
147.0
142.0
147.0
190.0
133.0
47.0
50.0
49.0
50.0
52.0
47.0
103.0
133.0
138.0
155.0
183.0
66.0
46.0
52.0
49.0
50.0
51.0
51.0
51.0
50.0
50.0
51.0
51.0
52.0
53.0
53.0
53.0
0.0


49.0
51.0
50.0
49.0
49.0
50.0
49.0
45.0
49.0
51.0
47.0
49.0
50.0
49.0
50.0
48.0
49.0
53.0
42.0
82.0
150.0
141.0
159.0
187.0
65.0
45.0
48.0
104.0
147.0
146.0
150.0
201.0
120.0
45.0
51.0
50.0
51.0
47.0
55.0
126.0
132.0
144.0
158.0
168.0
57.0
48.0
50.0
50.0
51.0
52.0
51.0
51.0
52.0
51.0
51.0
51.0
53.0
53.0
53.0
53.0
0.0


49.0
50.0
50.0
48.0
50.0
47.0
50.0
71.0
63.0
47.0
49.0
49.0
49.0
49.0
49.0
48.0
48.0
52.0
44.0
85.0
150.0
140.0
159.0
187.0
64.0
42.0
49.0
116.0
150.0
149.0
155.0
211.0
101.0
45.0
51.0
50.0
53.0
44.0
79.0
153.0
141.0
148.0
175.0
142.0
49.0
51.0
49.0
51.0
52.0
51.0
51.0
51.0
52.0
52.0
52.0
51.0
51.0
53.0
53.0
53.0
0.0


49.0
49.0
49.0
49.0
49.0
45.0
71.0
122.0
136.0
70.0
44.0
49.0
48.0
49.0
48.0
48.0
49.0
52.0
45.0
88.0
150.0
144.0
160.0
182.0
60.0
37.0
57.0
134.0
147.0
152.0
158.0
212.0
89.0
44.0
54.0
51.0
50.0
47.0
110.0
142.0
148.0
160.0
226.0
107.0
43.0
52.0
49.0
52.0
51.0
50.0
50.0
51.0
52.0
51.0
52.0
52.0
52.0
53.0
52.0
53.0
0.0


49.0
48.0
48.0
49.0
49.0
46.0
88.0
127.0
144.0
121.0
42.0
49.0
48.0
49.0
48.0
47.0
48.0
50.0
43.0
90.0
145.0
145.0
163.0
176.0
58.0
35.0
67.0
147.0
148.0
158.0
164.0
206.0
77.0
44.0
52.0
52.0
46.0
59.0
128.0
132.0
148.0
159.0
228.0
75.0
45.0
51.0
49.0
51.0
51.0
51.0
51.0
51.0
51.0
52.0
52.0
52.0
53.0
52.0
53.0
54.0
0.0


49.0
50.0
48.0
48.0
50.0
45.0
83.0
157.0
141.0
153.0
53.0
44.0
47.0
47.0
47.0
46.0
48.0
49.0
42.0
96.0
146.0
147.0
164.0
179.0
57.0
35.0
82.0
154.0
153.0
161.0
169.0
195.0
66.0
46.0
53.0
54.0
45.0
85.0
133.0
136.0
153.0
178.0
176.0
56.0
50.0
51.0
49.0
49.0
51.0
51.0
52.0
51.0
51.0
51.0
52.0
52.0
52.0
52.0
53.0
53.0
0.0


48.0
50.0
49.0
49.0
50.0
45.0
68.0
161.0
152.0
185.0
78.0
39.0
50.0
46.0
46.0
45.0
48.0
50.0
45.0
103.0
141.0
148.0
164.0
184.0
57.0
39.0
105.0
167.0
162.0
169.0
176.0
193.0
68.0
47.0
56.0
50.0
55.0
116.0
130.0
140.0
155.0
204.0
136.0
44.0
51.0
50.0
50.0
50.0
52.0
51.0
51.0
51.0
51.0
51.0
51.0
52.0
52.0
52.0
54.0
52.0
0.0


48.0
49.0
48.0
49.0
50.0
46.0
64.0
154.0
156.0
178.0
117.0
41.0
49.0
47.0
46.0
46.0
48.0
47.0
47.0
110.0
139.0
154.0
159.0
194.0
63.0
43.0
129.0
168.0
159.0
163.0
189.0
193.0
66.0
49.0
56.0
47.0
81.0
133.0
136.0
151.0
159.0
230.0
107.0
45.0
52.0
50.0
50.0
51.0
51.0
52.0
51.0
50.0
51.0
51.0
51.0
53.0
52.0
52.0
51.0
52.0
0.0


49.0
48.0
49.0
48.0
50.0
46.0
55.0
147.0
159.0
163.0
160.0
58.0
43.0
48.0
46.0
46.0
48.0
47.0
51.0
119.0
142.0
166.0
160.0
208.0
72.0
49.0
135.0
142.0
147.0
156.0
197.0
158.0
55.0
51.0
53.0
54.0
120.0
143.0
144.0
158.0
168.0
233.0
81.0
45.0
52.0
51.0
50.0
52.0
52.0
51.0
51.0
50.0
50.0
51.0
50.0
50.0
52.0
52.0
51.0
52.0
0.0


49.0
48.0
48.0
49.0
49.0
48.0
48.0
128.0
165.0
156.0
201.0
83.0
41.0
50.0
45.0
46.0
49.0
46.0
52.0
133.0
157.0
174.0
168.0
231.0
80.0
55.0
136.0
121.0
132.0
146.0
200.0
125.0
46.0
54.0
49.0
74.0
154.0
152.0
163.0
160.0
182.0
200.0
64.0
46.0
53.0
51.0
50.0
51.0
52.0
52.0
50.0
50.0
51.0
51.0
50.0
50.0
50.0
52.0
52.0
52.0
0.0


48.0
49.0
49.0
48.0
49.0
51.0
42.0
97.0
182.0
156.0
185.0
115.0
43.0
48.0
47.0
47.0
48.0
44.0
55.0
130.0
149.0
160.0
163.0
230.0
77.0
59.0
139.0
123.0
139.0
152.0
210.0
112.0
46.0
54.0
50.0
100.0
143.0
151.0
161.0
170.0
218.0
157.0
54.0
48.0
52.0
52.0
51.0
51.0
51.0
51.0
50.0
50.0
51.0
51.0
51.0
52.0
51.0
52.0
51.0
51.0
0.0


48.0
49.0
49.0
48.0
48.0
52.0
44.0
67.0
160.0
147.0
151.0
151.0
59.0
45.0
50.0
46.0
49.0
46.0
55.0
119.0
125.0
139.0
150.0
215.0
81.0
68.0
146.0
127.0
146.0
158.0
206.0
98.0
46.0
51.0
64.0
122.0
128.0
144.0
159.0
175.0
238.0
107.0
46.0
54.0
52.0
51.0
51.0
52.0
51.0
49.0
51.0
50.0
50.0
50.0
51.0
51.0
51.0
51.0
51.0
51.0
0.0


49.0
48.0
48.0
48.0
48.0
52.0
49.0
50.0
127.0
151.0
143.0
172.0
95.0
43.0
50.0
46.0
48.0
46.0
54.0
119.0
122.0
136.0
150.0
212.0
82.0
77.0
150.0
130.0
150.0
166.0
200.0
82.0
49.0
51.0
88.0
126.0
128.0
142.0
153.0
185.0
191.0
67.0
48.0
53.0
52.0
52.0
49.0
50.0
51.0
50.0
49.0
50.0
50.0
51.0
51.0
50.0
50.0
50.0
51.0
50.0
0.0


48.0
48.0
48.0
49.0
49.0
49.0
51.0
42.0
99.0
158.0
143.0
156.0
150.0
56.0
46.0
49.0
49.0
47.0
54.0
120.0
124.0
140.0
153.0
204.0
76.0
81.0
161.0
139.0
156.0
177.0
174.0
67.0
51.0
59.0
113.0
127.0
137.0
152.0
165.0
229.0
123.0
45.0
54.0
52.0
52.0
52.0
51.0
50.0
50.0
50.0
49.0
50.0
50.0
50.0
50.0
49.0
50.0
51.0
50.0
50.0
0.0


49.0
49.0
49.0
49.0
49.0
48.0
51.0
43.0
69.0
155.0
146.0
148.0
184.0
99.0
45.0
49.0
50.0
47.0
54.0
122.0
129.0
144.0
157.0
197.0
73.0
87.0
175.0
158.0
172.0
197.0
145.0
57.0
51.0
72.0
128.0
125.0
145.0
159.0
175.0
213.0
77.0
45.0
56.0
51.0
52.0
52.0
51.0
50.0
49.0
49.0
49.0
50.0
49.0
50.0
50.0
49.0
52.0
50.0
51.0
52.0
0.0


49.0
49.0
49.0
49.0
49.0
48.0
50.0
47.0
47.0
137.0
151.0
159.0
178.0
135.0
48.0
49.0
50.0
47.0
52.0
121.0
137.0
151.0
161.0
186.0
69.0
102.0
153.0
151.0
164.0
193.0
125.0
54.0
53.0
92.0
137.0
137.0
153.0
161.0
196.0
157.0
51.0
53.0
54.0
53.0
52.0
52.0
51.0
50.0
51.0
49.0
49.0
50.0
49.0
48.0
49.0
50.0
51.0
50.0
51.0
51.0
0.0


49.0
49.0
49.0
48.0
49.0
49.0
48.0
51.0
42.0
108.0
169.0
154.0
144.0
142.0
66.0
46.0
50.0
49.0
51.0
121.0
124.0
137.0
170.0
177.0
75.0
124.0
156.0
160.0
166.0
198.0
112.0
48.0
58.0
116.0
151.0
148.0
155.0
163.0
232.0
100.0
43.0
56.0
52.0
53.0
52.0
51.0
51.0
50.0
50.0
50.0
49.0
49.0
49.0
48.0
49.0
49.0
50.0
51.0
52.0
52.0
0.0


48.0
49.0
49.0
48.0
49.0
48.0
48.0
51.0
45.0
64.0
149.0
130.0
120.0
134.0
103.0
45.0
54.0
48.0
56.0
107.0
112.0
128.0
144.0
141.0
95.0
111.0
144.0
145.0
138.0
158.0
103.0
54.0
102.0
152.0
156.0
157.0
160.0
179.0
195.0
62.0
49.0
55.0
54.0
55.0
52.0
51.0
51.0
51.0
50.0
49.0
49.0
49.0
49.0
49.0
50.0
49.0
52.0
50.0
52.0
52.0
0.0


49.0
49.0
49.0
49.0
49.0
49.0
50.0
49.0
50.0
47.0
109.0
123.0
113.0
120.0
134.0
66.0
49.0
49.0
66.0
114.0
123.0
133.0
142.0
122.0
99.0
120.0
122.0
112.0
105.0
98.0
92.0
93.0
121.0
134.0
145.0
161.0
171.0
230.0
129.0
45.0
57.0
55.0
54.0
53.0
53.0
51.0
50.0
50.0
49.0
50.0
50.0
49.0
49.0
49.0
49.0
49.0
51.0
52.0
51.0
52.0
0.0


49.0
48.0
48.0
48.0
48.0
49.0
50.0
49.0
51.0
46.0
93.0
135.0
109.0
113.0
127.0
101.0
48.0
46.0
74.0
133.0
142.0
141.0
145.0
159.0
142.0
121.0
120.0
117.0
109.0
102.0
96.0
103.0
113.0
116.0
123.0
142.0
168.0
235.0
88.0
47.0
58.0
54.0
54.0
54.0
53.0
52.0
50.0
49.0
49.0
49.0
50.0
49.0
49.0
48.0
49.0
50.0
49.0
51.0
51.0
50.0
0.0


49.0
47.0
48.0
48.0
50.0
49.0
49.0
50.0
50.0
45.0
71.0
138.0
109.0
112.0
115.0
124.0
71.0
66.0
86.0
125.0
158.0
152.0
153.0
147.0
182.0
168.0
118.0
114.0
118.0
108.0
103.0
114.0
119.0
121.0
128.0
139.0
170.0
209.0
70.0
51.0
56.0
54.0
54.0
54.0
52.0
52.0
50.0
49.0
49.0
49.0
49.0
49.0
48.0
48.0
48.0
50.0
51.0
52.0
51.0
51.0
0.0


49.0
49.0
48.0
49.0
48.0
49.0
50.0
49.0
51.0
48.0
55.0
121.0
117.0
107.0
108.0
111.0
95.0
83.0
83.0
114.0
156.0
156.0
155.0
163.0
193.0
202.0
172.0
128.0
111.0
107.0
115.0
127.0
128.0
138.0
133.0
151.0
187.0
182.0
61.0
52.0
55.0
56.0
55.0
53.0
51.0
50.0
49.0
50.0
49.0
49.0
47.0
48.0
49.0
49.0
48.0
49.0
50.0
51.0
50.0
51.0
0.0


48.0
49.0
48.0
49.0
48.0
49.0
50.0
50.0
51.0
52.0
48.0
99.0
121.0
107.0
109.0
96.0
72.0
69.0
93.0
114.0
138.0
160.0
157.0
173.0
184.0
178.0
195.0
191.0
122.0
121.0
136.0
127.0
131.0
135.0
136.0
172.0
197.0
165.0
58.0
56.0
57.0
55.0
54.0
53.0
53.0
51.0
49.0
48.0
48.0
48.0
48.0
47.0
49.0
49.0
48.0
48.0
49.0
50.0
51.0
51.0
0.0


48.0
48.0
48.0
48.0
50.0
49.0
50.0
50.0
52.0
53.0
45.0
77.0
133.0
116.0
96.0
83.0
80.0
88.0
108.0
122.0
127.0
155.0
169.0
169.0
176.0
179.0
182.0
203.0
181.0
127.0
125.0
124.0
136.0
113.0
146.0
157.0
207.0
142.0
54.0
58.0
57.0
55.0
54.0
53.0
52.0
51.0
50.0
50.0
49.0
48.0
48.0
48.0
48.0
49.0
46.0
47.0
49.0
51.0
51.0
50.0
0.0


48.0
48.0
48.0
48.0
50.0
49.0
50.0
51.0
51.0
53.0
48.0
71.0
127.0
100.0
92.0
94.0
92.0
102.0
118.0
132.0
132.0
145.0
168.0
178.0
182.0
186.0
192.0
189.0
217.0
159.0
119.0
141.0
122.0
128.0
159.0
143.0
235.0
112.0
52.0
58.0
59.0
55.0
53.0
54.0
52.0
51.0
50.0
50.0
50.0
50.0
49.0
49.0
49.0
49.0
49.0
50.0
50.0
50.0
50.0
52.0
0.0


48.0
48.0
49.0
48.0
48.0
49.0
50.0
51.0
53.0
54.0
48.0
66.0
109.0
98.0
97.0
94.0
95.0
105.0
120.0
131.0
137.0
143.0
151.0
174.0
183.0
185.0
194.0
197.0
203.0
209.0
149.0
117.0
130.0
156.0
138.0
163.0
208.0
92.0
53.0
57.0
62.0
67.0
57.0
53.0
53.0
52.0
52.0
49.0
49.0
50.0
50.0
50.0
49.0
49.0
49.0
51.0
51.0
50.0
49.0
51.0
0.0


48.0
49.0
50.0
49.0
48.0
49.0
49.0
51.0
52.0
53.0
49.0
59.0
115.0
107.0
95.0
95.0
99.0
110.0
124.0
133.0
138.0
146.0
154.0
165.0
181.0
181.0
184.0
192.0
196.0
213.0
182.0
120.0
119.0
109.0
147.0
149.0
174.0
86.0
54.0
60.0
57.0
59.0
57.0
52.0
53.0
53.0
51.0
51.0
50.0
51.0
50.0
49.0
49.0
49.0
48.0
51.0
51.0
50.0
50.0
51.0
0.0


48.0
49.0
50.0
49.0
49.0
50.0
50.0
52.0
51.0
54.0
51.0
52.0
109.0
114.0
99.0
103.0
106.0
112.0
124.0
134.0
148.0
160.0
157.0
145.0
162.0
190.0
183.0
185.0
195.0
196.0
222.0
152.0
102.0
148.0
162.0
140.0
189.0
83.0
55.0
61.0
58.0
54.0
55.0
53.0
53.0
54.0
51.0
50.0
52.0
51.0
51.0
49.0
50.0
51.0
51.0
51.0
51.0
51.0
50.0
50.0
0.0


50.0
50.0
49.0
50.0
50.0
50.0
51.0
52.0
52.0
54.0
52.0
50.0
101.0
123.0
102.0
105.0
113.0
124.0
133.0
148.0
159.0
149.0
144.0
143.0
147.0
168.0
186.0
184.0
188.0
195.0
195.0
196.0
175.0
167.0
150.0
146.0
198.0
84.0
57.0
62.0
59.0
56.0
54.0
53.0
52.0
53.0
52.0
51.0
51.0
50.0
50.0
50.0
50.0
52.0
51.0
51.0
50.0
50.0
51.0
51.0
0.0


50.0
50.0
50.0
50.0
51.0
51.0
52.0
53.0
54.0
53.0
55.0
49.0
86.0
128.0
115.0
123.0
128.0
126.0
130.0
140.0
143.0
146.0
151.0
156.0
144.0
132.0
169.0
181.0
180.0
185.0
189.0
192.0
192.0
167.0
142.0
147.0
207.0
94.0
56.0
62.0
56.0
56.0
55.0
54.0
53.0
53.0
52.0
51.0
50.0
50.0
51.0
51.0
50.0
51.0
51.0
50.0
51.0
51.0
51.0
51.0
0.0


50.0
50.0
49.0
50.0
52.0
52.0
53.0
53.0
53.0
53.0
56.0
48.0
77.0
136.0
127.0
118.0
109.0
107.0
121.0
133.0
145.0
155.0
160.0
160.0
143.0
130.0
146.0
173.0
177.0
178.0
185.0
187.0
190.0
191.0
157.0
146.0
217.0
107.0
57.0
62.0
57.0
57.0
55.0
53.0
54.0
52.0
52.0
50.0
52.0
51.0
50.0
52.0
50.0
51.0
51.0
51.0
51.0
51.0
50.0
50.0
0.0


51.0
50.0
50.0
50.0
51.0
53.0
54.0
54.0
54.0
54.0
57.0
50.0
68.0
128.0
115.0
107.0
107.0
109.0
124.0
135.0
147.0
159.0
161.0
154.0
145.0
139.0
141.0
153.0
171.0
177.0
178.0
184.0
187.0
189.0
188.0
166.0
212.0
116.0
60.0
62.0
58.0
57.0
55.0
55.0
53.0
52.0
52.0
52.0
52.0
51.0
50.0
52.0
50.0
50.0
51.0
51.0
50.0
50.0
51.0
51.0
0.0


50.0
49.0
51.0
51.0
50.0
53.0
54.0
53.0
56.0
53.0
56.0
53.0
63.0
120.0
117.0
111.0
108.0
107.0
118.0
136.0
147.0
153.0
149.0
146.0
136.0
143.0
129.0
135.0
156.0
168.0
176.0
178.0
181.0
183.0
188.0
177.0
229.0
121.0
59.0
61.0
57.0
56.0
55.0
54.0
52.0
52.0
51.0
51.0
51.0
51.0
51.0
51.0
51.0
50.0
51.0
51.0
51.0
50.0
49.0
50.0
0.0


50.0
50.0
50.0
50.0
51.0
52.0
54.0
54.0
54.0
56.0
56.0
55.0
60.0
114.0
121.0
113.0
109.0
105.0
116.0
135.0
142.0
145.0
146.0
139.0
129.0
141.0
105.0
120.0
150.0
156.0
174.0
176.0
178.0
178.0
186.0
182.0
238.0
119.0
58.0
61.0
57.0
56.0
55.0
53.0
53.0
51.0
52.0
52.0
50.0
50.0
51.0
51.0
52.0
51.0
50.0
51.0
50.0
50.0
49.0
48.0
0.0


50.0
51.0
51.0
52.0
52.0
52.0
54.0
55.0
55.0
56.0
57.0
56.0
57.0
111.0
125.0
113.0
110.0
104.0
113.0
129.0
134.0
142.0
145.0
130.0
123.0
129.0
89.0
98.0
135.0
156.0
169.0
172.0
171.0
174.0
187.0
190.0
242.0
110.0
57.0
59.0
57.0
58.0
55.0
54.0
52.0
51.0
50.0
51.0
51.0
51.0
51.0
51.0
51.0
51.0
51.0
51.0
50.0
50.0
49.0
48.0
0.0


51.0
51.0
51.0
52.0
52.0
52.0
54.0
54.0
57.0
58.0
58.0
57.0
55.0
108.0
126.0
113.0
109.0
105.0
110.0
122.0
128.0
137.0
136.0
117.0
122.0
113.0
94.0
93.0
126.0
150.0
173.0
174.0
171.0
177.0
196.0
197.0
230.0
94.0
58.0
61.0
57.0
56.0
55.0
53.0
52.0
51.0
51.0
52.0
51.0
50.0
50.0
51.0
50.0
50.0
51.0
50.0
50.0
49.0
49.0
48.0
0.0


51.0
50.0
52.0
50.0
51.0
53.0
53.0
56.0
56.0
58.0
59.0
60.0
52.0
101.0
133.0
116.0
111.0
102.0
107.0
121.0
127.0
135.0
119.0
109.0
120.0
107.0
104.0
108.0
121.0
149.0
167.0
187.0
186.0
197.0
207.0
203.0
210.0
83.0
58.0
61.0
57.0
56.0
55.0
53.0
53.0
52.0
52.0
51.0
51.0
50.0
49.0
49.0
50.0
51.0
50.0
50.0
50.0
50.0
49.0
49.0
0.0


50.0
51.0
52.0
52.0
52.0
53.0
54.0
56.0
57.0
58.0
58.0
62.0
51.0
86.0
143.0
121.0
114.0
104.0
109.0
119.0
123.0
129.0
107.0
110.0
121.0
109.0
110.0
123.0
124.0
140.0
156.0
181.0
195.0
210.0
206.0
210.0
193.0
77.0
60.0
62.0
59.0
56.0
55.0
53.0
53.0
53.0
52.0
52.0
52.0
51.0
50.0
50.0
50.0
51.0
50.0
49.0
50.0
50.0
51.0
49.0
0.0


51.0
52.0
52.0
52.0
52.0
53.0
55.0
54.0
57.0
59.0
58.0
61.0
56.0
73.0
145.0
127.0
118.0
110.0
114.0
116.0
118.0
122.0
101.0
117.0
123.0
114.0
114.0
122.0
137.0
138.0
157.0
175.0
197.0
212.0
203.0
220.0
177.0
74.0
61.0
61.0
59.0
58.0
54.0
53.0
52.0
52.0
51.0
52.0
52.0
51.0
49.0
50.0
50.0
50.0
50.0
49.0
50.0
49.0
51.0
50.0
0.0


51.0
51.0
53.0
52.0
51.0
52.0
53.0
56.0
57.0
60.0
59.0
60.0
60.0
61.0
135.0
136.0
125.0
116.0
116.0
111.0
115.0
115.0
102.0
124.0
119.0
119.0
122.0
127.0
138.0
150.0
162.0
180.0
194.0
210.0
199.0
241.0
159.0
67.0
63.0
61.0
57.0
57.0
55.0
53.0
52.0
51.0
52.0
52.0
50.0
50.0
49.0
49.0
49.0
48.0
49.0
48.0
49.0
49.0
50.0
49.0
0.0


51.0
52.0
53.0
51.0
52.0
53.0
54.0
55.0
56.0
59.0
60.0
61.0
63.0
56.0
114.0
148.0
128.0
129.0
123.0
113.0
111.0
106.0
107.0
122.0
119.0
126.0
130.0
134.0
141.0
155.0
173.0
189.0
203.0
211.0
197.0
246.0
138.0
63.0
63.0
61.0
59.0
56.0
55.0
53.0
52.0
51.0
50.0
50.0
50.0
50.0
48.0
49.0
49.0
47.0
46.0
47.0
48.0
48.0
48.0
49.0
0.0


51.0
53.0
53.0
52.0
53.0
53.0
54.0
55.0
56.0
57.0
59.0
60.0
63.0
57.0
86.0
155.0
131.0
135.0
126.0
114.0
109.0
104.0
114.0
124.0
125.0
135.0
135.0
144.0
150.0
162.0
176.0
198.0
209.0
210.0
197.0
247.0
119.0
61.0
65.0
60.0
59.0
57.0
54.0
52.0
52.0
51.0
50.0
50.0
49.0
48.0
45.0
47.0
47.0
47.0
47.0
48.0
48.0
49.0
49.0
50.0
0.0


52.0
53.0
53.0
52.0
53.0
54.0
54.0
55.0
56.0
58.0
60.0
62.0
61.0
62.0
65.0
140.0
142.0
135.0
129.0
119.0
111.0
103.0
117.0
133.0
129.0
142.0
144.0
154.0
163.0
172.0
188.0
202.0
211.0
208.0
205.0
242.0
97.0
60.0
65.0
61.0
58.0
57.0
53.0
52.0
52.0
49.0
49.0
48.0
47.0
47.0
45.0
46.0
47.0
47.0
46.0
47.0
48.0
49.0
49.0
51.0
0.0


52.0
51.0
53.0
53.0
54.0
54.0
53.0
55.0
57.0
59.0
59.0
62.0
63.0
66.0
60.0
103.0
156.0
133.0
135.0
131.0
124.0
113.0
120.0
142.0
135.0
149.0
156.0
163.0
172.0
182.0
196.0
206.0
215.0
206.0
231.0
180.0
70.0
63.0
67.0
60.0
58.0
57.0
53.0
51.0
51.0
50.0
48.0
48.0
47.0
46.0
47.0
47.0
47.0
46.0
46.0
46.0
49.0
49.0
49.0
49.0
0.0


51.0
52.0
53.0
53.0
53.0
55.0
54.0
54.0
56.0
60.0
60.0
62.0
65.0
65.0
64.0
77.0
145.0
141.0
138.0
140.0
135.0
130.0
131.0
141.0
146.0
152.0
162.0
170.0
179.0
191.0
203.0
213.0
219.0
204.0
251.0
133.0
59.0
67.0
64.0
61.0
60.0
57.0
55.0
52.0
51.0
51.0
50.0
49.0
49.0
48.0
48.0
47.0
48.0
47.0
47.0
47.0
49.0
49.0
49.0
50.0
0.0


52.0
52.0
54.0
53.0
56.0
55.0
55.0
55.0
55.0
57.0
60.0
61.0
65.0
66.0
67.0
67.0
115.0
149.0
136.0
145.0
139.0
146.0
144.0
141.0
147.0
161.0
169.0
176.0
192.0
199.0
209.0
215.0
215.0
207.0
246.0
105.0
62.0
70.0
64.0
62.0
59.0
59.0
57.0
54.0
52.0
51.0
50.0
50.0
50.0
50.0
48.0
48.0
49.0
49.0
48.0
48.0
48.0
49.0
50.0
51.0
0.0


53.0
51.0
53.0
53.0
56.0
55.0
55.0
56.0
55.0
57.0
59.0
63.0
66.0
68.0
69.0
65.0
88.0
150.0
139.0
145.0
148.0
155.0
150.0
151.0
145.0
157.0
183.0
189.0
196.0
206.0
213.0
217.0
214.0
212.0
245.0
110.0
64.0
71.0
65.0
63.0
60.0
58.0
56.0
55.0
54.0
54.0
53.0
51.0
52.0
52.0
49.0
50.0
51.0
49.0
50.0
50.0
50.0
51.0
51.0
51.0
0.0


51.0
51.0
51.0
52.0
54.0
56.0
55.0
56.0
56.0
58.0
61.0
64.0
66.0
67.0
70.0
70.0
71.0
135.0
162.0
155.0
159.0
159.0
154.0
160.0
166.0
160.0
174.0
196.0
202.0
209.0
215.0
218.0
221.0
215.0
246.0
137.0
70.0
71.0
68.0
66.0
64.0
59.0
60.0
58.0
57.0
56.0
55.0
55.0
55.0
53.0
53.0
52.0
53.0
52.0
52.0
52.0
52.0
53.0
52.0
53.0
0.0


51.0
52.0
52.0
52.0
53.0
57.0
55.0
54.0
57.0
59.0
60.0
63.0
68.0
68.0
68.0
72.0
67.0
97.0
177.0
174.0
175.0
177.0
170.0
169.0
176.0
178.0
179.0
188.0
198.0
210.0
220.0
225.0
226.0
217.0
241.0
170.0
80.0
72.0
71.0
67.0
66.0
63.0
62.0
59.0
59.0
57.0
56.0
57.0
56.0
55.0
54.0
54.0
55.0
55.0
54.0
54.0
54.0
53.0
54.0
56.0
0.0


53.0
53.0
52.0
53.0
53.0
56.0
57.0
56.0
56.0
60.0
61.0
62.0
67.0
68.0
69.0
70.0
73.0
71.0
131.0
196.0
191.0
197.0
189.0
180.0
178.0
180.0
186.0
191.0
195.0
206.0
216.0
220.0
221.0
216.0
219.0
206.0
99.0
70.0
73.0
67.0
65.0
64.0
62.0
60.0
60.0
60.0
60.0
56.0
58.0
59.0
56.0
55.0
56.0
56.0
55.0
56.0
57.0
57.0
56.0
56.0
0.0


52.0
54.0
55.0
52.0
52.0
55.0
57.0
58.0
57.0
57.0
63.0
63.0
67.0
69.0
68.0
70.0
75.0
73.0
86.0
170.0
189.0
194.0
194.0
192.0
195.0
192.0
190.0
195.0
202.0
210.0
214.0
216.0
219.0
218.0
208.0
241.0
130.0
72.0
72.0
69.0
65.0
66.0
63.0
61.0
61.0
60.0
59.0
58.0
59.0
58.0
57.0
56.0
57.0
57.0
57.0
57.0
57.0
59.0
56.0
56.0
0.0


0.0
0.0
0.0
0.0
0.0
0.0
0.0
0.0
0.0
0.0
0.0
0.0
0.0
0.0
0.0
0.0
0.0
0.0
0.0
0.0
0.0
0.0
0.0
0.0
0.0
0.0
0.0
0.0
0.0
0.0
0.0
0.0
0.0
0.0
0.0
0.0
0.0
0.0
0.0
0.0
0.0
0.0
0.0
0.0
0.0
0.0
0.0
0.0
0.0
0.0
0.0
0.0
0.0
0.0
0.0
0.0
0.0
0.0
0.0
0.0
0.0


