50.0
49.0
50.0
51.0
52.0
51.0
53.0
52.0
52.0
53.0
53.0
53.0
53.0
52.0
52.0
52.0
52.0
53.0
53.0
55.0
54.0
52.0
52.0
52.0
46.0
95.0
128.0
115.0
168.0
96.0
46.0
54.0
50.0
51.0
51.0
53.0
52.0
52.0
50.0
56.0
57.0
53.0
53.0
51.0
53.0
53.0
52.0
52.0
52.0
51.0
50.0
52.0
51.0
49.0
50.0
50.0
52.0
53.0
53.0
56.0
0.0


50.0
50.0
50.0
50.0
51.0
51.0
53.0
53.0
50.0
51.0
52.0
53.0
53.0
52.0
53.0
53.0
52.0
51.0
59.0
53.0
50.0
53.0
52.0
52.0
47.0
102.0
145.0
133.0
192.0
103.0
46.0
53.0
51.0
52.0
52.0
52.0
53.0
49.0
70.0
101.0
78.0
49.0
53.0
53.0
53.0
53.0
53.0
53.0
52.0
50.0
50.0
50.0
50.0
50.0
50.0
51.0
51.0
52.0
54.0
56.0
0.0


50.0
50.0
50.0
51.0
51.0
50.0
50.0
52.0
51.0
51.0
53.0
53.0
53.0
52.0
52.0
53.0
50.0
68.0
107.0
100.0
55.0
49.0
54.0
51.0
48.0
103.0
153.0
144.0
200.0
112.0
47.0
53.0
51.0
51.0
51.0
53.0
49.0
64.0
119.0
120.0
145.0
70.0
49.0
55.0
53.0
53.0
54.0
52.0
52.0
51.0
50.0
49.0
48.0
49.0
50.0
51.0
51.0
52.0
54.0
55.0
0.0


49.0
49.0
50.0
50.0
51.0
51.0
51.0
52.0
51.0
52.0
52.0
52.0
53.0
52.0
53.0
52.0
55.0
106.0
110.0
154.0
104.0
46.0
52.0
51.0
50.0
109.0
149.0
148.0
195.0
131.0
49.0
52.0
51.0
51.0
50.0
53.0
47.0
86.0
134.0
118.0
167.0
100.0
46.0
55.0
53.0
53.0
53.0
53.0
53.0
51.0
50.0
49.0
48.0
49.0
49.0
50.0
52.0
53.0
54.0
55.0
0.0


49.0
50.0
50.0
50.0
50.0
51.0
51.0
51.0
51.0
51.0
52.0
53.0
52.0
52.0
54.0
50.0
61.0
131.0
119.0
153.0
133.0
50.0
52.0
50.0
54.0
119.0
142.0
146.0
178.0
154.0
56.0
50.0
51.0
49.0
50.0
53.0
46.0
98.0
148.0
134.0
179.0
103.0
47.0
57.0
52.0
52.0
52.0
52.0
52.0
52.0
51.0
48.0
48.0
49.0
50.0
52.0
52.0
53.0
54.0
55.0
0.0


50.0
50.0
50.0
50.0
50.0
50.0
52.0
51.0
51.0
51.0
52.0
52.0
51.0
51.0
54.0
51.0
58.0
134.0
131.0
167.0
134.0
51.0
53.0
50.0
58.0
124.0
143.0
148.0
169.0
160.0
59.0
49.0
52.0
50.0
52.0
54.0
49.0
114.0
144.0
140.0
187.0
102.0
47.0
56.0
52.0
51.0
52.0
52.0
52.0
52.0
51.0
50.0
49.0
50.0
52.0
53.0
52.0
53.0
55.0
55.0
0.0


50.0
50.0
49.0
51.0
50.0
50.0
51.0
51.0
51.0
52.0
53.0
51.0
51.0
52.0
53.0
49.0
61.0
138.0
141.0
172.0
144.0
52.0
53.0
49.0
59.0
131.0
147.0
149.0
176.0
155.0
57.0
49.0
51.0
53.0
54.0
49.0
61.0
131.0
133.0
145.0
190.0
102.0
45.0
56.0
53.0
52.0
52.0
51.0
52.0
51.0
51.0
51.0
49.0
50.0
52.0
52.0
53.0
54.0
55.0
55.0
0.0


50.0
49.0
50.0
50.0
50.0
50.0
50.0
51.0
52.0
52.0
52.0
51.0
51.0
51.0
52.0
47.0
67.0
147.0
142.0
162.0
166.0
57.0
49.0
50.0
64.0
150.0
161.0
155.0
184.0
159.0
56.0
49.0
52.0
51.0
54.0
47.0
77.0
136.0
136.0
144.0
194.0
99.0
45.0
56.0
52.0
52.0
51.0
51.0
51.0
51.0
51.0
51.0
51.0
50.0
52.0
53.0
54.0
55.0
54.0
55.0
0.0


50.0
51.0
50.0
50.0
50.0
49.0
50.0
52.0
51.0
50.0
51.0
52.0
51.0
51.0
53.0
46.0
78.0
144.0
141.0
154.0
183.0
67.0
49.0
48.0
69.0
151.0
152.0
155.0
176.0
170.0
60.0
49.0
53.0
49.0
53.0
47.0
97.0
137.0
139.0
144.0
196.0
94.0
47.0
55.0
51.0
52.0
50.0
50.0
51.0
52.0
52.0
52.0
52.0
52.0
52.0
53.0
53.0
54.0
55.0
55.0
0.0


51.0
50.0
49.0
49.0
49.0
50.0
50.0
51.0
50.0
49.0
50.0
51.0
51.0
50.0
53.0
43.0
83.0
143.0
140.0
154.0
198.0
74.0
48.0
47.0
78.0
153.0
146.0
152.0
173.0
169.0
61.0
49.0
52.0
51.0
51.0
52.0
125.0
148.0
150.0
152.0
204.0
79.0
47.0
54.0
51.0
51.0
51.0
51.0
51.0
51.0
52.0
52.0
52.0
52.0
52.0
52.0
53.0
54.0
55.0
55.0
0.0


49.0
50.0
49.0
49.0
49.0
50.0
50.0
53.0
53.0
50.0
49.0
50.0
50.0
49.0
52.0
43.0
79.0
148.0
142.0
154.0
208.0
79.0
45.0
46.0
81.0
161.0
150.0
159.0
178.0
162.0
58.0
50.0
52.0
53.0
49.0
66.0
138.0
140.0
152.0
173.0
186.0
60.0
50.0
52.0
49.0
50.0
50.0
50.0
52.0
52.0
52.0
52.0
52.0
52.0
53.0
53.0
54.0
54.0
54.0
55.0
0.0


49.0
49.0
49.0
50.0
49.0
48.0
49.0
50.0
49.0
49.0
49.0
50.0
50.0
48.0
52.0
42.0
73.0
158.0
154.0
162.0
227.0
86.0
42.0
44.0
90.0
170.0
153.0
162.0
184.0
158.0
57.0
50.0
51.0
52.0
48.0
85.0
138.0
138.0
150.0
180.0
154.0
51.0
51.0
52.0
50.0
51.0
50.0
50.0
52.0
52.0
51.0
54.0
53.0
52.0
52.0
52.0
54.0
54.0
54.0
54.0
0.0


49.0
50.0
49.0
51.0
47.0
55.0
93.0
88.0
48.0
49.0
51.0
48.0
50.0
49.0
51.0
42.0
69.0
155.0
151.0
157.0
225.0
91.0
42.0
44.0
96.0
177.0
154.0
162.0
188.0
155.0
56.0
50.0
52.0
51.0
50.0
104.0
137.0
142.0
152.0
201.0
130.0
50.0
54.0
50.0
50.0
51.0
51.0
51.0
51.0
52.0
51.0
52.0
52.0
53.0
52.0
53.0
54.0
55.0
55.0
54.0
0.0


49.0
49.0
49.0
52.0
46.0
76.0
122.0
147.0
96.0
41.0
51.0
48.0
49.0
48.0
51.0
43.0
66.0
150.0
154.0
159.0
224.0
99.0
41.0
46.0
110.0
178.0
161.0
167.0
197.0
149.0
53.0
50.0
55.0
47.0
58.0
125.0
135.0
144.0
152.0
218.0
107.0
45.0
55.0
51.0
51.0
51.0
51.0
52.0
52.0
52.0
52.0
52.0
52.0
52.0
53.0
53.0
53.0
54.0
54.0
54.0
0.0


49.0
49.0
49.0
50.0
45.0
89.0
139.0
144.0
142.0
50.0
46.0
51.0
47.0
46.0
49.0
42.0
64.0
148.0
155.0
160.0
219.0
108.0
40.0
48.0
125.0
183.0
171.0
169.0
194.0
155.0
56.0
51.0
53.0
47.0
80.0
138.0
138.0
153.0
158.0
228.0
92.0
44.0
54.0
51.0
52.0
51.0
51.0
51.0
51.0
51.0
51.0
53.0
51.0
53.0
52.0
53.0
54.0
54.0
54.0
54.0
0.0


48.0
48.0
49.0
52.0
44.0
77.0
159.0
153.0
174.0
72.0
41.0
51.0
47.0
45.0
48.0
42.0
65.0
148.0
153.0
162.0
203.0
126.0
42.0
51.0
144.0
195.0
173.0
172.0
200.0
164.0
59.0
52.0
52.0
52.0
107.0
142.0
144.0
159.0
164.0
222.0
77.0
47.0
54.0
52.0
52.0
51.0
52.0
51.0
50.0
51.0
52.0
52.0
52.0
52.0
52.0
53.0
54.0
54.0
54.0
54.0
0.0


48.0
48.0
49.0
52.0
42.0
62.0
160.0
162.0
199.0
106.0
39.0
49.0
46.0
45.0
51.0
41.0
65.0
148.0
153.0
164.0
192.0
143.0
44.0
56.0
154.0
185.0
167.0
169.0
215.0
151.0
53.0
52.0
51.0
61.0
144.0
157.0
161.0
158.0
172.0
197.0
68.0
48.0
54.0
52.0
52.0
51.0
52.0
51.0
51.0
51.0
51.0
52.0
52.0
52.0
52.0
52.0
52.0
54.0
54.0
54.0
0.0


48.0
48.0
49.0
51.0
44.0
57.0
152.0
166.0
180.0
150.0
51.0
44.0
46.0
44.0
49.0
40.0
68.0
149.0
154.0
171.0
178.0
172.0
49.0
56.0
152.0
147.0
145.0
151.0
203.0
127.0
47.0
54.0
46.0
77.0
153.0
153.0
159.0
164.0
192.0
170.0
57.0
51.0
54.0
53.0
52.0
51.0
51.0
50.0
52.0
52.0
52.0
54.0
52.0
52.0
52.0
52.0
52.0
53.0
54.0
54.0
0.0


48.0
47.0
48.0
50.0
47.0
50.0
140.0
171.0
164.0
201.0
76.0
41.0
48.0
45.0
48.0
40.0
71.0
154.0
162.0
185.0
177.0
209.0
55.0
55.0
155.0
131.0
136.0
147.0
202.0
119.0
47.0
54.0
51.0
101.0
135.0
137.0
149.0
162.0
231.0
131.0
52.0
54.0
54.0
54.0
52.0
52.0
50.0
52.0
51.0
52.0
52.0
52.0
51.0
52.0
53.0
53.0
53.0
53.0
53.0
54.0
0.0


48.0
48.0
48.0
48.0
50.0
42.0
112.0
181.0
161.0
227.0
108.0
41.0
49.0
47.0
49.0
41.0
72.0
168.0
167.0
182.0
176.0
230.0
64.0
58.0
160.0
132.0
141.0
152.0
203.0
113.0
46.0
51.0
61.0
121.0
125.0
130.0
141.0
159.0
216.0
91.0
48.0
55.0
54.0
53.0
53.0
51.0
51.0
51.0
51.0
52.0
51.0
51.0
51.0
52.0
52.0
52.0
53.0
53.0
54.0
53.0
0.0


47.0
48.0
48.0
48.0
52.0
41.0
76.0
185.0
165.0
170.0
156.0
56.0
46.0
49.0
50.0
44.0
67.0
143.0
146.0
159.0
157.0
211.0
77.0
61.0
165.0
134.0
148.0
156.0
205.0
105.0
47.0
49.0
77.0
132.0
124.0
139.0
150.0
176.0
175.0
64.0
50.0
57.0
53.0
53.0
51.0
51.0
54.0
54.0
54.0
54.0
51.0
50.0
51.0
51.0
52.0
53.0
52.0
53.0
54.0
54.0
0.0


48.0
47.0
48.0
48.0
50.0
46.0
53.0
147.0
157.0
146.0
186.0
88.0
42.0
50.0
50.0
46.0
62.0
134.0
132.0
143.0
149.0
207.0
86.0
63.0
166.0
139.0
152.0
161.0
206.0
94.0
48.0
52.0
98.0
137.0
131.0
147.0
155.0
196.0
135.0
49.0
54.0
55.0
52.0
54.0
52.0
54.0
52.0
49.0
48.0
51.0
53.0
51.0
51.0
51.0
52.0
53.0
53.0
53.0
54.0
54.0
0.0


47.0
48.0
47.0
47.0
49.0
49.0
41.0
107.0
166.0
149.0
164.0
149.0
55.0
48.0
52.0
47.0
58.0
132.0
131.0
143.0
150.0
201.0
92.0
63.0
177.0
153.0
162.0
173.0
199.0
82.0
49.0
59.0
114.0
133.0
137.0
151.0
161.0
209.0
101.0
45.0
57.0
53.0
52.0
52.0
53.0
48.0
52.0
68.0
70.0
53.0
51.0
53.0
51.0
52.0
52.0
51.0
52.0
54.0
53.0
53.0
0.0


46.0
47.0
46.0
48.0
48.0
50.0
42.0
71.0
168.0
153.0
157.0
180.0
102.0
43.0
52.0
46.0
53.0
130.0
136.0
145.0
154.0
200.0
93.0
60.0
177.0
158.0
166.0
176.0
179.0
73.0
50.0
66.0
131.0
135.0
143.0
150.0
170.0
193.0
72.0
47.0
56.0
53.0
53.0
53.0
47.0
64.0
105.0
104.0
123.0
96.0
49.0
51.0
52.0
52.0
52.0
51.0
52.0
53.0
53.0
53.0
0.0


46.0
47.0
46.0
47.0
48.0
48.0
47.0
49.0
139.0
158.0
161.0
177.0
147.0
48.0
48.0
48.0
47.0
122.0
146.0
147.0
156.0
206.0
91.0
73.0
175.0
146.0
157.0
173.0
165.0
68.0
47.0
78.0
145.0
142.0
144.0
154.0
187.0
152.0
54.0
53.0
54.0
53.0
54.0
49.0
54.0
114.0
120.0
102.0
123.0
118.0
50.0
51.0
53.0
51.0
52.0
52.0
52.0
52.0
53.0
54.0
0.0


47.0
47.0
46.0
47.0
48.0
46.0
50.0
44.0
109.0
173.0
162.0
166.0
155.0
66.0
46.0
54.0
44.0
113.0
154.0
154.0
162.0
208.0
101.0
92.0
168.0
156.0
163.0
173.0
164.0
63.0
57.0
118.0
143.0
147.0
152.0
161.0
209.0
112.0
45.0
55.0
53.0
53.0
53.0
45.0
88.0
125.0
107.0
108.0
149.0
107.0
46.0
53.0
52.0
51.0
52.0
52.0
53.0
53.0
52.0
53.0
0.0


46.0
47.0
47.0
46.0
47.0
48.0
50.0
44.0
68.0
165.0
151.0
136.0
141.0
102.0
44.0
50.0
45.0
108.0
155.0
158.0
169.0
171.0
124.0
100.0
122.0
138.0
131.0
123.0
119.0
80.0
89.0
119.0
126.0
138.0
157.0
172.0
208.0
77.0
47.0
56.0
52.0
54.0
46.0
59.0
124.0
113.0
115.0
131.0
183.0
78.0
45.0
53.0
51.0
51.0
52.0
52.0
52.0
52.0
53.0
53.0
0.0


46.0
46.0
47.0
47.0
47.0
47.0
48.0
49.0
45.0
112.0
135.0
118.0
129.0
136.0
61.0
44.0
49.0
111.0
153.0
155.0
153.0
125.0
102.0
108.0
122.0
121.0
115.0
107.0
95.0
97.0
100.0
105.0
106.0
117.0
138.0
165.0
177.0
62.0
50.0
55.0
54.0
54.0
47.0
89.0
132.0
118.0
124.0
162.0
138.0
49.0
49.0
52.0
51.0
51.0
51.0
53.0
52.0
53.0
52.0
53.0
0.0


46.0
46.0
46.0
47.0
47.0
48.0
48.0
51.0
44.0
87.0
137.0
114.0
120.0
136.0
97.0
46.0
52.0
113.0
134.0
136.0
123.0
113.0
109.0
117.0
125.0
121.0
114.0
114.0
106.0
96.0
103.0
107.0
111.0
122.0
138.0
160.0
161.0
58.0
52.0
55.0
54.0
51.0
59.0
121.0
120.0
123.0
130.0
181.0
96.0
42.0
54.0
50.0
50.0
51.0
52.0
51.0
52.0
53.0
52.0
52.0
0.0


47.0
47.0
47.0
47.0
47.0
48.0
47.0
52.0
43.0
70.0
142.0
117.0
116.0
125.0
129.0
57.0
57.0
101.0
103.0
118.0
116.0
115.0
118.0
124.0
126.0
121.0
117.0
117.0
100.0
101.0
116.0
118.0
124.0
134.0
142.0
166.0
161.0
57.0
53.0
54.0
55.0
47.0
80.0
134.0
117.0
123.0
138.0
192.0
81.0
43.0
54.0
50.0
50.0
51.0
51.0
52.0
51.0
51.0
52.0
53.0
0.0


47.0
46.0
47.0
47.0
47.0
47.0
48.0
50.0
46.0
56.0
127.0
124.0
117.0
119.0
130.0
100.0
84.0
87.0
105.0
115.0
116.0
118.0
125.0
131.0
129.0
127.0
131.0
112.0
110.0
122.0
127.0
127.0
135.0
141.0
145.0
173.0
154.0
55.0
53.0
53.0
55.0
50.0
112.0
135.0
117.0
127.0
156.0
195.0
68.0
43.0
54.0
49.0
50.0
50.0
51.0
52.0
51.0
52.0
51.0
53.0
0.0


46.0
46.0
47.0
47.0
48.0
47.0
49.0
50.0
50.0
46.0
102.0
126.0
113.0
118.0
118.0
95.0
74.0
82.0
108.0
118.0
121.0
125.0
131.0
134.0
132.0
136.0
125.0
114.0
123.0
128.0
130.0
133.0
138.0
143.0
148.0
169.0
141.0
51.0
54.0
55.0
51.0
64.0
142.0
135.0
127.0
134.0
175.0
193.0
64.0
44.0
52.0
50.0
50.0
50.0
51.0
52.0
52.0
51.0
52.0
52.0
0.0


47.0
47.0
47.0
46.0
47.0
48.0
50.0
50.0
52.0
42.0
79.0
128.0
120.0
114.0
97.0
80.0
78.0
99.0
114.0
119.0
124.0
130.0
132.0
133.0
138.0
143.0
119.0
116.0
125.0
126.0
131.0
148.0
143.0
137.0
148.0
184.0
123.0
48.0
58.0
57.0
46.0
85.0
134.0
128.0
138.0
150.0
193.0
177.0
55.0
47.0
52.0
50.0
50.0
50.0
50.0
50.0
51.0
51.0
52.0
53.0
0.0


47.0
47.0
46.0
45.0
48.0
49.0
48.0
48.0
51.0
45.0
67.0
132.0
124.0
99.0
90.0
92.0
97.0
111.0
121.0
123.0
131.0
135.0
135.0
135.0
148.0
134.0
117.0
119.0
130.0
141.0
144.0
131.0
119.0
141.0
166.0
197.0
132.0
51.0
55.0
59.0
60.0
108.0
126.0
125.0
138.0
159.0
234.0
127.0
40.0
52.0
51.0
50.0
50.0
50.0
51.0
52.0
51.0
51.0
52.0
53.0
0.0


47.0
46.0
46.0
46.0
47.0
48.0
48.0
49.0
51.0
46.0
62.0
120.0
108.0
102.0
102.0
99.0
104.0
116.0
125.0
128.0
133.0
134.0
134.0
147.0
139.0
118.0
118.0
132.0
149.0
130.0
107.0
103.0
129.0
138.0
126.0
137.0
177.0
76.0
51.0
54.0
81.0
121.0
123.0
137.0
152.0
176.0
241.0
76.0
42.0
53.0
50.0
50.0
50.0
50.0
50.0
51.0
51.0
51.0
51.0
53.0
0.0


48.0
46.0
47.0
48.0
48.0
49.0
48.0
50.0
50.0
48.0
57.0
110.0
109.0
104.0
101.0
105.0
110.0
117.0
126.0
127.0
132.0
137.0
145.0
142.0
125.0
127.0
137.0
140.0
120.0
97.0
104.0
114.0
117.0
112.0
117.0
126.0
156.0
101.0
50.0
56.0
92.0
115.0
130.0
141.0
164.0
212.0
170.0
51.0
51.0
51.0
50.0
51.0
50.0
50.0
51.0
51.0
51.0
51.0
51.0
52.0
0.0


47.0
48.0
48.0
47.0
49.0
48.0
49.0
50.0
50.0
49.0
48.0
106.0
121.0
106.0
106.0
110.0
114.0
121.0
124.0
128.0
142.0
147.0
134.0
125.0
130.0
138.0
130.0
114.0
105.0
108.0
101.0
100.0
112.0
133.0
147.0
150.0
157.0
108.0
47.0
73.0
109.0
119.0
129.0
145.0
164.0
240.0
117.0
43.0
55.0
51.0
50.0
50.0
50.0
51.0
51.0
51.0
51.0
51.0
51.0
52.0
0.0


48.0
47.0
47.0
47.0
48.0
49.0
51.0
51.0
49.0
53.0
45.0
92.0
130.0
111.0
112.0
114.0
117.0
122.0
133.0
148.0
145.0
132.0
126.0
131.0
135.0
119.0
115.0
118.0
116.0
99.0
94.0
100.0
101.0
97.0
103.0
124.0
154.0
144.0
68.0
92.0
116.0
122.0
133.0
148.0
170.0
239.0
74.0
46.0
55.0
50.0
51.0
52.0
51.0
51.0
51.0
51.0
52.0
51.0
52.0
52.0
0.0


48.0
48.0
48.0
48.0
49.0
50.0
51.0
50.0
51.0
54.0
46.0
79.0
130.0
114.0
114.0
119.0
130.0
136.0
140.0
139.0
129.0
130.0
136.0
142.0
124.0
115.0
121.0
119.0
112.0
101.0
106.0
107.0
103.0
97.0
106.0
119.0
139.0
146.0
101.0
91.0
116.0
122.0
139.0
149.0
193.0
177.0
54.0
50.0
52.0
52.0
51.0
51.0
51.0
50.0
51.0
50.0
51.0
52.0
52.0
52.0
0.0


48.0
48.0
49.0
48.0
49.0
50.0
50.0
50.0
52.0
52.0
50.0
68.0
129.0
127.0
131.0
131.0
122.0
119.0
125.0
129.0
132.0
135.0
141.0
138.0
121.0
117.0
116.0
117.0
107.0
107.0
105.0
101.0
93.0
92.0
99.0
109.0
118.0
85.0
89.0
104.0
110.0
128.0
140.0
144.0
231.0
132.0
47.0
54.0
52.0
51.0
51.0
51.0
51.0
51.0
50.0
50.0
51.0
51.0
51.0
51.0
0.0


48.0
48.0
48.0
48.0
49.0
51.0
52.0
52.0
52.0
53.0
52.0
56.0
123.0
137.0
122.0
113.0
109.0
117.0
128.0
134.0
138.0
143.0
140.0
129.0
120.0
113.0
109.0
115.0
108.0
106.0
101.0
97.0
86.0
81.0
84.0
88.0
96.0
96.0
104.0
103.0
110.0
131.0
136.0
151.0
238.0
100.0
46.0
55.0
53.0
53.0
51.0
52.0
52.0
51.0
51.0
51.0
50.0
50.0
50.0
50.0
0.0


49.0
48.0
49.0
48.0
49.0
50.0
52.0
53.0
52.0
53.0
53.0
49.0
106.0
131.0
116.0
115.0
113.0
114.0
123.0
133.0
141.0
139.0
131.0
124.0
114.0
109.0
110.0
106.0
102.0
100.0
95.0
95.0
91.0
88.0
94.0
90.0
88.0
105.0
90.0
94.0
117.0
125.0
137.0
168.0
240.0
81.0
50.0
56.0
52.0
53.0
53.0
52.0
52.0
51.0
51.0
50.0
50.0
50.0
48.0
48.0
0.0


49.0
48.0
48.0
50.0
51.0
50.0
51.0
53.0
52.0
52.0
55.0
49.0
92.0
135.0
121.0
118.0
111.0
112.0
122.0
132.0
135.0
131.0
127.0
119.0
109.0
107.0
112.0
97.0
91.0
94.0
93.0
89.0
86.0
80.0
79.0
83.0
85.0
91.0
90.0
100.0
120.0
130.0
154.0
190.0
218.0
71.0
51.0
56.0
53.0
52.0
52.0
51.0
51.0
51.0
51.0
51.0
50.0
49.0
48.0
48.0
0.0


48.0
48.0
49.0
50.0
52.0
53.0
53.0
54.0
53.0
53.0
55.0
50.0
81.0
135.0
120.0
120.0
113.0
110.0
119.0
129.0
131.0
131.0
125.0
116.0
105.0
103.0
102.0
83.0
87.0
93.0
87.0
83.0
84.0
85.0
88.0
88.0
87.0
95.0
111.0
125.0
140.0
160.0
179.0
220.0
179.0
61.0
53.0
56.0
54.0
52.0
51.0
51.0
51.0
51.0
52.0
50.0
50.0
49.0
47.0
48.0
0.0


49.0
49.0
50.0
51.0
52.0
53.0
53.0
53.0
54.0
54.0
56.0
51.0
72.0
140.0
123.0
118.0
112.0
108.0
114.0
125.0
126.0
125.0
119.0
109.0
99.0
96.0
91.0
81.0
89.0
89.0
88.0
88.0
90.0
90.0
90.0
95.0
100.0
107.0
138.0
146.0
163.0
186.0
187.0
254.0
114.0
49.0
58.0
55.0
53.0
54.0
51.0
51.0
51.0
51.0
51.0
50.0
49.0
49.0
49.0
48.0
0.0


49.0
49.0
50.0
52.0
52.0
54.0
55.0
55.0
55.0
54.0
55.0
52.0
64.0
138.0
127.0
118.0
113.0
106.0
111.0
120.0
127.0
127.0
112.0
98.0
92.0
89.0
85.0
83.0
88.0
90.0
92.0
91.0
92.0
92.0
95.0
103.0
112.0
121.0
148.0
149.0
165.0
178.0
232.0
166.0
59.0
52.0
58.0
54.0
54.0
52.0
52.0
52.0
51.0
50.0
49.0
50.0
51.0
49.0
50.0
50.0
0.0


49.0
49.0
49.0
52.0
52.0
52.0
55.0
55.0
54.0
55.0
56.0
56.0
56.0
126.0
142.0
120.0
116.0
107.0
111.0
120.0
127.0
125.0
111.0
94.0
85.0
88.0
84.0
86.0
92.0
95.0
94.0
94.0
99.0
99.0
106.0
114.0
125.0
136.0
148.0
161.0
172.0
204.0
202.0
73.0
53.0
59.0
56.0
55.0
53.0
52.0
51.0
51.0
50.0
49.0
50.0
50.0
50.0
49.0
50.0
51.0
0.0


49.0
49.0
51.0
50.0
50.0
53.0
55.0
55.0
55.0
56.0
57.0
59.0
52.0
103.0
159.0
124.0
120.0
113.0
117.0
123.0
122.0
121.0
105.0
89.0
86.0
88.0
87.0
88.0
93.0
96.0
99.0
104.0
109.0
112.0
120.0
130.0
138.0
147.0
156.0
177.0
193.0
242.0
88.0
50.0
62.0
57.0
55.0
55.0
53.0
52.0
50.0
51.0
50.0
49.0
50.0
48.0
49.0
49.0
49.0
49.0
0.0


49.0
49.0
49.0
50.0
52.0
53.0
53.0
54.0
56.0
56.0
58.0
59.0
53.0
78.0
161.0
134.0
127.0
118.0
122.0
122.0
119.0
123.0
99.0
91.0
91.0
87.0
91.0
97.0
96.0
99.0
106.0
115.0
121.0
126.0
131.0
139.0
148.0
159.0
172.0
190.0
251.0
104.0
52.0
62.0
59.0
58.0
55.0
55.0
53.0
51.0
51.0
49.0
50.0
49.0
48.0
49.0
49.0
49.0
49.0
49.0
0.0


49.0
50.0
49.0
51.0
53.0
52.0
53.0
55.0
57.0
57.0
59.0
59.0
57.0
64.0
141.0
148.0
131.0
130.0
128.0
124.0
117.0
117.0
100.0
92.0
94.0
89.0
95.0
101.0
103.0
106.0
113.0
124.0
129.0
132.0
138.0
149.0
159.0
172.0
184.0
249.0
121.0
53.0
64.0
61.0
59.0
57.0
56.0
54.0
51.0
50.0
49.0
49.0
48.0
48.0
48.0
48.0
48.0
48.0
49.0
50.0
0.0


49.0
50.0
51.0
51.0
52.0
52.0
53.0
57.0
57.0
58.0
58.0
59.0
60.0
55.0
107.0
165.0
133.0
138.0
134.0
125.0
114.0
113.0
102.0
97.0
99.0
92.0
96.0
104.0
112.0
118.0
124.0
128.0
135.0
143.0
153.0
160.0
173.0
184.0
243.0
144.0
60.0
62.0
63.0
60.0
59.0
56.0
54.0
53.0
51.0
49.0
49.0
49.0
48.0
48.0
49.0
49.0
48.0
49.0
49.0
49.0
0.0


50.0
51.0
50.0
50.0
52.0
53.0
53.0
56.0
58.0
58.0
59.0
59.0
62.0
58.0
76.0
156.0
145.0
140.0
138.0
126.0
117.0
111.0
105.0
104.0
110.0
102.0
106.0
108.0
119.0
124.0
134.0
142.0
147.0
156.0
164.0
175.0
185.0
226.0
177.0
69.0
64.0
66.0
63.0
60.0
58.0
56.0
54.0
52.0
51.0
50.0
48.0
50.0
48.0
47.0
49.0
49.0
48.0
50.0
49.0
49.0
0.0


50.0
51.0
50.0
51.0
52.0
52.0
53.0
56.0
58.0
58.0
59.0
61.0
62.0
61.0
58.0
119.0
159.0
141.0
139.0
131.0
128.0
116.0
112.0
113.0
118.0
117.0
118.0
118.0
124.0
132.0
142.0
151.0
155.0
165.0
175.0
187.0
200.0
242.0
93.0
60.0
71.0
66.0
63.0
60.0
58.0
56.0
55.0
53.0
51.0
51.0
49.0
49.0
49.0
49.0
49.0
49.0
49.0
49.0
50.0
49.0
0.0


50.0
51.0
50.0
51.0
52.0
52.0
53.0
56.0
58.0
59.0
60.0
62.0
62.0
64.0
59.0
79.0
150.0
146.0
141.0
139.0
141.0
126.0
122.0
126.0
129.0
132.0
130.0
134.0
135.0
144.0
149.0
160.0
165.0
173.0
188.0
199.0
253.0
124.0
64.0
71.0
67.0
68.0
64.0
60.0
58.0
56.0
54.0
53.0
52.0
49.0
50.0
50.0
50.0
50.0
50.0
50.0
50.0
50.0
50.0
50.0
0.0


50.0
51.0
51.0
52.0
53.0
53.0
53.0
56.0
58.0
57.0
61.0
62.0
62.0
62.0
66.0
64.0
119.0
153.0
141.0
145.0
146.0
138.0
141.0
143.0
139.0
145.0
149.0
150.0
150.0
157.0
167.0
176.0
189.0
196.0
200.0
242.0
141.0
68.0
72.0
71.0
68.0
68.0
64.0
60.0
58.0
56.0
55.0
55.0
52.0
52.0
52.0
51.0
51.0
50.0
50.0
50.0
50.0
48.0
51.0
51.0
0.0


51.0
50.0
51.0
52.0
52.0
53.0
53.0
56.0
57.0
59.0
62.0
63.0
64.0
63.0
69.0
65.0
86.0
155.0
139.0
151.0
149.0
150.0
153.0
146.0
142.0
143.0
155.0
164.0
172.0
179.0
187.0
193.0
205.0
206.0
233.0
185.0
71.0
69.0
74.0
70.0
70.0
69.0
63.0
61.0
59.0
57.0
56.0
55.0
53.0
53.0
51.0
52.0
52.0
51.0
51.0
50.0
51.0
50.0
51.0
50.0
0.0


50.0
50.0
50.0
52.0
53.0
54.0
54.0
56.0
57.0
58.0
61.0
64.0
65.0
65.0
68.0
70.0
67.0
133.0
165.0
156.0
161.0
157.0
155.0
153.0
160.0
157.0
157.0
169.0
182.0
193.0
204.0
210.0
218.0
214.0
243.0
190.0
80.0
70.0
72.0
70.0
70.0
68.0
63.0
61.0
59.0
56.0
55.0
54.0
54.0
53.0
52.0
52.0
51.0
51.0
51.0
50.0
49.0
50.0
50.0
50.0
0.0


51.0
52.0
51.0
53.0
53.0
54.0
54.0
56.0
57.0
57.0
61.0
63.0
65.0
66.0
67.0
71.0
69.0
91.0
182.0
171.0
178.0
173.0
172.0
169.0
176.0
176.0
175.0
177.0
183.0
196.0
210.0
220.0
224.0
229.0
221.0
246.0
103.0
69.0
73.0
70.0
70.0
67.0
62.0
60.0
58.0
56.0
57.0
55.0
54.0
54.0
53.0
52.0
52.0
52.0
51.0
51.0
50.0
49.0
50.0
50.0
0.0


52.0
51.0
51.0
52.0
53.0
54.0
54.0
56.0
56.0
58.0
61.0
63.0
65.0
68.0
68.0
69.0
71.0
67.0
116.0
199.0
186.0
195.0
191.0
183.0
178.0
182.0
184.0
190.0
191.0
199.0
210.0
217.0
219.0
224.0
213.0
251.0
128.0
68.0
73.0
70.0
70.0
66.0
62.0
60.0
57.0
57.0
57.0
56.0
54.0
53.0
53.0
52.0
52.0
52.0
51.0
50.0
50.0
50.0
50.0
50.0
0.0


52.0
52.0
51.0
52.0
54.0
54.0
54.0
56.0
56.0
58.0
62.0
64.0
64.0
68.0
69.0
69.0
71.0
70.0
73.0
150.0
198.0
188.0
194.0
193.0
194.0
193.0
190.0
195.0
197.0
205.0
214.0
215.0
215.0
218.0
212.0
233.0
168.0
79.0
73.0
71.0
69.0
65.0
62.0
60.0
59.0
59.0
58.0
56.0
55.0
54.0
53.0
53.0
52.0
51.0
53.0
51.0
50.0
51.0
50.0
50.0
0.0


0.0
0.0
0.0
0.0
0.0
0.0
0.0
0.0
0.0
0.0
0.0
0.0
0.0
0.0
0.0
0.0
0.0
0.0
0.0
0.0
0.0
0.0
0.0
0.0
0.0
0.0
0.0
0.0
0.0
0.0
0.0
0.0
0.0
0.0
0.0
0.0
0.0
0.0
0.0
0.0
0.0
0.0
0.0
0.0
0.0
0.0
0.0
0.0
0.0
0.0
0.0
0.0
0.0
0.0
0.0
0.0
0.0
0.0
0.0
0.0
0.0


