49.0
49.0
48.0
47.0
47.0
48.0
48.0
50.0
50.0
51.0
50.0
49.0
52.0
50.0
52.0
51.0
51.0
50.0
51.0
48.0
75.0
127.0
138.0
58.0
49.0
51.0
52.0
52.0
54.0
53.0
52.0
53.0
52.0
51.0
51.0
51.0
50.0
48.0
48.0
49.0
0.0


49.0
49.0
48.0
47.0
47.0
47.0
48.0
48.0
49.0
50.0
50.0
50.0
49.0
53.0
49.0
50.0
50.0
50.0
51.0
46.0
83.0
141.0
160.0
67.0
47.0
51.0
51.0
52.0
52.0
52.0
50.0
50.0
50.0
51.0
51.0
51.0
50.0
48.0
48.0
50.0
0.0


49.0
49.0
48.0
47.0
47.0
47.0
48.0
49.0
49.0
50.0
51.0
47.0
67.0
113.0
87.0
47.0
50.0
50.0
51.0
45.0
87.0
145.0
174.0
76.0
46.0
52.0
51.0
52.0
53.0
50.0
72.0
108.0
65.0
49.0
52.0
51.0
49.0
48.0
49.0
50.0
0.0


49.0
48.0
49.0
48.0
48.0
48.0
48.0
48.0
49.0
50.0
50.0
45.0
86.0
135.0
135.0
52.0
49.0
49.0
50.0
47.0
95.0
139.0
176.0
90.0
46.0
53.0
51.0
51.0
51.0
53.0
107.0
155.0
107.0
47.0
52.0
50.0
50.0
49.0
49.0
52.0
0.0


49.0
48.0
49.0
49.0
49.0
48.0
48.0
48.0
49.0
50.0
50.0
45.0
73.0
142.0
150.0
68.0
46.0
49.0
49.0
48.0
102.0
147.0
181.0
92.0
45.0
53.0
51.0
52.0
48.0
62.0
124.0
158.0
101.0
45.0
51.0
49.0
49.0
50.0
50.0
51.0
0.0


49.0
48.0
48.0
48.0
49.0
48.0
48.0
48.0
50.0
49.0
50.0
45.0
65.0
136.0
152.0
99.0
42.0
49.0
49.0
49.0
114.0
157.0
192.0
92.0
45.0
52.0
50.0
52.0
47.0
80.0
126.0
167.0
91.0
45.0
50.0
49.0
50.0
51.0
51.0
52.0
0.0


49.0
48.0
48.0
48.0
49.0
48.0
48.0
49.0
49.0
49.0
49.0
46.0
61.0
130.0
139.0
134.0
49.0
49.0
49.0
51.0
119.0
144.0
183.0
95.0
44.0
52.0
50.0
52.0
52.0
107.0
129.0
171.0
81.0
45.0
51.0
49.0
50.0
52.0
52.0
52.0
0.0


49.0
49.0
49.0
49.0
48.0
49.0
47.0
47.0
49.0
49.0
49.0
48.0
52.0
127.0
146.0
168.0
62.0
48.0
50.0
55.0
127.0
146.0
188.0
92.0
44.0
51.0
51.0
47.0
67.0
139.0
145.0
170.0
62.0
47.0
51.0
50.0
51.0
51.0
51.0
52.0
0.0


48.0
48.0
48.0
49.0
50.0
46.0
60.0
79.0
50.0
47.0
48.0
49.0
43.0
109.0
153.0
174.0
82.0
46.0
51.0
58.0
136.0
148.0
192.0
89.0
42.0
51.0
51.0
47.0
92.0
137.0
168.0
141.0
47.0
51.0
51.0
50.0
51.0
51.0
52.0
52.0
0.0


48.0
48.0
48.0
48.0
49.0
44.0
90.0
155.0
86.0
42.0
49.0
48.0
43.0
86.0
150.0
169.0
107.0
46.0
50.0
66.0
146.0
153.0
197.0
85.0
44.0
52.0
49.0
57.0
117.0
135.0
197.0
101.0
44.0
52.0
51.0
50.0
51.0
51.0
51.0
52.0
0.0


49.0
48.0
49.0
48.0
49.0
43.0
77.0
153.0
143.0
54.0
45.0
47.0
42.0
72.0
149.0
155.0
139.0
52.0
48.0
80.0
169.0
162.0
212.0
89.0
45.0
52.0
47.0
86.0
137.0
146.0
195.0
75.0
45.0
52.0
51.0
50.0
51.0
51.0
51.0
52.0
0.0


49.0
49.0
49.0
49.0
49.0
47.0
53.0
141.0
168.0
105.0
42.0
49.0
44.0
63.0
144.0
148.0
174.0
70.0
44.0
92.0
162.0
154.0
209.0
88.0
46.0
51.0
57.0
136.0
153.0
164.0
173.0
57.0
50.0
52.0
51.0
51.0
50.0
51.0
52.0
53.0
0.0


49.0
49.0
49.0
49.0
48.0
49.0
44.0
115.0
162.0
173.0
66.0
44.0
46.0
58.0
143.0
156.0
209.0
107.0
42.0
94.0
150.0
145.0
196.0
82.0
50.0
50.0
83.0
143.0
153.0
207.0
135.0
46.0
52.0
51.0
50.0
50.0
50.0
51.0
51.0
51.0
0.0


49.0
49.0
49.0
49.0
48.0
49.0
43.0
70.0
172.0
172.0
119.0
43.0
49.0
50.0
137.0
157.0
170.0
142.0
48.0
91.0
164.0
155.0
191.0
73.0
50.0
58.0
111.0
130.0
148.0
230.0
82.0
46.0
53.0
51.0
51.0
49.0
50.0
50.0
51.0
50.0
0.0


49.0
49.0
49.0
48.0
48.0
47.0
49.0
44.0
120.0
160.0
165.0
82.0
43.0
44.0
106.0
150.0
154.0
167.0
57.0
85.0
180.0
167.0
181.0
64.0
49.0
77.0
130.0
138.0
181.0
149.0
50.0
53.0
53.0
52.0
52.0
51.0
50.0
50.0
50.0
51.0
0.0


49.0
49.0
49.0
48.0
48.0
48.0
49.0
44.0
70.0
166.0
151.0
165.0
60.0
39.0
81.0
173.0
150.0
184.0
69.0
74.0
202.0
189.0
168.0
59.0
50.0
104.0
146.0
147.0
210.0
92.0
45.0
55.0
53.0
53.0
52.0
51.0
51.0
52.0
50.0
52.0
0.0


49.0
49.0
48.0
49.0
49.0
48.0
47.0
49.0
45.0
123.0
174.0
189.0
108.0
40.0
63.0
151.0
115.0
152.0
102.0
95.0
205.0
189.0
167.0
57.0
74.0
153.0
152.0
164.0
174.0
57.0
51.0
54.0
54.0
53.0
52.0
52.0
51.0
51.0
51.0
52.0
0.0


49.0
50.0
49.0
48.0
48.0
48.0
48.0
50.0
45.0
73.0
174.0
146.0
154.0
65.0
47.0
124.0
136.0
142.0
158.0
155.0
159.0
153.0
131.0
94.0
124.0
149.0
155.0
216.0
112.0
46.0
55.0
54.0
54.0
52.0
53.0
52.0
52.0
51.0
51.0
51.0
0.0


49.0
50.0
48.0
48.0
48.0
48.0
48.0
49.0
51.0
46.0
116.0
144.0
149.0
115.0
43.0
117.0
163.0
155.0
163.0
175.0
144.0
142.0
125.0
118.0
127.0
124.0
142.0
209.0
76.0
50.0
56.0
55.0
54.0
53.0
52.0
53.0
52.0
52.0
51.0
51.0
0.0


49.0
49.0
49.0
49.0
48.0
47.0
48.0
50.0
51.0
46.0
77.0
154.0
136.0
142.0
86.0
106.0
156.0
160.0
181.0
202.0
167.0
134.0
124.0
132.0
131.0
135.0
156.0
180.0
64.0
54.0
56.0
56.0
55.0
54.0
53.0
52.0
53.0
52.0
52.0
52.0
0.0


49.0
48.0
49.0
49.0
49.0
48.0
48.0
49.0
50.0
50.0
53.0
132.0
146.0
126.0
104.0
117.0
154.0
169.0
180.0
182.0
211.0
141.0
126.0
135.0
130.0
132.0
176.0
158.0
62.0
58.0
56.0
56.0
55.0
54.0
53.0
52.0
53.0
52.0
53.0
52.0
0.0


50.0
50.0
48.0
49.0
50.0
49.0
49.0
49.0
51.0
52.0
46.0
101.0
148.0
114.0
113.0
133.0
158.0
167.0
184.0
192.0
199.0
194.0
138.0
134.0
130.0
139.0
186.0
128.0
52.0
59.0
57.0
56.0
54.0
54.0
54.0
53.0
53.0
53.0
51.0
53.0
0.0


49.0
50.0
49.0
50.0
50.0
50.0
49.0
50.0
51.0
52.0
48.0
80.0
134.0
118.0
121.0
136.0
159.0
168.0
175.0
182.0
189.0
211.0
183.0
111.0
118.0
146.0
193.0
105.0
53.0
60.0
57.0
55.0
54.0
53.0
54.0
53.0
53.0
52.0
52.0
53.0
0.0


50.0
50.0
51.0
50.0
51.0
50.0
50.0
51.0
52.0
52.0
50.0
66.0
138.0
121.0
124.0
139.0
158.0
181.0
176.0
178.0
183.0
190.0
204.0
144.0
140.0
159.0
183.0
102.0
55.0
61.0
57.0
56.0
55.0
53.0
52.0
53.0
54.0
52.0
52.0
52.0
0.0


51.0
51.0
51.0
51.0
52.0
51.0
52.0
52.0
52.0
53.0
55.0
55.0
116.0
133.0
138.0
149.0
159.0
168.0
181.0
176.0
173.0
179.0
186.0
196.0
178.0
158.0
196.0
109.0
57.0
61.0
57.0
56.0
55.0
54.0
53.0
53.0
53.0
53.0
52.0
52.0
0.0


51.0
51.0
51.0
52.0
52.0
52.0
52.0
53.0
53.0
54.0
56.0
54.0
107.0
148.0
132.0
132.0
146.0
165.0
184.0
165.0
160.0
174.0
178.0
182.0
188.0
166.0
191.0
120.0
59.0
61.0
56.0
56.0
55.0
54.0
53.0
53.0
53.0
53.0
52.0
52.0
0.0


52.0
51.0
51.0
51.0
53.0
52.0
53.0
54.0
54.0
55.0
56.0
53.0
101.0
133.0
120.0
127.0
149.0
163.0
171.0
144.0
131.0
163.0
174.0
177.0
181.0
179.0
204.0
125.0
59.0
62.0
57.0
56.0
54.0
54.0
53.0
52.0
52.0
53.0
52.0
52.0
0.0


52.0
52.0
52.0
52.0
53.0
53.0
54.0
55.0
54.0
55.0
56.0
52.0
96.0
136.0
122.0
122.0
137.0
155.0
159.0
116.0
96.0
153.0
171.0
168.0
172.0
188.0
235.0
119.0
59.0
62.0
57.0
56.0
55.0
54.0
53.0
53.0
53.0
53.0
52.0
52.0
0.0


53.0
52.0
52.0
52.0
54.0
54.0
54.0
55.0
56.0
56.0
56.0
53.0
92.0
139.0
120.0
117.0
129.0
148.0
137.0
112.0
97.0
135.0
176.0
172.0
180.0
203.0
242.0
102.0
60.0
61.0
58.0
55.0
54.0
54.0
53.0
52.0
53.0
52.0
51.0
52.0
0.0


52.0
53.0
54.0
53.0
54.0
56.0
56.0
57.0
56.0
57.0
58.0
55.0
83.0
146.0
119.0
115.0
131.0
136.0
120.0
120.0
119.0
133.0
163.0
196.0
212.0
206.0
229.0
89.0
59.0
61.0
58.0
56.0
54.0
53.0
52.0
50.0
51.0
50.0
50.0
51.0
0.0


54.0
53.0
53.0
54.0
55.0
56.0
57.0
57.0
58.0
57.0
58.0
56.0
71.0
145.0
126.0
121.0
127.0
122.0
127.0
127.0
126.0
142.0
162.0
191.0
214.0
212.0
206.0
79.0
61.0
61.0
57.0
57.0
54.0
52.0
51.0
50.0
49.0
49.0
49.0
50.0
0.0


54.0
53.0
53.0
54.0
56.0
57.0
58.0
59.0
58.0
58.0
60.0
60.0
60.0
129.0
144.0
130.0
120.0
115.0
131.0
133.0
136.0
149.0
173.0
196.0
210.0
223.0
183.0
71.0
63.0
61.0
58.0
56.0
53.0
52.0
50.0
49.0
50.0
49.0
48.0
50.0
0.0


54.0
53.0
53.0
54.0
55.0
58.0
59.0
59.0
59.0
60.0
61.0
64.0
60.0
100.0
159.0
137.0
119.0
110.0
136.0
144.0
153.0
165.0
184.0
207.0
207.0
244.0
157.0
65.0
65.0
61.0
58.0
56.0
54.0
53.0
53.0
51.0
50.0
49.0
50.0
51.0
0.0


54.0
53.0
53.0
53.0
55.0
56.0
58.0
60.0
60.0
60.0
60.0
64.0
63.0
74.0
150.0
144.0
134.0
119.0
146.0
156.0
167.0
180.0
198.0
212.0
207.0
254.0
115.0
62.0
66.0
62.0
59.0
57.0
56.0
55.0
54.0
53.0
53.0
53.0
52.0
53.0
0.0


53.0
54.0
54.0
53.0
55.0
55.0
58.0
60.0
60.0
61.0
62.0
63.0
66.0
63.0
119.0
155.0
149.0
148.0
154.0
165.0
179.0
194.0
205.0
215.0
214.0
236.0
88.0
64.0
66.0
62.0
59.0
57.0
57.0
56.0
54.0
53.0
54.0
53.0
53.0
53.0
0.0


55.0
54.0
54.0
54.0
55.0
56.0
59.0
60.0
61.0
62.0
64.0
64.0
67.0
65.0
89.0
170.0
159.0
168.0
163.0
170.0
193.0
204.0
209.0
218.0
217.0
238.0
94.0
64.0
65.0
62.0
59.0
58.0
57.0
55.0
54.0
53.0
54.0
53.0
53.0
54.0
0.0


54.0
54.0
54.0
55.0
55.0
56.0
58.0
59.0
61.0
62.0
64.0
65.0
67.0
70.0
70.0
140.0
200.0
184.0
181.0
183.0
187.0
200.0
212.0
223.0
217.0
249.0
126.0
65.0
66.0
61.0
59.0
57.0
57.0
56.0
55.0
54.0
53.0
54.0
53.0
54.0
0.0


55.0
55.0
56.0
55.0
56.0
56.0
57.0
58.0
59.0
61.0
64.0
67.0
68.0
70.0
70.0
86.0
191.0
200.0
196.0
197.0
196.0
201.0
212.0
220.0
218.0
239.0
169.0
73.0
65.0
62.0
60.0
57.0
57.0
56.0
55.0
54.0
54.0
54.0
53.0
54.0
0.0


55.0
56.0
56.0
56.0
57.0
58.0
58.0
58.0
59.0
61.0
65.0
67.0
69.0
70.0
75.0
72.0
130.0
215.0
193.0
195.0
196.0
200.0
209.0
216.0
217.0
214.0
222.0
92.0
63.0
63.0
59.0
58.0
57.0
55.0
55.0
54.0
53.0
54.0
53.0
54.0
0.0


55.0
56.0
57.0
56.0
57.0
57.0
58.0
58.0
59.0
61.0
64.0
66.0
69.0
71.0
74.0
72.0
97.0
192.0
182.0
181.0
188.0
190.0
201.0
211.0
213.0
208.0
246.0
123.0
63.0
65.0
60.0
58.0
57.0
56.0
56.0
55.0
54.0
54.0
53.0
53.0
0.0


0.0
0.0
0.0
0.0
0.0
0.0
0.0
0.0
0.0
0.0
0.0
0.0
0.0
0.0
0.0
0.0
0.0
0.0
0.0
0.0
0.0
0.0
0.0
0.0
0.0
0.0
0.0
0.0
0.0
0.0
0.0
0.0
0.0
0.0
0.0
0.0
0.0
0.0
0.0
0.0
0.0


