50.0
49.0
48.0
49.0
50.0
50.0
51.0
51.0
52.0
51.0
51.0
52.0
52.0
52.0
51.0
56.0
116.0
149.0
102.0
45.0
53.0
54.0
52.0
52.0
52.0
51.0
52.0
50.0
53.0
52.0
51.0
52.0
52.0
52.0
50.0
50.0
50.0
49.0
50.0
51.0
0.0


50.0
50.0
48.0
49.0
50.0
49.0
50.0
50.0
51.0
51.0
52.0
52.0
52.0
51.0
52.0
52.0
114.0
152.0
124.0
48.0
52.0
52.0
51.0
52.0
51.0
52.0
50.0
68.0
101.0
61.0
50.0
52.0
52.0
52.0
51.0
49.0
48.0
48.0
50.0
50.0
0.0


50.0
50.0
49.0
49.0
50.0
49.0
50.0
49.0
51.0
51.0
51.0
52.0
51.0
52.0
52.0
49.0
108.0
139.0
153.0
60.0
49.0
52.0
51.0
51.0
51.0
51.0
52.0
106.0
155.0
100.0
47.0
53.0
52.0
52.0
51.0
49.0
47.0
49.0
50.0
50.0
0.0


50.0
50.0
49.0
49.0
49.0
50.0
50.0
49.0
50.0
51.0
51.0
51.0
51.0
52.0
52.0
48.0
105.0
134.0
165.0
73.0
47.0
52.0
51.0
52.0
51.0
49.0
57.0
115.0
149.0
99.0
47.0
54.0
51.0
52.0
50.0
49.0
49.0
49.0
50.0
51.0
0.0


50.0
49.0
50.0
50.0
49.0
49.0
50.0
51.0
51.0
51.0
51.0
51.0
51.0
51.0
52.0
46.0
106.0
147.0
173.0
84.0
45.0
52.0
50.0
51.0
52.0
49.0
72.0
117.0
153.0
96.0
46.0
52.0
50.0
51.0
51.0
49.0
49.0
50.0
52.0
52.0
0.0


51.0
49.0
50.0
51.0
50.0
49.0
50.0
50.0
51.0
51.0
51.0
52.0
52.0
51.0
51.0
46.0
103.0
145.0
165.0
100.0
45.0
52.0
50.0
51.0
52.0
49.0
92.0
124.0
157.0
90.0
46.0
51.0
51.0
51.0
51.0
50.0
50.0
51.0
52.0
53.0
0.0


50.0
50.0
50.0
51.0
51.0
49.0
50.0
50.0
51.0
50.0
51.0
51.0
51.0
51.0
51.0
46.0
96.0
143.0
161.0
114.0
46.0
51.0
50.0
51.0
50.0
54.0
116.0
134.0
171.0
75.0
47.0
51.0
51.0
52.0
52.0
51.0
50.0
51.0
52.0
52.0
0.0


50.0
50.0
50.0
51.0
50.0
50.0
50.0
50.0
52.0
50.0
50.0
51.0
51.0
51.0
51.0
45.0
93.0
147.0
159.0
127.0
47.0
50.0
49.0
51.0
48.0
68.0
126.0
142.0
164.0
58.0
50.0
51.0
51.0
51.0
52.0
52.0
52.0
52.0
53.0
53.0
0.0


50.0
50.0
50.0
50.0
50.0
50.0
50.0
50.0
51.0
49.0
50.0
51.0
49.0
49.0
50.0
44.0
89.0
149.0
159.0
137.0
50.0
49.0
48.0
51.0
47.0
87.0
129.0
157.0
133.0
48.0
52.0
52.0
52.0
52.0
52.0
52.0
52.0
52.0
52.0
53.0
0.0


50.0
50.0
50.0
50.0
50.0
50.0
51.0
51.0
49.0
48.0
48.0
49.0
48.0
49.0
50.0
44.0
87.0
155.0
161.0
157.0
56.0
49.0
50.0
49.0
55.0
112.0
133.0
179.0
109.0
45.0
53.0
51.0
52.0
53.0
51.0
52.0
52.0
52.0
52.0
53.0
0.0


50.0
50.0
50.0
50.0
50.0
50.0
50.0
50.0
50.0
49.0
49.0
49.0
49.0
50.0
52.0
45.0
94.0
161.0
158.0
178.0
65.0
48.0
51.0
46.0
81.0
150.0
141.0
197.0
90.0
47.0
53.0
52.0
52.0
52.0
51.0
52.0
51.0
51.0
52.0
53.0
0.0


50.0
49.0
50.0
50.0
50.0
50.0
50.0
50.0
49.0
50.0
50.0
50.0
50.0
52.0
51.0
46.0
94.0
145.0
144.0
174.0
71.0
48.0
51.0
50.0
104.0
147.0
157.0
205.0
72.0
49.0
54.0
53.0
51.0
51.0
51.0
52.0
51.0
51.0
53.0
52.0
0.0


49.0
49.0
50.0
50.0
50.0
50.0
51.0
51.0
50.0
50.0
50.0
50.0
51.0
48.0
58.0
49.0
80.0
145.0
144.0
177.0
72.0
49.0
49.0
62.0
112.0
123.0
171.0
155.0
53.0
54.0
54.0
53.0
52.0
51.0
51.0
51.0
51.0
51.0
52.0
52.0
0.0


49.0
50.0
49.0
49.0
49.0
51.0
51.0
51.0
52.0
51.0
50.0
52.0
47.0
80.0
157.0
135.0
86.0
149.0
148.0
176.0
75.0
50.0
50.0
83.0
119.0
133.0
201.0
99.0
46.0
56.0
54.0
53.0
51.0
51.0
51.0
50.0
51.0
51.0
52.0
51.0
0.0


49.0
49.0
49.0
49.0
50.0
50.0
51.0
51.0
51.0
51.0
51.0
52.0
50.0
127.0
153.0
168.0
118.0
146.0
164.0
184.0
76.0
50.0
55.0
104.0
128.0
148.0
186.0
66.0
51.0
55.0
54.0
52.0
52.0
50.0
50.0
50.0
51.0
51.0
52.0
52.0
0.0


49.0
49.0
49.0
49.0
50.0
50.0
50.0
50.0
51.0
50.0
48.0
49.0
49.0
126.0
143.0
159.0
124.0
143.0
172.0
185.0
80.0
45.0
70.0
136.0
132.0
168.0
139.0
50.0
56.0
55.0
53.0
52.0
52.0
52.0
51.0
50.0
50.0
51.0
50.0
52.0
0.0


49.0
49.0
49.0
49.0
49.0
50.0
50.0
50.0
50.0
50.0
97.0
129.0
65.0
101.0
149.0
155.0
131.0
143.0
166.0
173.0
97.0
57.0
118.0
148.0
142.0
199.0
95.0
48.0
57.0
55.0
52.0
52.0
51.0
51.0
51.0
50.0
51.0
51.0
51.0
52.0
0.0


49.0
48.0
48.0
49.0
48.0
48.0
50.0
51.0
45.0
71.0
155.0
153.0
152.0
144.0
159.0
135.0
114.0
145.0
147.0
139.0
115.0
107.0
119.0
119.0
144.0
182.0
67.0
53.0
56.0
54.0
53.0
52.0
51.0
52.0
51.0
51.0
51.0
50.0
50.0
51.0
0.0


49.0
49.0
48.0
49.0
49.0
49.0
49.0
50.0
45.0
68.0
160.0
148.0
128.0
114.0
160.0
137.0
146.0
156.0
158.0
143.0
125.0
111.0
113.0
114.0
142.0
157.0
59.0
56.0
58.0
54.0
53.0
52.0
50.0
50.0
49.0
50.0
50.0
50.0
51.0
52.0
0.0


49.0
49.0
49.0
49.0
48.0
49.0
49.0
50.0
45.0
65.0
168.0
172.0
118.0
78.0
130.0
163.0
170.0
172.0
182.0
173.0
128.0
126.0
124.0
126.0
170.0
148.0
57.0
58.0
57.0
54.0
52.0
51.0
49.0
49.0
50.0
49.0
50.0
51.0
51.0
52.0
0.0


49.0
48.0
48.0
48.0
48.0
48.0
49.0
50.0
46.0
64.0
159.0
202.0
175.0
150.0
195.0
163.0
166.0
182.0
201.0
206.0
162.0
132.0
133.0
138.0
175.0
133.0
55.0
60.0
57.0
54.0
51.0
50.0
50.0
50.0
49.0
50.0
51.0
50.0
51.0
51.0
0.0


49.0
49.0
48.0
48.0
48.0
48.0
48.0
50.0
46.0
60.0
162.0
202.0
216.0
204.0
188.0
114.0
149.0
193.0
196.0
201.0
203.0
149.0
144.0
142.0
180.0
113.0
54.0
59.0
61.0
56.0
52.0
52.0
50.0
51.0
51.0
51.0
50.0
51.0
51.0
51.0
0.0


49.0
48.0
48.0
48.0
48.0
48.0
48.0
49.0
45.0
61.0
157.0
166.0
177.0
196.0
173.0
92.0
123.0
203.0
199.0
208.0
220.0
181.0
119.0
132.0
172.0
109.0
55.0
60.0
57.0
56.0
52.0
52.0
52.0
52.0
50.0
51.0
50.0
51.0
52.0
51.0
0.0


48.0
49.0
48.0
48.0
48.0
49.0
49.0
50.0
47.0
58.0
143.0
159.0
168.0
190.0
191.0
141.0
159.0
187.0
196.0
206.0
214.0
210.0
147.0
151.0
166.0
117.0
56.0
60.0
56.0
53.0
52.0
52.0
51.0
52.0
51.0
52.0
52.0
51.0
52.0
52.0
0.0


49.0
49.0
49.0
49.0
49.0
49.0
49.0
49.0
49.0
51.0
123.0
145.0
166.0
183.0
186.0
198.0
190.0
179.0
172.0
202.0
209.0
210.0
206.0
145.0
161.0
137.0
59.0
59.0
57.0
54.0
53.0
53.0
52.0
52.0
52.0
52.0
52.0
52.0
52.0
52.0
0.0


49.0
50.0
49.0
49.0
49.0
49.0
49.0
50.0
51.0
47.0
104.0
156.0
149.0
148.0
163.0
172.0
183.0
172.0
149.0
178.0
202.0
202.0
206.0
181.0
177.0
152.0
61.0
58.0
57.0
54.0
53.0
52.0
52.0
52.0
52.0
52.0
52.0
52.0
52.0
52.0
0.0


49.0
49.0
49.0
49.0
50.0
49.0
49.0
50.0
51.0
47.0
93.0
137.0
123.0
136.0
157.0
175.0
176.0
157.0
143.0
156.0
184.0
198.0
199.0
197.0
202.0
161.0
63.0
58.0
57.0
54.0
53.0
52.0
52.0
52.0
53.0
53.0
52.0
52.0
52.0
51.0
0.0


50.0
50.0
49.0
50.0
50.0
50.0
50.0
50.0
51.0
47.0
82.0
135.0
126.0
130.0
147.0
161.0
169.0
151.0
133.0
139.0
171.0
190.0
190.0
191.0
220.0
154.0
60.0
58.0
56.0
54.0
53.0
53.0
52.0
52.0
52.0
52.0
52.0
52.0
51.0
50.0
0.0


50.0
50.0
50.0
51.0
51.0
51.0
50.0
50.0
52.0
48.0
75.0
134.0
124.0
122.0
135.0
150.0
157.0
140.0
131.0
119.0
156.0
189.0
188.0
196.0
242.0
135.0
58.0
60.0
57.0
54.0
52.0
52.0
52.0
52.0
52.0
52.0
52.0
52.0
51.0
50.0
0.0


50.0
50.0
51.0
51.0
51.0
50.0
51.0
51.0
52.0
50.0
67.0
134.0
121.0
115.0
128.0
145.0
135.0
133.0
125.0
123.0
139.0
179.0
203.0
206.0
244.0
125.0
58.0
61.0
56.0
54.0
53.0
52.0
52.0
52.0
51.0
51.0
51.0
51.0
51.0
50.0
0.0


50.0
51.0
50.0
51.0
51.0
51.0
51.0
52.0
52.0
52.0
57.0
127.0
126.0
117.0
125.0
132.0
124.0
137.0
123.0
129.0
145.0
169.0
202.0
207.0
247.0
113.0
58.0
61.0
56.0
54.0
53.0
52.0
52.0
51.0
50.0
50.0
50.0
50.0
49.0
50.0
0.0


51.0
50.0
50.0
51.0
51.0
51.0
53.0
52.0
53.0
55.0
52.0
106.0
141.0
125.0
122.0
119.0
122.0
137.0
128.0
137.0
150.0
177.0
204.0
206.0
247.0
103.0
58.0
61.0
56.0
53.0
53.0
52.0
50.0
50.0
48.0
49.0
48.0
49.0
49.0
50.0
0.0


52.0
51.0
50.0
51.0
51.0
52.0
53.0
52.0
53.0
56.0
54.0
80.0
149.0
130.0
121.0
109.0
120.0
142.0
139.0
151.0
166.0
189.0
210.0
208.0
243.0
88.0
59.0
61.0
57.0
53.0
51.0
50.0
49.0
49.0
47.0
48.0
47.0
47.0
50.0
51.0
0.0


51.0
50.0
51.0
51.0
52.0
53.0
53.0
53.0
54.0
58.0
60.0
62.0
125.0
141.0
130.0
120.0
124.0
149.0
151.0
166.0
180.0
200.0
208.0
228.0
174.0
67.0
64.0
60.0
57.0
54.0
51.0
50.0
50.0
50.0
48.0
48.0
47.0
48.0
51.0
50.0
0.0


51.0
51.0
51.0
51.0
51.0
53.0
54.0
54.0
56.0
58.0
63.0
61.0
84.0
152.0
139.0
138.0
134.0
149.0
165.0
180.0
195.0
206.0
209.0
243.0
153.0
67.0
66.0
61.0
58.0
56.0
53.0
53.0
52.0
51.0
51.0
52.0
49.0
51.0
52.0
52.0
0.0


52.0
51.0
51.0
52.0
51.0
52.0
54.0
55.0
57.0
60.0
63.0
66.0
64.0
120.0
156.0
148.0
150.0
155.0
172.0
193.0
203.0
211.0
215.0
228.0
186.0
80.0
67.0
64.0
62.0
59.0
57.0
56.0
55.0
54.0
53.0
54.0
54.0
54.0
54.0
54.0
0.0


51.0
51.0
51.0
51.0
52.0
51.0
54.0
55.0
58.0
61.0
63.0
66.0
66.0
83.0
171.0
174.0
170.0
176.0
180.0
189.0
201.0
215.0
222.0
215.0
241.0
105.0
67.0
66.0
63.0
62.0
59.0
59.0
58.0
57.0
55.0
56.0
56.0
57.0
57.0
56.0
0.0


51.0
51.0
51.0
52.0
52.0
52.0
54.0
56.0
58.0
60.0
64.0
67.0
70.0
68.0
106.0
207.0
190.0
188.0
188.0
192.0
200.0
212.0
219.0
212.0
243.0
141.0
67.0
66.0
64.0
62.0
60.0
59.0
59.0
58.0
57.0
57.0
58.0
57.0
58.0
57.0
0.0


52.0
52.0
52.0
52.0
53.0
53.0
55.0
56.0
57.0
61.0
64.0
68.0
68.0
73.0
75.0
151.0
200.0
188.0
191.0
190.0
194.0
206.0
215.0
213.0
216.0
192.0
79.0
65.0
65.0
63.0
61.0
60.0
59.0
59.0
58.0
58.0
57.0
57.0
58.0
57.0
0.0


52.0
52.0
52.0
53.0
53.0
55.0
55.0
55.0
58.0
61.0
64.0
68.0
70.0
75.0
75.0
111.0
193.0
178.0
180.0
183.0
183.0
197.0
206.0
210.0
205.0
242.0
106.0
64.0
66.0
64.0
62.0
60.0
60.0
58.0
57.0
58.0
56.0
57.0
58.0
57.0
0.0


0.0
0.0
0.0
0.0
0.0
0.0
0.0
0.0
0.0
0.0
0.0
0.0
0.0
0.0
0.0
0.0
0.0
0.0
0.0
0.0
0.0
0.0
0.0
0.0
0.0
0.0
0.0
0.0
0.0
0.0
0.0
0.0
0.0
0.0
0.0
0.0
0.0
0.0
0.0
0.0
0.0


