48.0
49.0
48.0
48.0
47.0
48.0
49.0
49.0
49.0
49.0
50.0
50.0
50.0
51.0
52.0
51.0
51.0
52.0
48.0
71.0
124.0
99.0
48.0
51.0
50.0
51.0
51.0
55.0
56.0
50.0
53.0
52.0
51.0
52.0
51.0
51.0
49.0
49.0
49.0
50.0
0.0


49.0
48.0
48.0
48.0
48.0
48.0
48.0
49.0
50.0
50.0
50.0
49.0
51.0
51.0
49.0
51.0
50.0
52.0
46.0
97.0
136.0
144.0
54.0
49.0
50.0
51.0
51.0
52.0
54.0
56.0
50.0
52.0
51.0
52.0
52.0
51.0
48.0
48.0
49.0
50.0
0.0


49.0
49.0
48.0
49.0
48.0
48.0
48.0
48.0
49.0
50.0
49.0
52.0
93.0
111.0
57.0
48.0
50.0
51.0
47.0
99.0
156.0
161.0
59.0
48.0
50.0
50.0
52.0
50.0
85.0
127.0
71.0
49.0
52.0
51.0
52.0
50.0
49.0
48.0
49.0
50.0
0.0


49.0
49.0
48.0
48.0
48.0
48.0
48.0
48.0
49.0
50.0
47.0
58.0
119.0
148.0
82.0
45.0
51.0
51.0
49.0
105.0
146.0
177.0
71.0
46.0
50.0
51.0
49.0
55.0
118.0
157.0
101.0
47.0
52.0
51.0
51.0
51.0
49.0
49.0
50.0
51.0
0.0


49.0
49.0
49.0
48.0
48.0
48.0
48.0
48.0
50.0
49.0
49.0
50.0
114.0
153.0
100.0
45.0
52.0
51.0
50.0
111.0
147.0
182.0
76.0
46.0
51.0
51.0
47.0
64.0
131.0
165.0
96.0
46.0
52.0
51.0
51.0
51.0
50.0
50.0
50.0
52.0
0.0


49.0
48.0
49.0
50.0
48.0
48.0
49.0
49.0
50.0
49.0
49.0
48.0
110.0
142.0
130.0
51.0
50.0
51.0
52.0
123.0
159.0
195.0
77.0
45.0
50.0
50.0
47.0
84.0
132.0
167.0
92.0
45.0
51.0
50.0
51.0
52.0
51.0
51.0
52.0
53.0
0.0


48.0
48.0
48.0
50.0
49.0
48.0
49.0
50.0
49.0
49.0
49.0
47.0
106.0
130.0
155.0
67.0
48.0
51.0
55.0
128.0
153.0
194.0
83.0
44.0
51.0
49.0
51.0
111.0
138.0
174.0
82.0
44.0
50.0
51.0
52.0
52.0
51.0
51.0
52.0
54.0
0.0


48.0
48.0
49.0
49.0
49.0
47.0
48.0
51.0
48.0
48.0
50.0
44.0
95.0
145.0
171.0
88.0
46.0
52.0
58.0
134.0
155.0
197.0
82.0
43.0
51.0
48.0
61.0
135.0
148.0
178.0
66.0
48.0
50.0
50.0
51.0
52.0
52.0
52.0
52.0
54.0
0.0


48.0
48.0
48.0
49.0
47.0
53.0
55.0
49.0
49.0
48.0
50.0
43.0
76.0
151.0
164.0
109.0
47.0
51.0
60.0
145.0
157.0
203.0
78.0
42.0
51.0
46.0
80.0
138.0
160.0
153.0
51.0
49.0
50.0
51.0
51.0
52.0
52.0
53.0
53.0
53.0
0.0


47.0
47.0
48.0
49.0
48.0
98.0
125.0
57.0
45.0
48.0
48.0
44.0
63.0
141.0
158.0
133.0
51.0
50.0
66.0
157.0
164.0
206.0
77.0
43.0
51.0
49.0
107.0
138.0
177.0
125.0
46.0
51.0
51.0
51.0
51.0
52.0
52.0
52.0
53.0
53.0
0.0


48.0
47.0
48.0
49.0
46.0
102.0
159.0
101.0
42.0
48.0
46.0
44.0
55.0
133.0
149.0
161.0
63.0
46.0
78.0
180.0
170.0
223.0
86.0
45.0
48.0
66.0
140.0
144.0
201.0
102.0
45.0
53.0
51.0
51.0
51.0
51.0
51.0
51.0
52.0
53.0
0.0


48.0
48.0
48.0
50.0
43.0
71.0
152.0
155.0
70.0
42.0
47.0
45.0
51.0
126.0
145.0
184.0
84.0
42.0
86.0
168.0
155.0
205.0
80.0
46.0
47.0
97.0
169.0
155.0
212.0
84.0
46.0
53.0
51.0
52.0
51.0
51.0
51.0
51.0
52.0
52.0
0.0


49.0
49.0
48.0
49.0
48.0
51.0
139.0
154.0
139.0
50.0
47.0
47.0
49.0
126.0
158.0
194.0
124.0
43.0
86.0
151.0
144.0
193.0
74.0
46.0
56.0
118.0
139.0
167.0
192.0
62.0
50.0
53.0
51.0
52.0
51.0
52.0
52.0
51.0
51.0
53.0
0.0


49.0
48.0
48.0
49.0
50.0
43.0
94.0
167.0
175.0
92.0
43.0
51.0
46.0
114.0
154.0
159.0
155.0
49.0
82.0
164.0
153.0
189.0
72.0
45.0
78.0
128.0
131.0
192.0
127.0
47.0
55.0
52.0
51.0
51.0
51.0
52.0
51.0
51.0
52.0
53.0
0.0


49.0
48.0
48.0
48.0
49.0
46.0
52.0
145.0
152.0
152.0
64.0
47.0
45.0
90.0
145.0
148.0
156.0
96.0
108.0
167.0
168.0
180.0
65.0
48.0
100.0
135.0
148.0
212.0
82.0
47.0
55.0
53.0
51.0
51.0
51.0
50.0
52.0
52.0
52.0
53.0
0.0


49.0
48.0
48.0
47.0
48.0
49.0
42.0
86.0
164.0
151.0
140.0
55.0
44.0
69.0
155.0
156.0
130.0
130.0
153.0
172.0
189.0
169.0
57.0
56.0
129.0
141.0
165.0
171.0
57.0
52.0
54.0
53.0
51.0
51.0
51.0
50.0
51.0
51.0
51.0
53.0
0.0


49.0
48.0
48.0
48.0
47.0
48.0
47.0
50.0
139.0
161.0
190.0
96.0
43.0
56.0
141.0
169.0
146.0
144.0
155.0
167.0
177.0
159.0
57.0
94.0
159.0
148.0
201.0
118.0
47.0
56.0
54.0
52.0
52.0
51.0
50.0
51.0
50.0
51.0
52.0
52.0
0.0


49.0
49.0
48.0
48.0
47.0
47.0
50.0
43.0
83.0
180.0
147.0
144.0
62.0
45.0
122.0
192.0
163.0
149.0
167.0
182.0
133.0
113.0
95.0
121.0
129.0
153.0
213.0
78.0
50.0
56.0
55.0
53.0
52.0
52.0
50.0
51.0
51.0
52.0
52.0
52.0
0.0


49.0
48.0
48.0
48.0
48.0
48.0
49.0
48.0
49.0
125.0
141.0
149.0
110.0
43.0
103.0
161.0
154.0
151.0
172.0
202.0
165.0
108.0
109.0
113.0
118.0
146.0
176.0
64.0
54.0
56.0
55.0
52.0
52.0
51.0
51.0
51.0
50.0
51.0
52.0
52.0
0.0


49.0
49.0
49.0
49.0
48.0
48.0
49.0
51.0
44.0
82.0
151.0
133.0
141.0
84.0
96.0
138.0
153.0
156.0
173.0
184.0
214.0
140.0
119.0
130.0
134.0
165.0
165.0
59.0
56.0
57.0
55.0
53.0
52.0
51.0
51.0
52.0
50.0
50.0
52.0
53.0
0.0


49.0
50.0
49.0
49.0
49.0
48.0
49.0
50.0
50.0
54.0
132.0
141.0
125.0
103.0
107.0
137.0
155.0
161.0
168.0
186.0
195.0
194.0
132.0
130.0
135.0
184.0
148.0
58.0
59.0
57.0
54.0
53.0
52.0
51.0
51.0
52.0
51.0
52.0
52.0
53.0
0.0


49.0
49.0
49.0
49.0
49.0
49.0
49.0
50.0
51.0
46.0
100.0
146.0
109.0
105.0
122.0
140.0
152.0
167.0
162.0
175.0
183.0
210.0
164.0
130.0
151.0
196.0
118.0
56.0
64.0
56.0
56.0
53.0
52.0
52.0
51.0
51.0
51.0
52.0
52.0
52.0
0.0


50.0
49.0
49.0
50.0
50.0
49.0
50.0
51.0
51.0
47.0
76.0
133.0
111.0
113.0
125.0
137.0
147.0
168.0
169.0
167.0
178.0
190.0
195.0
138.0
143.0
182.0
107.0
54.0
60.0
57.0
55.0
53.0
52.0
52.0
51.0
52.0
52.0
52.0
52.0
52.0
0.0


50.0
49.0
50.0
50.0
50.0
50.0
51.0
52.0
52.0
51.0
62.0
131.0
119.0
117.0
128.0
137.0
155.0
159.0
169.0
160.0
162.0
176.0
188.0
185.0
152.0
187.0
106.0
53.0
60.0
57.0
55.0
54.0
52.0
51.0
51.0
52.0
52.0
51.0
51.0
52.0
0.0


50.0
51.0
51.0
51.0
51.0
52.0
52.0
52.0
52.0
54.0
52.0
109.0
131.0
132.0
138.0
142.0
143.0
155.0
163.0
146.0
150.0
163.0
175.0
189.0
171.0
196.0
115.0
55.0
60.0
57.0
55.0
54.0
53.0
52.0
52.0
52.0
52.0
51.0
52.0
52.0
0.0


50.0
51.0
51.0
51.0
52.0
52.0
52.0
53.0
53.0
55.0
51.0
93.0
145.0
127.0
123.0
131.0
144.0
160.0
146.0
119.0
132.0
153.0
168.0
176.0
180.0
211.0
127.0
58.0
61.0
57.0
56.0
54.0
53.0
52.0
52.0
52.0
52.0
52.0
52.0
52.0
0.0


51.0
51.0
51.0
52.0
52.0
53.0
54.0
54.0
54.0
55.0
52.0
87.0
132.0
113.0
118.0
133.0
146.0
146.0
128.0
87.0
113.0
153.0
161.0
162.0
175.0
226.0
134.0
58.0
61.0
58.0
56.0
54.0
52.0
52.0
52.0
52.0
52.0
52.0
52.0
52.0
0.0


51.0
51.0
51.0
52.0
53.0
54.0
56.0
56.0
56.0
56.0
53.0
81.0
133.0
116.0
116.0
127.0
139.0
136.0
115.0
95.0
100.0
144.0
169.0
166.0
183.0
244.0
126.0
58.0
62.0
57.0
55.0
54.0
53.0
53.0
52.0
51.0
52.0
53.0
53.0
52.0
0.0


52.0
52.0
52.0
52.0
54.0
55.0
56.0
56.0
56.0
56.0
53.0
77.0
137.0
117.0
110.0
121.0
139.0
117.0
111.0
113.0
118.0
136.0
167.0
194.0
201.0
246.0
112.0
56.0
61.0
57.0
55.0
54.0
53.0
53.0
52.0
52.0
52.0
52.0
52.0
51.0
0.0


52.0
52.0
52.0
53.0
55.0
56.0
56.0
57.0
57.0
58.0
56.0
70.0
140.0
120.0
108.0
123.0
134.0
105.0
123.0
119.0
130.0
142.0
163.0
194.0
204.0
244.0
95.0
59.0
61.0
58.0
56.0
54.0
53.0
53.0
52.0
52.0
52.0
52.0
52.0
50.0
0.0


53.0
53.0
53.0
54.0
56.0
56.0
58.0
58.0
59.0
59.0
60.0
62.0
133.0
130.0
115.0
124.0
123.0
115.0
133.0
126.0
135.0
151.0
174.0
196.0
208.0
210.0
80.0
61.0
61.0
57.0
56.0
54.0
53.0
53.0
52.0
52.0
51.0
51.0
51.0
50.0
0.0


55.0
53.0
53.0
55.0
56.0
57.0
58.0
59.0
59.0
60.0
63.0
57.0
110.0
149.0
129.0
121.0
114.0
118.0
134.0
137.0
145.0
162.0
183.0
203.0
216.0
182.0
71.0
63.0
61.0
57.0
54.0
54.0
53.0
51.0
50.0
51.0
50.0
50.0
51.0
51.0
0.0


54.0
53.0
53.0
54.0
56.0
57.0
58.0
59.0
60.0
61.0
62.0
59.0
83.0
155.0
140.0
122.0
108.0
120.0
142.0
149.0
160.0
174.0
194.0
205.0
242.0
147.0
63.0
65.0
61.0
57.0
54.0
52.0
52.0
51.0
49.0
50.0
50.0
50.0
50.0
51.0
0.0


53.0
54.0
54.0
54.0
56.0
58.0
59.0
60.0
62.0
63.0
64.0
64.0
66.0
132.0
148.0
134.0
120.0
135.0
151.0
160.0
173.0
187.0
206.0
207.0
248.0
108.0
62.0
66.0
61.0
57.0
55.0
54.0
53.0
53.0
51.0
51.0
51.0
50.0
51.0
52.0
0.0


54.0
54.0
54.0
55.0
55.0
57.0
60.0
61.0
62.0
63.0
65.0
66.0
62.0
100.0
152.0
143.0
147.0
151.0
148.0
170.0
185.0
201.0
211.0
210.0
244.0
95.0
64.0
66.0
60.0
58.0
56.0
56.0
54.0
53.0
53.0
53.0
52.0
52.0
52.0
53.0
0.0


54.0
55.0
55.0
55.0
55.0
57.0
60.0
60.0
62.0
64.0
65.0
67.0
68.0
79.0
151.0
156.0
163.0
158.0
158.0
175.0
196.0
205.0
214.0
211.0
248.0
113.0
65.0
66.0
60.0
58.0
56.0
56.0
55.0
54.0
53.0
53.0
53.0
53.0
52.0
53.0
0.0


54.0
54.0
54.0
56.0
55.0
57.0
60.0
59.0
61.0
64.0
66.0
67.0
71.0
68.0
123.0
198.0
181.0
176.0
176.0
180.0
190.0
205.0
221.0
218.0
247.0
148.0
67.0
65.0
61.0
57.0
57.0
56.0
55.0
54.0
53.0
54.0
54.0
52.0
52.0
53.0
0.0


54.0
55.0
55.0
56.0
56.0
56.0
59.0
59.0
61.0
64.0
66.0
68.0
70.0
71.0
80.0
171.0
203.0
194.0
192.0
192.0
195.0
207.0
216.0
218.0
223.0
195.0
81.0
63.0
61.0
58.0
57.0
55.0
55.0
55.0
53.0
53.0
53.0
53.0
53.0
53.0
0.0


55.0
55.0
55.0
56.0
57.0
56.0
58.0
59.0
61.0
63.0
67.0
69.0
71.0
75.0
71.0
114.0
209.0
189.0
191.0
190.0
193.0
202.0
212.0
215.0
207.0
242.0
106.0
61.0
63.0
60.0
57.0
57.0
55.0
55.0
54.0
54.0
54.0
53.0
53.0
53.0
0.0


55.0
56.0
56.0
56.0
56.0
57.0
59.0
59.0
60.0
63.0
67.0
70.0
71.0
74.0
76.0
87.0
172.0
181.0
178.0
183.0
183.0
189.0
204.0
210.0
207.0
243.0
146.0
66.0
66.0
61.0
60.0
59.0
57.0
56.0
55.0
55.0
54.0
54.0
54.0
53.0
0.0


0.0
0.0
0.0
0.0
0.0
0.0
0.0
0.0
0.0
0.0
0.0
0.0
0.0
0.0
0.0
0.0
0.0
0.0
0.0
0.0
0.0
0.0
0.0
0.0
0.0
0.0
0.0
0.0
0.0
0.0
0.0
0.0
0.0
0.0
0.0
0.0
0.0
0.0
0.0
0.0
0.0


