48.0
48.0
47.0
48.0
49.0
51.0
50.0
50.0
50.0
50.0
50.0
51.0
48.0
63.0
72.0
50.0
49.0
50.0
50.0
55.0
49.0
50.0
50.0
51.0
51.0
53.0
52.0
51.0
52.0
51.0
52.0
51.0
50.0
49.0
50.0
49.0
50.0
52.0
55.0
55.0
0.0


48.0
49.0
48.0
47.0
49.0
50.0
51.0
50.0
50.0
50.0
50.0
51.0
52.0
103.0
142.0
89.0
45.0
51.0
50.0
51.0
49.0
50.0
50.0
50.0
50.0
52.0
68.0
56.0
50.0
51.0
51.0
51.0
50.0
49.0
48.0
48.0
49.0
51.0
54.0
55.0
0.0


49.0
49.0
49.0
48.0
49.0
49.0
50.0
50.0
51.0
51.0
51.0
50.0
50.0
118.0
146.0
133.0
49.0
50.0
50.0
51.0
50.0
51.0
50.0
50.0
48.0
67.0
127.0
114.0
53.0
51.0
51.0
52.0
50.0
48.0
48.0
48.0
49.0
51.0
55.0
54.0
0.0


48.0
49.0
50.0
48.0
49.0
50.0
49.0
50.0
51.0
51.0
50.0
52.0
45.0
99.0
150.0
162.0
70.0
46.0
52.0
50.0
50.0
50.0
50.0
51.0
46.0
88.0
145.0
148.0
59.0
50.0
51.0
51.0
50.0
48.0
48.0
49.0
50.0
51.0
55.0
55.0
0.0


49.0
50.0
49.0
49.0
49.0
50.0
50.0
50.0
50.0
50.0
50.0
52.0
45.0
88.0
142.0
160.0
106.0
44.0
51.0
49.0
49.0
50.0
50.0
52.0
49.0
101.0
148.0
148.0
56.0
50.0
50.0
50.0
50.0
48.0
48.0
49.0
51.0
52.0
54.0
54.0
0.0


50.0
50.0
49.0
49.0
49.0
49.0
50.0
50.0
50.0
50.0
50.0
52.0
45.0
74.0
146.0
155.0
136.0
49.0
49.0
48.0
49.0
51.0
52.0
49.0
57.0
118.0
141.0
150.0
55.0
50.0
50.0
51.0
50.0
49.0
49.0
50.0
52.0
53.0
54.0
54.0
0.0


49.0
50.0
49.0
48.0
48.0
49.0
50.0
49.0
49.0
50.0
49.0
51.0
46.0
63.0
151.0
151.0
162.0
61.0
47.0
49.0
49.0
51.0
51.0
46.0
71.0
139.0
149.0
141.0
52.0
50.0
50.0
51.0
51.0
50.0
50.0
50.0
52.0
53.0
55.0
55.0
0.0


48.0
49.0
49.0
48.0
48.0
49.0
50.0
48.0
50.0
49.0
49.0
50.0
47.0
55.0
136.0
144.0
177.0
76.0
43.0
50.0
49.0
50.0
52.0
45.0
93.0
145.0
172.0
122.0
47.0
52.0
50.0
51.0
51.0
51.0
51.0
52.0
52.0
53.0
55.0
54.0
0.0


49.0
49.0
50.0
50.0
50.0
50.0
50.0
49.0
50.0
50.0
49.0
49.0
49.0
50.0
123.0
150.0
179.0
99.0
42.0
49.0
48.0
51.0
50.0
51.0
114.0
139.0
192.0
96.0
45.0
52.0
51.0
51.0
51.0
51.0
51.0
52.0
52.0
53.0
55.0
55.0
0.0


49.0
50.0
50.0
51.0
51.0
52.0
49.0
49.0
49.0
49.0
48.0
48.0
48.0
46.0
111.0
156.0
172.0
125.0
43.0
49.0
48.0
50.0
47.0
65.0
136.0
142.0
194.0
77.0
45.0
52.0
51.0
51.0
51.0
51.0
51.0
51.0
52.0
53.0
54.0
55.0
0.0


48.0
49.0
49.0
50.0
51.0
50.0
48.0
49.0
48.0
47.0
48.0
48.0
49.0
43.0
100.0
162.0
167.0
152.0
52.0
47.0
48.0
50.0
45.0
93.0
153.0
153.0
185.0
65.0
48.0
51.0
51.0
51.0
50.0
50.0
50.0
51.0
53.0
52.0
54.0
54.0
0.0


48.0
49.0
49.0
50.0
50.0
49.0
49.0
49.0
48.0
48.0
49.0
48.0
50.0
44.0
95.0
167.0
164.0
191.0
69.0
44.0
48.0
49.0
52.0
133.0
165.0
167.0
168.0
56.0
50.0
51.0
51.0
50.0
50.0
50.0
49.0
51.0
52.0
52.0
54.0
54.0
0.0


48.0
49.0
50.0
50.0
50.0
50.0
49.0
49.0
49.0
49.0
49.0
49.0
51.0
45.0
89.0
164.0
153.0
189.0
86.0
44.0
49.0
45.0
68.0
136.0
137.0
196.0
132.0
47.0
53.0
52.0
52.0
50.0
49.0
50.0
50.0
51.0
52.0
52.0
53.0
54.0
0.0


49.0
49.0
49.0
50.0
50.0
51.0
50.0
49.0
50.0
50.0
49.0
50.0
53.0
44.0
75.0
155.0
147.0
189.0
97.0
44.0
50.0
45.0
92.0
127.0
135.0
207.0
85.0
47.0
55.0
52.0
51.0
50.0
50.0
51.0
50.0
51.0
52.0
52.0
53.0
54.0
0.0


49.0
49.0
49.0
50.0
50.0
51.0
51.0
50.0
50.0
50.0
50.0
51.0
48.0
55.0
54.0
146.0
162.0
194.0
110.0
43.0
49.0
54.0
117.0
132.0
159.0
173.0
57.0
50.0
52.0
52.0
51.0
50.0
50.0
50.0
51.0
51.0
51.0
52.0
53.0
53.0
0.0


48.0
49.0
49.0
49.0
49.0
50.0
51.0
50.0
51.0
50.0
51.0
48.0
93.0
161.0
117.0
129.0
184.0
199.0
127.0
48.0
47.0
68.0
141.0
138.0
184.0
130.0
47.0
54.0
52.0
51.0
51.0
50.0
51.0
51.0
51.0
51.0
51.0
52.0
53.0
53.0
0.0


48.0
48.0
48.0
49.0
49.0
50.0
51.0
51.0
51.0
51.0
48.0
59.0
155.0
153.0
169.0
157.0
165.0
201.0
160.0
54.0
44.0
108.0
160.0
145.0
207.0
89.0
47.0
56.0
53.0
51.0
51.0
50.0
51.0
51.0
51.0
52.0
52.0
52.0
52.0
53.0
0.0


49.0
49.0
49.0
48.0
49.0
50.0
51.0
51.0
51.0
52.0
50.0
56.0
139.0
145.0
151.0
122.0
123.0
168.0
175.0
92.0
87.0
143.0
136.0
158.0
179.0
61.0
51.0
54.0
53.0
51.0
50.0
50.0
50.0
50.0
51.0
51.0
52.0
51.0
52.0
52.0
0.0


49.0
48.0
48.0
48.0
49.0
50.0
51.0
51.0
51.0
52.0
50.0
52.0
127.0
143.0
142.0
121.0
144.0
151.0
147.0
126.0
119.0
112.0
112.0
151.0
145.0
53.0
56.0
54.0
53.0
51.0
50.0
49.0
50.0
50.0
50.0
51.0
51.0
51.0
52.0
52.0
0.0


49.0
49.0
49.0
48.0
49.0
50.0
50.0
50.0
51.0
51.0
53.0
44.0
113.0
146.0
141.0
155.0
169.0
165.0
175.0
124.0
113.0
121.0
121.0
161.0
136.0
53.0
58.0
56.0
53.0
51.0
50.0
50.0
49.0
50.0
50.0
51.0
51.0
51.0
52.0
52.0
0.0


50.0
49.0
48.0
49.0
49.0
50.0
50.0
50.0
51.0
51.0
48.0
59.0
127.0
159.0
147.0
170.0
171.0
182.0
209.0
174.0
130.0
128.0
129.0
184.0
128.0
52.0
56.0
55.0
53.0
51.0
50.0
49.0
50.0
50.0
50.0
51.0
51.0
51.0
52.0
52.0
0.0


49.0
49.0
49.0
49.0
49.0
50.0
50.0
51.0
52.0
48.0
88.0
155.0
169.0
167.0
157.0
180.0
173.0
189.0
193.0
207.0
168.0
133.0
144.0
184.0
109.0
50.0
62.0
55.0
54.0
52.0
51.0
51.0
50.0
50.0
50.0
50.0
51.0
51.0
52.0
52.0
0.0


49.0
49.0
49.0
49.0
49.0
49.0
50.0
51.0
47.0
67.0
174.0
165.0
158.0
180.0
172.0
188.0
195.0
186.0
204.0
204.0
206.0
146.0
132.0
173.0
103.0
50.0
62.0
57.0
53.0
52.0
51.0
51.0
50.0
50.0
50.0
51.0
51.0
51.0
51.0
51.0
0.0


49.0
50.0
49.0
50.0
50.0
50.0
50.0
51.0
47.0
111.0
175.0
162.0
149.0
163.0
189.0
182.0
191.0
193.0
199.0
206.0
233.0
162.0
133.0
171.0
110.0
53.0
57.0
55.0
54.0
53.0
51.0
51.0
50.0
50.0
51.0
50.0
51.0
51.0
51.0
51.0
0.0


50.0
51.0
50.0
50.0
50.0
50.0
50.0
50.0
50.0
137.0
180.0
167.0
147.0
149.0
189.0
157.0
136.0
193.0
192.0
205.0
208.0
214.0
160.0
158.0
127.0
55.0
59.0
55.0
54.0
53.0
52.0
52.0
51.0
52.0
50.0
50.0
51.0
50.0
51.0
52.0
0.0


51.0
51.0
50.0
51.0
51.0
50.0
50.0
51.0
47.0
120.0
179.0
180.0
167.0
157.0
176.0
159.0
128.0
163.0
184.0
194.0
203.0
207.0
185.0
165.0
149.0
59.0
57.0
56.0
54.0
52.0
52.0
52.0
52.0
51.0
51.0
51.0
52.0
51.0
51.0
51.0
0.0


51.0
51.0
51.0
51.0
51.0
51.0
50.0
53.0
47.0
83.0
152.0
180.0
198.0
173.0
185.0
184.0
138.0
158.0
196.0
182.0
192.0
200.0
202.0
202.0
164.0
63.0
56.0
56.0
54.0
53.0
51.0
52.0
52.0
51.0
51.0
52.0
51.0
50.0
49.0
49.0
0.0


51.0
51.0
51.0
52.0
51.0
52.0
51.0
52.0
46.0
76.0
152.0
150.0
173.0
188.0
207.0
221.0
197.0
187.0
185.0
179.0
179.0
194.0
190.0
205.0
174.0
66.0
58.0
55.0
54.0
53.0
53.0
52.0
51.0
51.0
51.0
52.0
50.0
49.0
48.0
46.0
0.0


51.0
52.0
51.0
51.0
52.0
52.0
51.0
52.0
45.0
80.0
136.0
131.0
150.0
182.0
198.0
174.0
180.0
201.0
155.0
154.0
180.0
191.0
184.0
218.0
163.0
63.0
58.0
55.0
54.0
53.0
53.0
52.0
52.0
52.0
52.0
52.0
50.0
50.0
49.0
48.0
0.0


52.0
52.0
53.0
52.0
53.0
53.0
52.0
53.0
46.0
76.0
138.0
127.0
135.0
161.0
181.0
174.0
167.0
182.0
144.0
130.0
168.0
190.0
196.0
235.0
154.0
61.0
58.0
56.0
54.0
53.0
53.0
52.0
51.0
52.0
51.0
51.0
51.0
50.0
51.0
51.0
0.0


52.0
53.0
53.0
53.0
53.0
53.0
53.0
54.0
49.0
71.0
139.0
122.0
123.0
144.0
172.0
171.0
171.0
162.0
133.0
135.0
151.0
189.0
208.0
242.0
144.0
60.0
58.0
55.0
54.0
53.0
52.0
52.0
51.0
51.0
50.0
50.0
50.0
50.0
51.0
52.0
0.0


53.0
53.0
53.0
53.0
54.0
53.0
54.0
53.0
52.0
61.0
134.0
125.0
123.0
134.0
149.0
152.0
167.0
137.0
129.0
139.0
160.0
185.0
204.0
245.0
132.0
58.0
60.0
55.0
54.0
53.0
52.0
51.0
49.0
50.0
49.0
49.0
49.0
51.0
52.0
52.0
0.0


52.0
53.0
54.0
54.0
54.0
54.0
54.0
54.0
55.0
53.0
116.0
139.0
128.0
128.0
129.0
137.0
155.0
132.0
140.0
150.0
168.0
198.0
205.0
248.0
115.0
58.0
61.0
56.0
53.0
52.0
51.0
50.0
49.0
49.0
49.0
49.0
50.0
51.0
52.0
52.0
0.0


52.0
53.0
53.0
54.0
54.0
54.0
54.0
54.0
57.0
53.0
84.0
154.0
132.0
127.0
119.0
128.0
153.0
140.0
153.0
167.0
185.0
205.0
205.0
242.0
89.0
59.0
61.0
56.0
53.0
52.0
51.0
52.0
50.0
49.0
50.0
50.0
50.0
51.0
52.0
52.0
0.0


52.0
52.0
53.0
55.0
55.0
55.0
55.0
56.0
57.0
58.0
61.0
131.0
144.0
132.0
125.0
126.0
154.0
155.0
167.0
181.0
196.0
209.0
226.0
175.0
70.0
63.0
59.0
56.0
56.0
53.0
52.0
52.0
52.0
51.0
51.0
50.0
51.0
52.0
53.0
52.0
0.0


53.0
53.0
54.0
55.0
56.0
56.0
56.0
56.0
57.0
61.0
60.0
84.0
155.0
140.0
143.0
140.0
149.0
166.0
183.0
198.0
209.0
210.0
237.0
159.0
67.0
63.0
59.0
57.0
57.0
55.0
53.0
53.0
52.0
52.0
52.0
51.0
52.0
52.0
52.0
52.0
0.0


53.0
53.0
54.0
55.0
57.0
56.0
56.0
56.0
58.0
63.0
67.0
65.0
121.0
163.0
153.0
156.0
160.0
171.0
189.0
203.0
212.0
217.0
220.0
202.0
82.0
61.0
60.0
58.0
56.0
55.0
54.0
53.0
52.0
52.0
52.0
53.0
53.0
51.0
52.0
52.0
0.0


53.0
53.0
54.0
55.0
56.0
56.0
56.0
57.0
61.0
64.0
67.0
67.0
79.0
166.0
182.0
177.0
182.0
185.0
189.0
198.0
211.0
221.0
212.0
246.0
108.0
57.0
62.0
58.0
57.0
55.0
54.0
53.0
52.0
53.0
52.0
53.0
53.0
52.0
53.0
52.0
0.0


54.0
55.0
54.0
55.0
56.0
56.0
57.0
57.0
61.0
65.0
67.0
70.0
69.0
98.0
206.0
196.0
195.0
194.0
196.0
201.0
211.0
217.0
212.0
242.0
148.0
63.0
63.0
59.0
57.0
56.0
55.0
54.0
53.0
53.0
53.0
52.0
53.0
52.0
52.0
53.0
0.0


54.0
54.0
54.0
55.0
56.0
56.0
56.0
58.0
63.0
66.0
67.0
70.0
74.0
73.0
146.0
206.0
191.0
194.0
191.0
193.0
204.0
212.0
213.0
213.0
200.0
78.0
61.0
62.0
58.0
57.0
57.0
55.0
55.0
55.0
54.0
54.0
54.0
53.0
54.0
53.0
0.0


0.0
0.0
0.0
0.0
0.0
0.0
0.0
0.0
0.0
0.0
0.0
0.0
0.0
0.0
0.0
0.0
0.0
0.0
0.0
0.0
0.0
0.0
0.0
0.0
0.0
0.0
0.0
0.0
0.0
0.0
0.0
0.0
0.0
0.0
0.0
0.0
0.0
0.0
0.0
0.0
0.0


