50.0
51.0
50.0
49.0
50.0
50.0
50.0
51.0
51.0
53.0
52.0
53.0
53.0
53.0
53.0
54.0
54.0
54.0
54.0
54.0
55.0
49.0
82.0
140.0
143.0
57.0
51.0
54.0
53.0
56.0
55.0
53.0
54.0
53.0
53.0
52.0
50.0
50.0
49.0
51.0
0.0


51.0
51.0
51.0
49.0
50.0
50.0
50.0
50.0
51.0
52.0
52.0
52.0
52.0
52.0
53.0
53.0
53.0
54.0
53.0
54.0
54.0
49.0
76.0
136.0
148.0
72.0
49.0
54.0
53.0
53.0
54.0
54.0
53.0
54.0
53.0
51.0
50.0
49.0
50.0
50.0
0.0


51.0
51.0
51.0
50.0
49.0
50.0
50.0
51.0
51.0
52.0
52.0
52.0
52.0
53.0
54.0
53.0
53.0
53.0
54.0
53.0
54.0
50.0
78.0
128.0
153.0
90.0
46.0
54.0
53.0
53.0
53.0
54.0
53.0
53.0
52.0
50.0
49.0
49.0
50.0
50.0
0.0


51.0
51.0
51.0
51.0
50.0
50.0
50.0
51.0
51.0
52.0
52.0
52.0
52.0
53.0
53.0
53.0
53.0
54.0
53.0
54.0
55.0
49.0
80.0
133.0
155.0
105.0
47.0
55.0
53.0
53.0
53.0
53.0
52.0
51.0
51.0
51.0
51.0
49.0
50.0
52.0
0.0


51.0
51.0
50.0
51.0
52.0
51.0
50.0
50.0
51.0
52.0
52.0
52.0
52.0
51.0
53.0
53.0
53.0
54.0
53.0
53.0
54.0
48.0
85.0
141.0
163.0
111.0
46.0
54.0
53.0
53.0
52.0
52.0
51.0
52.0
51.0
52.0
51.0
51.0
52.0
53.0
0.0


51.0
51.0
51.0
50.0
52.0
51.0
50.0
50.0
51.0
52.0
52.0
52.0
52.0
52.0
52.0
52.0
52.0
53.0
53.0
52.0
54.0
48.0
85.0
138.0
167.0
113.0
47.0
54.0
52.0
52.0
51.0
51.0
51.0
51.0
52.0
53.0
52.0
52.0
52.0
54.0
0.0


51.0
51.0
51.0
50.0
51.0
51.0
50.0
50.0
50.0
53.0
51.0
51.0
52.0
52.0
52.0
52.0
52.0
53.0
52.0
51.0
52.0
47.0
89.0
139.0
167.0
120.0
49.0
54.0
53.0
52.0
52.0
51.0
51.0
51.0
51.0
52.0
53.0
53.0
53.0
53.0
0.0


51.0
51.0
51.0
51.0
51.0
51.0
51.0
50.0
50.0
52.0
51.0
51.0
51.0
50.0
50.0
50.0
51.0
51.0
50.0
52.0
51.0
48.0
97.0
145.0
170.0
127.0
50.0
54.0
53.0
52.0
52.0
52.0
52.0
52.0
53.0
52.0
53.0
53.0
54.0
53.0
0.0


50.0
51.0
51.0
50.0
51.0
51.0
51.0
51.0
52.0
51.0
50.0
51.0
50.0
49.0
49.0
49.0
50.0
50.0
50.0
51.0
51.0
49.0
114.0
161.0
173.0
131.0
51.0
55.0
53.0
52.0
52.0
52.0
52.0
52.0
53.0
53.0
52.0
53.0
53.0
53.0
0.0


50.0
51.0
51.0
50.0
50.0
50.0
51.0
51.0
51.0
51.0
50.0
51.0
51.0
50.0
50.0
50.0
51.0
52.0
51.0
53.0
51.0
52.0
120.0
147.0
171.0
129.0
50.0
55.0
53.0
53.0
52.0
52.0
52.0
52.0
54.0
52.0
52.0
52.0
53.0
53.0
0.0


50.0
50.0
50.0
50.0
50.0
50.0
50.0
50.0
50.0
50.0
50.0
50.0
50.0
50.0
51.0
50.0
51.0
54.0
53.0
54.0
53.0
56.0
106.0
117.0
163.0
113.0
49.0
55.0
53.0
54.0
52.0
52.0
52.0
52.0
53.0
52.0
52.0
52.0
53.0
54.0
0.0


50.0
49.0
50.0
50.0
50.0
50.0
51.0
51.0
51.0
50.0
50.0
50.0
50.0
50.0
51.0
51.0
52.0
53.0
53.0
54.0
51.0
59.0
109.0
121.0
177.0
102.0
48.0
56.0
53.0
54.0
52.0
52.0
53.0
52.0
52.0
52.0
52.0
52.0
52.0
53.0
0.0


49.0
50.0
50.0
50.0
50.0
50.0
50.0
51.0
52.0
53.0
52.0
52.0
50.0
51.0
52.0
51.0
52.0
50.0
47.0
52.0
51.0
62.0
116.0
128.0
178.0
97.0
50.0
57.0
54.0
53.0
52.0
52.0
52.0
51.0
52.0
52.0
52.0
52.0
53.0
53.0
0.0


50.0
50.0
50.0
49.0
50.0
50.0
50.0
51.0
51.0
49.0
46.0
46.0
51.0
49.0
45.0
49.0
49.0
60.0
74.0
55.0
48.0
66.0
125.0
132.0
174.0
90.0
50.0
56.0
54.0
53.0
52.0
52.0
52.0
51.0
51.0
51.0
51.0
53.0
52.0
53.0
0.0


50.0
49.0
49.0
49.0
50.0
50.0
49.0
51.0
48.0
66.0
104.0
98.0
50.0
53.0
89.0
60.0
61.0
160.0
184.0
142.0
51.0
70.0
140.0
135.0
177.0
82.0
52.0
57.0
54.0
53.0
52.0
52.0
52.0
52.0
52.0
51.0
51.0
51.0
51.0
52.0
0.0


49.0
49.0
48.0
49.0
49.0
49.0
51.0
46.0
75.0
156.0
155.0
160.0
96.0
126.0
193.0
147.0
124.0
171.0
151.0
221.0
80.0
82.0
133.0
128.0
177.0
82.0
52.0
57.0
53.0
52.0
52.0
51.0
51.0
51.0
51.0
52.0
51.0
51.0
51.0
52.0
0.0


50.0
49.0
48.0
49.0
49.0
49.0
51.0
44.0
91.0
182.0
153.0
121.0
85.0
116.0
155.0
152.0
176.0
151.0
161.0
122.0
118.0
116.0
117.0
116.0
159.0
93.0
52.0
56.0
53.0
53.0
51.0
51.0
51.0
50.0
51.0
51.0
50.0
51.0
51.0
51.0
0.0


50.0
49.0
49.0
49.0
49.0
49.0
50.0
45.0
67.0
178.0
198.0
172.0
120.0
159.0
179.0
144.0
160.0
161.0
141.0
114.0
152.0
150.0
126.0
121.0
165.0
103.0
52.0
57.0
54.0
53.0
51.0
51.0
50.0
50.0
51.0
50.0
50.0
50.0
50.0
51.0
0.0


49.0
50.0
49.0
48.0
50.0
49.0
49.0
47.0
55.0
145.0
178.0
240.0
109.0
141.0
165.0
138.0
150.0
170.0
142.0
157.0
176.0
173.0
157.0
124.0
160.0
109.0
53.0
57.0
54.0
52.0
51.0
50.0
50.0
49.0
49.0
49.0
50.0
50.0
50.0
51.0
0.0


50.0
49.0
50.0
49.0
48.0
48.0
48.0
49.0
47.0
118.0
170.0
208.0
176.0
169.0
161.0
140.0
156.0
177.0
162.0
170.0
191.0
200.0
208.0
149.0
159.0
111.0
53.0
58.0
54.0
52.0
49.0
50.0
50.0
49.0
49.0
50.0
50.0
49.0
50.0
51.0
0.0


50.0
49.0
49.0
49.0
49.0
48.0
48.0
50.0
43.0
94.0
167.0
163.0
158.0
161.0
172.0
154.0
159.0
174.0
185.0
173.0
191.0
212.0
215.0
177.0
154.0
120.0
54.0
57.0
53.0
56.0
54.0
50.0
51.0
51.0
50.0
50.0
50.0
50.0
51.0
51.0
0.0


50.0
50.0
49.0
49.0
48.0
49.0
48.0
50.0
43.0
77.0
145.0
131.0
147.0
164.0
189.0
172.0
156.0
167.0
195.0
184.0
191.0
214.0
215.0
206.0
178.0
126.0
55.0
57.0
54.0
54.0
53.0
51.0
50.0
51.0
51.0
51.0
52.0
51.0
50.0
51.0
0.0


49.0
49.0
49.0
48.0
49.0
48.0
48.0
49.0
45.0
67.0
139.0
139.0
154.0
171.0
195.0
190.0
172.0
140.0
169.0
208.0
197.0
209.0
223.0
229.0
184.0
136.0
59.0
56.0
55.0
52.0
51.0
51.0
51.0
51.0
51.0
51.0
51.0
51.0
52.0
51.0
0.0


49.0
49.0
49.0
49.0
49.0
49.0
48.0
49.0
48.0
55.0
132.0
130.0
144.0
171.0
187.0
197.0
181.0
112.0
119.0
188.0
193.0
201.0
217.0
223.0
211.0
156.0
62.0
56.0
55.0
53.0
52.0
51.0
51.0
51.0
51.0
51.0
52.0
52.0
51.0
52.0
0.0


50.0
49.0
50.0
49.0
50.0
49.0
50.0
50.0
50.0
49.0
110.0
139.0
139.0
144.0
156.0
174.0
187.0
130.0
109.0
147.0
159.0
202.0
209.0
219.0
223.0
183.0
67.0
56.0
55.0
53.0
52.0
51.0
51.0
51.0
51.0
51.0
52.0
52.0
51.0
52.0
0.0


50.0
49.0
49.0
50.0
50.0
50.0
49.0
50.0
51.0
47.0
94.0
132.0
111.0
120.0
146.0
176.0
185.0
153.0
133.0
162.0
143.0
180.0
207.0
214.0
208.0
241.0
89.0
53.0
56.0
53.0
52.0
52.0
51.0
51.0
52.0
51.0
52.0
51.0
53.0
52.0
0.0


51.0
50.0
49.0
50.0
49.0
49.0
50.0
49.0
51.0
47.0
75.0
126.0
113.0
113.0
133.0
154.0
164.0
175.0
167.0
163.0
146.0
181.0
198.0
210.0
202.0
245.0
95.0
53.0
56.0
53.0
52.0
51.0
51.0
51.0
51.0
51.0
52.0
52.0
53.0
51.0
0.0


50.0
50.0
50.0
49.0
48.0
50.0
50.0
51.0
52.0
49.0
64.0
127.0
116.0
110.0
117.0
134.0
157.0
154.0
148.0
147.0
154.0
168.0
190.0
205.0
203.0
244.0
91.0
53.0
56.0
53.0
52.0
51.0
51.0
51.0
51.0
51.0
51.0
51.0
52.0
50.0
0.0


50.0
50.0
50.0
50.0
50.0
51.0
50.0
52.0
53.0
52.0
55.0
122.0
121.0
108.0
110.0
133.0
146.0
137.0
143.0
140.0
150.0
153.0
169.0
201.0
209.0
242.0
86.0
54.0
56.0
54.0
53.0
52.0
51.0
51.0
51.0
51.0
50.0
51.0
51.0
51.0
0.0


50.0
50.0
50.0
50.0
52.0
51.0
50.0
52.0
54.0
57.0
51.0
105.0
136.0
113.0
115.0
125.0
130.0
132.0
140.0
134.0
146.0
154.0
168.0
194.0
212.0
229.0
83.0
55.0
57.0
54.0
53.0
51.0
51.0
51.0
51.0
51.0
49.0
49.0
49.0
50.0
0.0


52.0
50.0
51.0
50.0
51.0
52.0
51.0
53.0
55.0
58.0
52.0
79.0
150.0
124.0
121.0
118.0
120.0
133.0
136.0
134.0
147.0
159.0
177.0
204.0
214.0
202.0
75.0
58.0
58.0
56.0
55.0
53.0
52.0
51.0
51.0
49.0
50.0
49.0
50.0
51.0
0.0


53.0
53.0
52.0
51.0
51.0
53.0
52.0
54.0
56.0
57.0
58.0
59.0
133.0
139.0
127.0
117.0
112.0
134.0
139.0
142.0
158.0
173.0
192.0
204.0
239.0
158.0
64.0
63.0
60.0
58.0
55.0
54.0
53.0
51.0
50.0
51.0
50.0
50.0
50.0
53.0
0.0


52.0
51.0
52.0
51.0
51.0
53.0
52.0
55.0
56.0
59.0
61.0
56.0
91.0
155.0
130.0
125.0
117.0
135.0
150.0
156.0
171.0
184.0
200.0
204.0
245.0
109.0
61.0
65.0
61.0
60.0
56.0
54.0
53.0
52.0
51.0
51.0
51.0
51.0
52.0
53.0
0.0


52.0
52.0
52.0
51.0
52.0
51.0
52.0
55.0
57.0
60.0
61.0
62.0
62.0
128.0
148.0
137.0
137.0
143.0
156.0
169.0
187.0
202.0
210.0
208.0
242.0
95.0
63.0
65.0
62.0
59.0
57.0
56.0
55.0
54.0
53.0
53.0
53.0
54.0
54.0
54.0
0.0


51.0
52.0
52.0
52.0
52.0
52.0
53.0
56.0
58.0
61.0
61.0
65.0
64.0
84.0
157.0
146.0
155.0
156.0
163.0
171.0
189.0
203.0
213.0
212.0
247.0
124.0
65.0
65.0
63.0
61.0
58.0
57.0
56.0
54.0
55.0
54.0
54.0
55.0
55.0
56.0
0.0


52.0
52.0
52.0
53.0
53.0
53.0
52.0
56.0
58.0
60.0
63.0
66.0
70.0
66.0
124.0
186.0
174.0
181.0
183.0
182.0
188.0
199.0
214.0
217.0
238.0
167.0
71.0
65.0
63.0
61.0
59.0
58.0
57.0
55.0
55.0
55.0
55.0
55.0
55.0
56.0
0.0


52.0
52.0
52.0
52.0
53.0
53.0
53.0
54.0
58.0
61.0
64.0
66.0
69.0
70.0
76.0
159.0
211.0
198.0
194.0
194.0
195.0
203.0
212.0
215.0
211.0
227.0
91.0
61.0
63.0
61.0
59.0
57.0
56.0
56.0
56.0
56.0
55.0
56.0
56.0
56.0
0.0


52.0
52.0
53.0
52.0
52.0
53.0
53.0
54.0
58.0
61.0
63.0
66.0
69.0
73.0
70.0
98.0
197.0
188.0
188.0
190.0
191.0
195.0
209.0
212.0
205.0
243.0
128.0
63.0
64.0
62.0
59.0
58.0
58.0
57.0
56.0
56.0
55.0
56.0
56.0
56.0
0.0


52.0
52.0
52.0
52.0
53.0
53.0
54.0
54.0
57.0
61.0
64.0
68.0
71.0
72.0
76.0
78.0
154.0
186.0
178.0
184.0
185.0
186.0
198.0
206.0
208.0
228.0
174.0
72.0
63.0
62.0
60.0
59.0
58.0
56.0
56.0
56.0
55.0
55.0
56.0
56.0
0.0


51.0
52.0
53.0
52.0
53.0
53.0
55.0
55.0
58.0
62.0
64.0
69.0
71.0
72.0
77.0
75.0
128.0
178.0
167.0
174.0
180.0
180.0
183.0
200.0
205.0
207.0
241.0
95.0
62.0
64.0
62.0
60.0
58.0
57.0
56.0
55.0
55.0
55.0
55.0
55.0
0.0


0.0
0.0
0.0
0.0
0.0
0.0
0.0
0.0
0.0
0.0
0.0
0.0
0.0
0.0
0.0
0.0
0.0
0.0
0.0
0.0
0.0
0.0
0.0
0.0
0.0
0.0
0.0
0.0
0.0
0.0
0.0
0.0
0.0
0.0
0.0
0.0
0.0
0.0
0.0
0.0
0.0


