50.0
50.0
50.0
50.0
51.0
50.0
50.0
51.0
51.0
51.0
51.0
51.0
51.0
51.0
51.0
52.0
52.0
51.0
51.0
52.0
53.0
52.0
53.0
53.0
52.0
52.0
52.0
53.0
52.0
52.0
52.0
51.0
54.0
53.0
52.0
52.0
53.0
52.0
53.0
54.0
54.0
54.0
55.0
55.0
55.0
55.0
55.0
54.0
53.0
54.0
55.0
53.0
51.0
53.0
53.0
53.0
54.0
53.0
54.0
53.0
0.0


51.0
50.0
51.0
51.0
49.0
50.0
51.0
51.0
50.0
51.0
51.0
52.0
51.0
51.0
51.0
51.0
52.0
51.0
52.0
52.0
52.0
52.0
53.0
54.0
51.0
52.0
52.0
52.0
51.0
52.0
53.0
52.0
52.0
52.0
52.0
52.0
52.0
54.0
53.0
54.0
54.0
54.0
54.0
54.0
54.0
54.0
54.0
54.0
53.0
53.0
54.0
53.0
53.0
53.0
53.0
54.0
55.0
55.0
55.0
55.0
0.0


49.0
49.0
50.0
49.0
49.0
50.0
51.0
50.0
51.0
51.0
51.0
52.0
50.0
51.0
51.0
51.0
51.0
51.0
51.0
51.0
50.0
50.0
48.0
48.0
52.0
52.0
51.0
52.0
51.0
51.0
52.0
53.0
56.0
51.0
52.0
52.0
52.0
54.0
57.0
54.0
53.0
54.0
54.0
54.0
55.0
53.0
52.0
52.0
53.0
53.0
53.0
52.0
54.0
55.0
54.0
54.0
54.0
54.0
55.0
56.0
0.0


49.0
50.0
50.0
49.0
51.0
50.0
50.0
50.0
50.0
50.0
51.0
51.0
52.0
51.0
51.0
52.0
51.0
51.0
52.0
52.0
54.0
81.0
93.0
74.0
49.0
50.0
52.0
52.0
51.0
52.0
49.0
57.0
60.0
51.0
51.0
53.0
52.0
52.0
59.0
55.0
52.0
54.0
53.0
54.0
54.0
53.0
53.0
53.0
52.0
52.0
53.0
53.0
53.0
54.0
54.0
55.0
53.0
54.0
54.0
55.0
0.0


49.0
49.0
50.0
49.0
50.0
50.0
51.0
51.0
51.0
51.0
50.0
51.0
51.0
51.0
51.0
51.0
51.0
51.0
54.0
47.0
76.0
126.0
127.0
158.0
77.0
46.0
53.0
52.0
51.0
52.0
49.0
64.0
55.0
49.0
52.0
50.0
51.0
52.0
52.0
55.0
54.0
53.0
53.0
52.0
51.0
55.0
52.0
51.0
52.0
52.0
51.0
53.0
52.0
52.0
53.0
53.0
53.0
54.0
55.0
54.0
0.0


48.0
49.0
50.0
49.0
49.0
50.0
50.0
52.0
52.0
50.0
51.0
52.0
51.0
50.0
51.0
51.0
50.0
52.0
55.0
46.0
80.0
138.0
119.0
153.0
119.0
48.0
51.0
52.0
51.0
51.0
52.0
65.0
51.0
50.0
51.0
51.0
51.0
51.0
51.0
52.0
55.0
55.0
52.0
54.0
54.0
49.0
50.0
50.0
51.0
51.0
51.0
51.0
51.0
50.0
50.0
50.0
51.0
52.0
53.0
53.0
0.0


50.0
49.0
49.0
50.0
50.0
50.0
50.0
51.0
52.0
51.0
51.0
51.0
51.0
50.0
51.0
51.0
52.0
51.0
53.0
48.0
61.0
138.0
139.0
143.0
151.0
63.0
47.0
52.0
51.0
50.0
55.0
59.0
49.0
51.0
50.0
52.0
51.0
52.0
53.0
53.0
54.0
52.0
60.0
99.0
122.0
88.0
48.0
52.0
52.0
51.0
51.0
52.0
51.0
48.0
50.0
49.0
49.0
49.0
50.0
52.0
0.0


49.0
49.0
49.0
49.0
49.0
49.0
51.0
51.0
52.0
51.0
51.0
52.0
51.0
50.0
52.0
52.0
52.0
52.0
52.0
50.0
50.0
118.0
145.0
134.0
170.0
97.0
48.0
53.0
51.0
51.0
53.0
53.0
50.0
51.0
51.0
52.0
51.0
51.0
51.0
52.0
52.0
51.0
82.0
125.0
136.0
168.0
72.0
47.0
52.0
50.0
52.0
51.0
49.0
50.0
49.0
48.0
49.0
48.0
49.0
51.0
0.0


49.0
50.0
48.0
49.0
49.0
50.0
50.0
51.0
52.0
51.0
51.0
51.0
51.0
51.0
50.0
52.0
51.0
51.0
52.0
52.0
49.0
107.0
146.0
131.0
153.0
142.0
58.0
51.0
53.0
51.0
52.0
51.0
52.0
51.0
52.0
51.0
51.0
51.0
52.0
52.0
53.0
53.0
88.0
130.0
132.0
171.0
86.0
46.0
54.0
50.0
51.0
50.0
50.0
49.0
48.0
47.0
49.0
49.0
50.0
50.0
0.0


50.0
49.0
49.0
49.0
49.0
50.0
51.0
51.0
52.0
52.0
51.0
51.0
52.0
51.0
51.0
53.0
50.0
50.0
51.0
53.0
47.0
96.0
143.0
130.0
145.0
169.0
78.0
46.0
54.0
50.0
52.0
51.0
50.0
50.0
51.0
50.0
51.0
51.0
52.0
52.0
52.0
54.0
100.0
127.0
134.0
169.0
76.0
45.0
53.0
51.0
51.0
50.0
49.0
48.0
48.0
48.0
49.0
49.0
51.0
51.0
0.0


50.0
49.0
50.0
51.0
50.0
50.0
50.0
50.0
51.0
51.0
51.0
52.0
52.0
52.0
52.0
51.0
51.0
51.0
51.0
53.0
46.0
77.0
139.0
128.0
144.0
173.0
107.0
47.0
53.0
52.0
52.0
51.0
50.0
50.0
50.0
51.0
51.0
51.0
51.0
52.0
48.0
64.0
114.0
117.0
140.0
166.0
68.0
46.0
53.0
51.0
51.0
51.0
48.0
48.0
48.0
49.0
49.0
49.0
50.0
50.0
0.0


48.0
48.0
49.0
51.0
50.0
50.0
50.0
50.0
51.0
51.0
51.0
51.0
51.0
52.0
51.0
51.0
51.0
52.0
51.0
53.0
49.0
65.0
140.0
144.0
151.0
175.0
136.0
52.0
53.0
53.0
50.0
52.0
51.0
51.0
51.0
51.0
51.0
51.0
50.0
52.0
50.0
83.0
111.0
118.0
149.0
157.0
62.0
48.0
53.0
50.0
51.0
50.0
49.0
48.0
48.0
48.0
50.0
50.0
51.0
51.0
0.0


50.0
50.0
50.0
50.0
50.0
49.0
49.0
51.0
51.0
51.0
51.0
52.0
51.0
52.0
51.0
51.0
51.0
52.0
51.0
52.0
49.0
56.0
137.0
156.0
143.0
156.0
159.0
65.0
47.0
53.0
50.0
51.0
50.0
50.0
51.0
51.0
50.0
51.0
51.0
50.0
53.0
107.0
114.0
129.0
151.0
146.0
58.0
50.0
51.0
50.0
50.0
51.0
49.0
49.0
49.0
50.0
51.0
50.0
51.0
51.0
0.0


51.0
49.0
49.0
51.0
50.0
49.0
51.0
50.0
51.0
51.0
51.0
52.0
51.0
51.0
52.0
50.0
51.0
51.0
51.0
51.0
51.0
51.0
120.0
151.0
140.0
148.0
171.0
85.0
45.0
54.0
51.0
51.0
49.0
49.0
50.0
52.0
52.0
50.0
52.0
48.0
68.0
128.0
124.0
141.0
163.0
131.0
51.0
52.0
50.0
50.0
50.0
50.0
50.0
49.0
49.0
51.0
51.0
51.0
52.0
53.0
0.0


51.0
50.0
50.0
51.0
49.0
50.0
50.0
50.0
51.0
52.0
52.0
51.0
51.0
50.0
51.0
51.0
51.0
51.0
51.0
51.0
51.0
47.0
106.0
150.0
136.0
146.0
169.0
110.0
47.0
52.0
52.0
50.0
50.0
50.0
51.0
54.0
52.0
50.0
51.0
48.0
94.0
122.0
123.0
142.0
192.0
102.0
43.0
52.0
50.0
51.0
51.0
50.0
51.0
49.0
50.0
50.0
50.0
51.0
53.0
53.0
0.0


51.0
52.0
51.0
51.0
50.0
50.0
50.0
50.0
50.0
51.0
52.0
52.0
52.0
50.0
51.0
51.0
51.0
51.0
52.0
51.0
52.0
47.0
93.0
152.0
136.0
147.0
164.0
131.0
55.0
51.0
52.0
49.0
49.0
51.0
52.0
52.0
50.0
51.0
50.0
59.0
112.0
115.0
130.0
150.0
187.0
73.0
46.0
52.0
50.0
51.0
51.0
52.0
51.0
51.0
51.0
51.0
51.0
51.0
53.0
53.0
0.0


51.0
51.0
52.0
52.0
51.0
50.0
50.0
50.0
51.0
51.0
51.0
50.0
50.0
51.0
52.0
51.0
51.0
52.0
52.0
50.0
52.0
48.0
81.0
147.0
138.0
144.0
158.0
154.0
65.0
48.0
53.0
49.0
50.0
51.0
51.0
51.0
52.0
52.0
47.0
76.0
114.0
116.0
136.0
165.0
160.0
59.0
51.0
51.0
50.0
52.0
52.0
51.0
51.0
51.0
51.0
52.0
51.0
51.0
53.0
53.0
0.0


51.0
51.0
51.0
51.0
50.0
50.0
50.0
50.0
50.0
51.0
51.0
50.0
51.0
50.0
51.0
52.0
51.0
51.0
50.0
50.0
52.0
48.0
68.0
141.0
139.0
145.0
154.0
175.0
80.0
46.0
53.0
50.0
50.0
51.0
51.0
51.0
53.0
50.0
52.0
100.0
113.0
119.0
138.0
187.0
120.0
49.0
52.0
51.0
51.0
50.0
51.0
51.0
51.0
51.0
52.0
52.0
51.0
52.0
53.0
53.0
0.0


51.0
50.0
50.0
51.0
51.0
50.0
51.0
51.0
50.0
53.0
52.0
50.0
50.0
50.0
50.0
51.0
51.0
51.0
50.0
50.0
52.0
50.0
61.0
130.0
137.0
146.0
154.0
182.0
102.0
44.0
51.0
50.0
50.0
50.0
50.0
52.0
53.0
46.0
72.0
114.0
117.0
136.0
145.0
203.0
91.0
45.0
53.0
51.0
52.0
51.0
51.0
51.0
51.0
52.0
52.0
52.0
52.0
52.0
53.0
53.0
0.0


51.0
51.0
51.0
51.0
51.0
51.0
51.0
51.0
51.0
53.0
51.0
51.0
52.0
52.0
50.0
51.0
50.0
49.0
50.0
50.0
52.0
49.0
56.0
124.0
135.0
147.0
162.0
185.0
125.0
48.0
50.0
51.0
50.0
49.0
51.0
53.0
50.0
52.0
102.0
123.0
129.0
142.0
163.0
185.0
71.0
49.0
54.0
51.0
52.0
52.0
52.0
51.0
52.0
52.0
51.0
52.0
52.0
51.0
53.0
53.0
0.0


51.0
51.0
51.0
51.0
50.0
52.0
51.0
51.0
53.0
52.0
51.0
52.0
50.0
50.0
51.0
51.0
49.0
48.0
50.0
50.0
50.0
49.0
55.0
122.0
140.0
148.0
156.0
177.0
162.0
59.0
48.0
52.0
50.0
50.0
51.0
52.0
48.0
74.0
143.0
136.0
148.0
146.0
181.0
154.0
56.0
52.0
55.0
52.0
52.0
51.0
52.0
52.0
52.0
51.0
52.0
51.0
52.0
52.0
52.0
52.0
0.0


51.0
51.0
51.0
51.0
51.0
52.0
51.0
52.0
54.0
52.0
50.0
50.0
49.0
49.0
50.0
50.0
50.0
49.0
50.0
49.0
49.0
49.0
53.0
116.0
151.0
145.0
159.0
164.0
179.0
76.0
47.0
52.0
50.0
50.0
51.0
51.0
52.0
95.0
130.0
139.0
144.0
163.0
214.0
122.0
48.0
53.0
55.0
53.0
52.0
53.0
52.0
52.0
51.0
51.0
52.0
52.0
51.0
52.0
53.0
52.0
0.0


50.0
51.0
51.0
51.0
51.0
52.0
52.0
52.0
51.0
51.0
50.0
49.0
51.0
50.0
49.0
49.0
49.0
49.0
49.0
48.0
49.0
50.0
50.0
108.0
143.0
135.0
152.0
149.0
188.0
90.0
47.0
52.0
49.0
50.0
51.0
50.0
65.0
113.0
116.0
136.0
151.0
174.0
230.0
89.0
47.0
55.0
53.0
53.0
52.0
52.0
52.0
51.0
50.0
51.0
52.0
52.0
51.0
51.0
53.0
52.0
0.0


51.0
51.0
51.0
51.0
51.0
51.0
51.0
51.0
51.0
50.0
50.0
50.0
50.0
51.0
50.0
50.0
50.0
49.0
50.0
50.0
50.0
51.0
47.0
99.0
151.0
133.0
151.0
157.0
196.0
97.0
48.0
53.0
51.0
50.0
51.0
51.0
89.0
115.0
116.0
128.0
145.0
184.0
161.0
59.0
51.0
57.0
54.0
53.0
52.0
52.0
52.0
51.0
50.0
50.0
51.0
51.0
51.0
51.0
52.0
53.0
0.0


51.0
51.0
51.0
51.0
51.0
51.0
51.0
52.0
51.0
51.0
50.0
50.0
51.0
50.0
51.0
51.0
50.0
49.0
50.0
52.0
52.0
54.0
46.0
82.0
158.0
145.0
158.0
161.0
200.0
104.0
49.0
53.0
52.0
52.0
51.0
61.0
113.0
115.0
121.0
136.0
159.0
207.0
101.0
47.0
57.0
56.0
55.0
54.0
51.0
52.0
52.0
51.0
50.0
50.0
51.0
51.0
51.0
51.0
52.0
53.0
0.0


51.0
50.0
51.0
51.0
51.0
52.0
51.0
52.0
52.0
51.0
50.0
52.0
51.0
51.0
51.0
51.0
52.0
51.0
52.0
53.0
54.0
56.0
48.0
69.0
151.0
154.0
163.0
162.0
197.0
119.0
50.0
54.0
52.0
54.0
47.0
81.0
124.0
120.0
131.0
146.0
177.0
165.0
61.0
53.0
58.0
54.0
55.0
55.0
52.0
52.0
51.0
51.0
50.0
51.0
52.0
51.0
52.0
52.0
52.0
51.0
0.0


51.0
51.0
52.0
51.0
52.0
52.0
51.0
52.0
53.0
52.0
51.0
52.0
51.0
51.0
51.0
51.0
52.0
52.0
53.0
53.0
48.0
50.0
43.0
49.0
138.0
168.0
161.0
163.0
193.0
132.0
52.0
55.0
53.0
55.0
54.0
104.0
125.0
131.0
142.0
151.0
203.0
109.0
47.0
58.0
56.0
56.0
55.0
54.0
52.0
52.0
51.0
51.0
51.0
51.0
51.0
51.0
52.0
52.0
51.0
52.0
0.0


50.0
50.0
51.0
51.0
52.0
51.0
52.0
52.0
52.0
52.0
52.0
52.0
52.0
51.0
52.0
52.0
51.0
52.0
52.0
49.0
74.0
122.0
121.0
71.0
110.0
176.0
170.0
177.0
204.0
155.0
57.0
53.0
57.0
50.0
65.0
130.0
137.0
146.0
147.0
162.0
186.0
69.0
52.0
58.0
57.0
55.0
55.0
54.0
52.0
52.0
51.0
51.0
51.0
52.0
51.0
50.0
52.0
52.0
51.0
51.0
0.0


51.0
50.0
51.0
51.0
52.0
52.0
52.0
53.0
54.0
53.0
53.0
52.0
52.0
51.0
52.0
52.0
53.0
54.0
47.0
69.0
167.0
178.0
191.0
181.0
141.0
155.0
172.0
177.0
180.0
179.0
67.0
49.0
54.0
50.0
90.0
149.0
150.0
148.0
147.0
201.0
130.0
51.0
58.0
56.0
57.0
56.0
55.0
54.0
53.0
52.0
52.0
51.0
50.0
51.0
50.0
51.0
51.0
50.0
52.0
51.0
0.0


51.0
50.0
51.0
51.0
51.0
51.0
51.0
52.0
54.0
52.0
52.0
53.0
51.0
52.0
53.0
53.0
53.0
53.0
49.0
110.0
170.0
150.0
152.0
161.0
170.0
141.0
158.0
179.0
175.0
196.0
105.0
54.0
55.0
85.0
146.0
162.0
160.0
159.0
167.0
207.0
78.0
51.0
59.0
58.0
57.0
56.0
56.0
54.0
52.0
52.0
52.0
52.0
50.0
50.0
51.0
51.0
50.0
51.0
51.0
51.0
0.0


49.0
50.0
51.0
51.0
50.0
51.0
52.0
52.0
52.0
53.0
52.0
52.0
52.0
53.0
54.0
52.0
53.0
53.0
51.0
119.0
167.0
152.0
155.0
150.0
157.0
136.0
138.0
178.0
183.0
172.0
147.0
108.0
97.0
127.0
144.0
143.0
148.0
160.0
205.0
148.0
58.0
59.0
59.0
57.0
57.0
57.0
56.0
53.0
52.0
52.0
51.0
51.0
51.0
51.0
51.0
50.0
51.0
51.0
51.0
51.0
0.0


50.0
49.0
50.0
50.0
49.0
52.0
52.0
52.0
51.0
52.0
53.0
52.0
52.0
53.0
53.0
53.0
54.0
53.0
47.0
113.0
167.0
142.0
146.0
148.0
154.0
148.0
134.0
156.0
135.0
131.0
144.0
130.0
124.0
127.0
125.0
123.0
128.0
146.0
227.0
106.0
54.0
62.0
60.0
58.0
57.0
56.0
54.0
54.0
52.0
52.0
52.0
52.0
51.0
50.0
50.0
50.0
50.0
50.0
52.0
52.0
0.0


50.0
50.0
50.0
50.0
51.0
52.0
51.0
52.0
53.0
52.0
52.0
53.0
54.0
53.0
53.0
53.0
53.0
54.0
48.0
109.0
168.0
138.0
143.0
147.0
148.0
152.0
165.0
138.0
96.0
120.0
146.0
124.0
116.0
120.0
119.0
120.0
125.0
148.0
201.0
86.0
56.0
63.0
59.0
58.0
55.0
55.0
53.0
53.0
53.0
51.0
51.0
51.0
50.0
50.0
49.0
50.0
49.0
51.0
51.0
51.0
0.0


50.0
50.0
50.0
51.0
52.0
50.0
50.0
53.0
52.0
52.0
51.0
52.0
52.0
52.0
52.0
53.0
54.0
55.0
48.0
103.0
179.0
143.0
136.0
139.0
146.0
149.0
164.0
122.0
107.0
147.0
146.0
118.0
118.0
120.0
117.0
124.0
136.0
165.0
180.0
75.0
58.0
62.0
60.0
58.0
57.0
55.0
54.0
52.0
51.0
51.0
51.0
51.0
49.0
50.0
50.0
49.0
49.0
50.0
51.0
51.0
0.0


49.0
49.0
51.0
50.0
50.0
50.0
51.0
51.0
52.0
52.0
52.0
53.0
52.0
52.0
52.0
53.0
55.0
55.0
45.0
104.0
194.0
167.0
142.0
133.0
143.0
152.0
157.0
127.0
139.0
169.0
159.0
145.0
128.0
117.0
120.0
125.0
148.0
194.0
158.0
65.0
61.0
64.0
60.0
58.0
57.0
53.0
52.0
52.0
52.0
52.0
49.0
50.0
50.0
49.0
49.0
49.0
49.0
50.0
49.0
51.0
0.0


50.0
50.0
51.0
50.0
51.0
50.0
49.0
51.0
52.0
52.0
51.0
52.0
52.0
52.0
53.0
55.0
51.0
53.0
108.0
152.0
160.0
198.0
167.0
138.0
136.0
149.0
160.0
147.0
170.0
184.0
173.0
175.0
136.0
123.0
124.0
128.0
162.0
197.0
138.0
62.0
63.0
62.0
60.0
58.0
56.0
53.0
52.0
51.0
52.0
52.0
51.0
49.0
49.0
49.0
50.0
49.0
49.0
50.0
50.0
51.0
0.0


51.0
51.0
51.0
51.0
51.0
50.0
50.0
51.0
51.0
52.0
52.0
52.0
53.0
52.0
53.0
52.0
56.0
120.0
169.0
155.0
164.0
183.0
194.0
158.0
144.0
148.0
168.0
166.0
178.0
197.0
186.0
203.0
173.0
137.0
133.0
157.0
159.0
199.0
121.0
58.0
64.0
62.0
60.0
59.0
56.0
54.0
52.0
52.0
50.0
48.0
50.0
50.0
48.0
49.0
50.0
49.0
48.0
49.0
51.0
51.0
0.0


51.0
51.0
50.0
50.0
49.0
49.0
51.0
50.0
52.0
52.0
54.0
53.0
52.0
52.0
55.0
48.0
105.0
186.0
162.0
169.0
166.0
168.0
194.0
186.0
170.0
174.0
205.0
179.0
172.0
198.0
205.0
215.0
218.0
165.0
146.0
168.0
154.0
230.0
111.0
57.0
66.0
63.0
59.0
58.0
57.0
55.0
53.0
51.0
50.0
49.0
49.0
49.0
49.0
48.0
49.0
50.0
49.0
49.0
50.0
51.0
0.0


51.0
50.0
51.0
51.0
50.0
49.0
50.0
51.0
53.0
52.0
53.0
52.0
52.0
55.0
49.0
65.0
147.0
161.0
176.0
165.0
161.0
157.0
171.0
203.0
190.0
200.0
222.0
187.0
169.0
200.0
212.0
213.0
209.0
204.0
148.0
123.0
156.0
188.0
114.0
59.0
66.0
61.0
58.0
57.0
56.0
54.0
52.0
50.0
50.0
50.0
48.0
48.0
49.0
49.0
49.0
48.0
50.0
48.0
51.0
51.0
0.0


51.0
50.0
51.0
51.0
51.0
50.0
49.0
51.0
52.0
52.0
53.0
52.0
53.0
53.0
49.0
110.0
158.0
167.0
178.0
161.0
150.0
149.0
156.0
190.0
202.0
200.0
224.0
211.0
173.0
197.0
216.0
220.0
209.0
239.0
149.0
135.0
167.0
177.0
121.0
61.0
66.0
61.0
58.0
58.0
55.0
53.0
51.0
51.0
50.0
49.0
49.0
50.0
49.0
49.0
49.0
49.0
50.0
50.0
51.0
50.0
0.0


50.0
51.0
50.0
51.0
50.0
50.0
50.0
51.0
52.0
51.0
52.0
52.0
54.0
47.0
64.0
144.0
161.0
171.0
175.0
168.0
153.0
148.0
152.0
168.0
200.0
205.0
211.0
195.0
179.0
190.0
220.0
223.0
224.0
217.0
205.0
185.0
165.0
185.0
132.0
63.0
65.0
67.0
66.0
58.0
55.0
55.0
53.0
52.0
51.0
50.0
51.0
49.0
50.0
50.0
50.0
51.0
50.0
50.0
51.0
51.0
0.0


50.0
50.0
50.0
50.0
51.0
50.0
51.0
50.0
51.0
51.0
51.0
52.0
54.0
46.0
77.0
166.0
169.0
180.0
189.0
183.0
168.0
158.0
156.0
163.0
187.0
210.0
194.0
169.0
184.0
186.0
208.0
218.0
217.0
221.0
218.0
193.0
161.0
177.0
161.0
70.0
62.0
63.0
69.0
58.0
55.0
55.0
53.0
52.0
51.0
51.0
51.0
51.0
50.0
50.0
50.0
50.0
50.0
50.0
52.0
52.0
0.0


50.0
50.0
51.0
50.0
51.0
49.0
51.0
51.0
51.0
51.0
52.0
53.0
54.0
47.0
75.0
163.0
168.0
185.0
209.0
207.0
179.0
171.0
168.0
167.0
172.0
203.0
193.0
168.0
184.0
194.0
200.0
218.0
215.0
219.0
217.0
207.0
165.0
165.0
191.0
80.0
59.0
62.0
57.0
57.0
55.0
54.0
52.0
52.0
51.0
51.0
51.0
51.0
50.0
51.0
51.0
51.0
51.0
51.0
52.0
51.0
0.0


50.0
50.0
51.0
51.0
50.0
50.0
52.0
51.0
51.0
52.0
52.0
53.0
54.0
47.0
63.0
151.0
169.0
173.0
177.0
192.0
210.0
185.0
176.0
173.0
185.0
207.0
199.0
174.0
182.0
200.0
192.0
207.0
219.0
222.0
218.0
214.0
194.0
169.0
201.0
91.0
58.0
62.0
59.0
57.0
55.0
54.0
53.0
52.0
51.0
52.0
50.0
52.0
51.0
50.0
51.0
52.0
50.0
51.0
51.0
51.0
0.0


51.0
50.0
50.0
52.0
52.0
51.0
51.0
51.0
52.0
51.0
51.0
51.0
53.0
52.0
51.0
125.0
147.0
141.0
167.0
205.0
217.0
203.0
183.0
195.0
212.0
216.0
225.0
190.0
183.0
194.0
187.0
191.0
211.0
218.0
217.0
212.0
206.0
186.0
211.0
99.0
57.0
60.0
58.0
57.0
54.0
53.0
54.0
52.0
52.0
52.0
50.0
51.0
52.0
51.0
52.0
52.0
50.0
51.0
51.0
52.0
0.0


51.0
51.0
51.0
51.0
52.0
51.0
53.0
52.0
51.0
52.0
52.0
52.0
52.0
55.0
48.0
96.0
143.0
157.0
187.0
187.0
189.0
202.0
197.0
196.0
218.0
215.0
198.0
196.0
192.0
190.0
192.0
189.0
190.0
207.0
211.0
212.0
209.0
195.0
236.0
101.0
56.0
60.0
59.0
58.0
56.0
53.0
52.0
53.0
52.0
52.0
52.0
51.0
51.0
51.0
51.0
52.0
51.0
50.0
51.0
52.0
0.0


51.0
51.0
52.0
52.0
52.0
51.0
53.0
52.0
51.0
51.0
51.0
51.0
52.0
54.0
49.0
87.0
152.0
147.0
143.0
154.0
169.0
187.0
201.0
194.0
205.0
191.0
163.0
181.0
197.0
180.0
188.0
186.0
177.0
196.0
209.0
207.0
210.0
194.0
241.0
107.0
57.0
60.0
59.0
58.0
56.0
54.0
54.0
53.0
52.0
52.0
52.0
51.0
51.0
52.0
51.0
51.0
51.0
51.0
51.0
53.0
0.0


51.0
51.0
51.0
52.0
52.0
52.0
52.0
53.0
51.0
51.0
52.0
52.0
53.0
55.0
47.0
88.0
147.0
135.0
141.0
145.0
157.0
171.0
186.0
200.0
195.0
179.0
165.0
170.0
178.0
176.0
172.0
174.0
173.0
186.0
203.0
204.0
204.0
192.0
242.0
107.0
55.0
62.0
60.0
59.0
56.0
54.0
53.0
52.0
52.0
52.0
51.0
51.0
51.0
51.0
50.0
51.0
51.0
51.0
50.0
51.0
0.0


52.0
51.0
52.0
52.0
52.0
52.0
52.0
53.0
51.0
50.0
52.0
52.0
53.0
56.0
46.0
87.0
148.0
138.0
139.0
143.0
144.0
153.0
173.0
185.0
196.0
189.0
176.0
175.0
171.0
169.0
159.0
146.0
165.0
176.0
201.0
203.0
198.0
191.0
240.0
104.0
58.0
62.0
58.0
57.0
55.0
54.0
53.0
53.0
52.0
52.0
52.0
51.0
51.0
51.0
51.0
52.0
51.0
51.0
50.0
50.0
0.0


51.0
52.0
52.0
53.0
53.0
52.0
52.0
53.0
52.0
52.0
52.0
52.0
52.0
55.0
47.0
83.0
151.0
134.0
136.0
138.0
132.0
140.0
163.0
177.0
193.0
194.0
174.0
179.0
160.0
156.0
148.0
131.0
150.0
175.0
191.0
209.0
203.0
198.0
239.0
102.0
57.0
62.0
60.0
56.0
55.0
55.0
54.0
53.0
52.0
52.0
52.0
52.0
52.0
52.0
53.0
52.0
51.0
51.0
51.0
49.0
0.0


52.0
51.0
52.0
52.0
53.0
53.0
53.0
54.0
52.0
51.0
52.0
53.0
52.0
54.0
50.0
76.0
152.0
135.0
135.0
134.0
129.0
132.0
155.0
169.0
185.0
171.0
168.0
173.0
152.0
150.0
143.0
138.0
135.0
167.0
189.0
203.0
213.0
206.0
225.0
96.0
60.0
63.0
60.0
59.0
57.0
54.0
55.0
53.0
53.0
53.0
53.0
52.0
52.0
52.0
53.0
53.0
53.0
52.0
52.0
50.0
0.0


52.0
52.0
52.0
53.0
53.0
53.0
53.0
53.0
52.0
52.0
53.0
53.0
53.0
55.0
52.0
64.0
145.0
145.0
135.0
131.0
127.0
133.0
149.0
157.0
173.0
156.0
170.0
161.0
147.0
146.0
135.0
139.0
148.0
151.0
184.0
213.0
213.0
210.0
206.0
88.0
61.0
63.0
62.0
60.0
58.0
57.0
56.0
55.0
55.0
54.0
55.0
53.0
54.0
54.0
54.0
54.0
53.0
53.0
52.0
51.0
0.0


53.0
53.0
53.0
53.0
54.0
53.0
54.0
54.0
53.0
54.0
54.0
53.0
53.0
53.0
55.0
52.0
124.0
156.0
136.0
133.0
130.0
135.0
142.0
144.0
156.0
147.0
169.0
152.0
142.0
136.0
136.0
139.0
151.0
167.0
176.0
200.0
208.0
219.0
188.0
80.0
63.0
65.0
62.0
61.0
58.0
59.0
58.0
56.0
56.0
56.0
56.0
55.0
55.0
55.0
56.0
55.0
54.0
54.0
53.0
53.0
0.0


53.0
53.0
53.0
53.0
54.0
53.0
53.0
55.0
55.0
54.0
54.0
54.0
54.0
54.0
56.0
50.0
97.0
172.0
140.0
137.0
137.0
138.0
138.0
137.0
141.0
136.0
162.0
148.0
139.0
136.0
143.0
148.0
153.0
168.0
190.0
206.0
202.0
230.0
164.0
71.0
65.0
65.0
62.0
61.0
60.0
58.0
58.0
59.0
56.0
55.0
57.0
56.0
54.0
54.0
56.0
55.0
55.0
55.0
53.0
53.0
0.0


53.0
53.0
54.0
54.0
54.0
53.0
54.0
54.0
55.0
54.0
54.0
54.0
54.0
54.0
56.0
53.0
70.0
163.0
149.0
140.0
140.0
143.0
137.0
131.0
131.0
132.0
162.0
145.0
142.0
142.0
149.0
156.0
168.0
176.0
195.0
210.0
201.0
244.0
134.0
67.0
68.0
65.0
63.0
62.0
61.0
59.0
58.0
57.0
57.0
57.0
57.0
56.0
55.0
56.0
55.0
54.0
55.0
54.0
54.0
54.0
0.0


54.0
54.0
54.0
54.0
54.0
52.0
55.0
55.0
54.0
55.0
55.0
55.0
54.0
54.0
57.0
59.0
57.0
122.0
170.0
143.0
145.0
145.0
133.0
131.0
124.0
127.0
167.0
152.0
147.0
152.0
158.0
168.0
183.0
192.0
209.0
208.0
201.0
234.0
107.0
66.0
71.0
67.0
65.0
63.0
61.0
61.0
60.0
58.0
57.0
58.0
56.0
56.0
56.0
57.0
56.0
56.0
56.0
55.0
55.0
56.0
0.0


53.0
52.0
54.0
54.0
55.0
55.0
55.0
55.0
54.0
54.0
55.0
55.0
56.0
55.0
56.0
61.0
59.0
80.0
166.0
152.0
146.0
144.0
137.0
141.0
130.0
130.0
165.0
164.0
155.0
162.0
171.0
183.0
191.0
203.0
213.0
208.0
210.0
190.0
85.0
68.0
71.0
68.0
66.0
64.0
62.0
61.0
60.0
60.0
59.0
58.0
58.0
56.0
56.0
55.0
56.0
57.0
56.0
55.0
56.0
57.0
0.0


54.0
54.0
54.0
54.0
55.0
56.0
55.0
55.0
53.0
54.0
55.0
55.0
56.0
56.0
58.0
61.0
64.0
61.0
112.0
175.0
152.0
149.0
144.0
152.0
143.0
141.0
158.0
175.0
167.0
174.0
181.0
194.0
200.0
208.0
214.0
204.0
224.0
151.0
71.0
72.0
72.0
68.0
66.0
65.0
63.0
62.0
60.0
59.0
58.0
58.0
57.0
56.0
56.0
55.0
56.0
55.0
55.0
56.0
57.0
57.0
0.0


54.0
55.0
54.0
54.0
56.0
56.0
53.0
56.0
54.0
55.0
56.0
56.0
56.0
57.0
60.0
63.0
66.0
63.0
76.0
154.0
161.0
147.0
149.0
156.0
155.0
154.0
157.0
171.0
175.0
189.0
197.0
203.0
213.0
213.0
216.0
200.0
243.0
136.0
68.0
75.0
71.0
67.0
67.0
66.0
63.0
61.0
60.0
59.0
58.0
57.0
57.0
55.0
55.0
55.0
55.0
56.0
56.0
56.0
57.0
58.0
0.0


55.0
55.0
55.0
55.0
55.0
56.0
55.0
55.0
54.0
55.0
56.0
57.0
57.0
58.0
62.0
64.0
66.0
71.0
67.0
111.0
171.0
148.0
155.0
162.0
165.0
165.0
164.0
171.0
178.0
190.0
209.0
214.0
214.0
217.0
219.0
208.0
245.0
154.0
76.0
75.0
73.0
68.0
66.0
65.0
63.0
61.0
60.0
60.0
60.0
59.0
58.0
57.0
57.0
57.0
56.0
55.0
56.0
58.0
57.0
59.0
0.0


0.0
0.0
0.0
0.0
0.0
0.0
0.0
0.0
0.0
0.0
0.0
0.0
0.0
0.0
0.0
0.0
0.0
0.0
0.0
0.0
0.0
0.0
0.0
0.0
0.0
0.0
0.0
0.0
0.0
0.0
0.0
0.0
0.0
0.0
0.0
0.0
0.0
0.0
0.0
0.0
0.0
0.0
0.0
0.0
0.0
0.0
0.0
0.0
0.0
0.0
0.0
0.0
0.0
0.0
0.0
0.0
0.0
0.0
0.0
0.0
0.0


