49.0
50.0
50.0
50.0
50.0
50.0
51.0
52.0
52.0
52.0
53.0
52.0
53.0
53.0
53.0
52.0
50.0
53.0
53.0
53.0
53.0
54.0
54.0
53.0
53.0
53.0
54.0
54.0
54.0
54.0
53.0
60.0
53.0
49.0
50.0
50.0
52.0
51.0
52.0
52.0
52.0
53.0
56.0
55.0
53.0
53.0
54.0
53.0
53.0
53.0
53.0
52.0
51.0
51.0
50.0
51.0
51.0
51.0
51.0
54.0
0.0


49.0
49.0
49.0
50.0
49.0
50.0
52.0
53.0
53.0
52.0
53.0
53.0
52.0
53.0
53.0
52.0
52.0
53.0
53.0
53.0
53.0
54.0
54.0
53.0
53.0
53.0
54.0
54.0
53.0
54.0
53.0
53.0
55.0
85.0
92.0
58.0
48.0
52.0
52.0
51.0
53.0
53.0
63.0
56.0
52.0
54.0
54.0
53.0
52.0
52.0
53.0
52.0
50.0
51.0
52.0
50.0
50.0
50.0
51.0
52.0
0.0


49.0
50.0
50.0
50.0
50.0
50.0
51.0
51.0
52.0
52.0
53.0
53.0
51.0
53.0
53.0
53.0
53.0
52.0
53.0
53.0
53.0
53.0
53.0
54.0
53.0
53.0
53.0
54.0
53.0
54.0
55.0
50.0
90.0
120.0
133.0
124.0
53.0
52.0
52.0
52.0
53.0
53.0
58.0
55.0
53.0
54.0
54.0
53.0
53.0
53.0
52.0
53.0
51.0
49.0
50.0
50.0
50.0
50.0
51.0
51.0
0.0


50.0
50.0
51.0
51.0
50.0
50.0
51.0
51.0
51.0
52.0
52.0
52.0
52.0
53.0
52.0
51.0
53.0
53.0
53.0
53.0
54.0
54.0
53.0
54.0
53.0
53.0
53.0
53.0
53.0
54.0
54.0
52.0
106.0
126.0
127.0
161.0
76.0
46.0
55.0
53.0
53.0
53.0
53.0
54.0
53.0
54.0
53.0
53.0
53.0
52.0
53.0
52.0
51.0
50.0
49.0
50.0
49.0
50.0
51.0
51.0
0.0


50.0
48.0
50.0
51.0
51.0
51.0
52.0
51.0
51.0
51.0
52.0
52.0
51.0
53.0
52.0
52.0
53.0
53.0
53.0
53.0
54.0
54.0
53.0
54.0
54.0
53.0
54.0
53.0
53.0
53.0
54.0
50.0
103.0
145.0
133.0
162.0
88.0
43.0
53.0
52.0
53.0
53.0
54.0
55.0
54.0
54.0
53.0
53.0
52.0
52.0
53.0
52.0
50.0
51.0
49.0
49.0
49.0
50.0
51.0
51.0
0.0


50.0
50.0
50.0
50.0
51.0
51.0
51.0
51.0
51.0
50.0
51.0
51.0
51.0
52.0
52.0
52.0
52.0
53.0
54.0
53.0
53.0
53.0
54.0
53.0
54.0
53.0
54.0
54.0
53.0
54.0
54.0
49.0
100.0
144.0
130.0
163.0
108.0
45.0
53.0
53.0
52.0
52.0
53.0
55.0
53.0
54.0
54.0
53.0
52.0
53.0
52.0
52.0
50.0
50.0
50.0
50.0
50.0
51.0
51.0
52.0
0.0


50.0
50.0
49.0
50.0
51.0
50.0
51.0
51.0
51.0
52.0
52.0
51.0
52.0
52.0
52.0
52.0
52.0
53.0
53.0
53.0
53.0
54.0
53.0
54.0
54.0
54.0
54.0
54.0
52.0
52.0
54.0
49.0
101.0
137.0
128.0
156.0
134.0
52.0
49.0
52.0
53.0
54.0
54.0
53.0
54.0
54.0
54.0
54.0
53.0
52.0
52.0
52.0
50.0
50.0
50.0
49.0
50.0
51.0
52.0
53.0
0.0


51.0
50.0
50.0
50.0
51.0
51.0
51.0
51.0
51.0
51.0
51.0
52.0
52.0
52.0
52.0
52.0
52.0
53.0
53.0
53.0
52.0
53.0
54.0
54.0
54.0
54.0
54.0
53.0
53.0
54.0
53.0
51.0
103.0
135.0
131.0
151.0
152.0
61.0
47.0
54.0
53.0
52.0
53.0
53.0
53.0
54.0
52.0
52.0
53.0
52.0
52.0
53.0
52.0
51.0
50.0
50.0
50.0
51.0
53.0
54.0
0.0


50.0
52.0
51.0
51.0
51.0
50.0
51.0
52.0
50.0
50.0
52.0
52.0
52.0
51.0
51.0
52.0
52.0
52.0
53.0
53.0
52.0
53.0
53.0
53.0
53.0
52.0
53.0
54.0
52.0
53.0
51.0
51.0
106.0
133.0
132.0
149.0
161.0
66.0
47.0
54.0
52.0
53.0
53.0
52.0
53.0
53.0
52.0
52.0
51.0
51.0
52.0
52.0
52.0
50.0
52.0
51.0
51.0
52.0
54.0
54.0
0.0


50.0
51.0
52.0
51.0
50.0
49.0
51.0
51.0
50.0
51.0
52.0
52.0
51.0
51.0
52.0
52.0
52.0
53.0
53.0
54.0
53.0
53.0
53.0
53.0
53.0
52.0
52.0
53.0
52.0
53.0
51.0
52.0
113.0
145.0
142.0
157.0
174.0
68.0
46.0
54.0
51.0
53.0
52.0
51.0
53.0
53.0
52.0
52.0
51.0
51.0
52.0
52.0
51.0
52.0
52.0
51.0
52.0
52.0
52.0
54.0
0.0


50.0
51.0
51.0
51.0
51.0
50.0
50.0
51.0
52.0
50.0
52.0
51.0
51.0
51.0
52.0
53.0
52.0
52.0
52.0
52.0
51.0
53.0
53.0
53.0
52.0
52.0
53.0
51.0
52.0
53.0
51.0
52.0
119.0
149.0
142.0
166.0
181.0
67.0
45.0
53.0
51.0
53.0
52.0
51.0
52.0
52.0
52.0
51.0
52.0
52.0
54.0
52.0
52.0
53.0
52.0
52.0
53.0
52.0
53.0
54.0
0.0


50.0
51.0
52.0
51.0
51.0
50.0
50.0
51.0
51.0
51.0
53.0
52.0
50.0
51.0
51.0
51.0
52.0
52.0
53.0
53.0
52.0
53.0
52.0
53.0
52.0
51.0
53.0
52.0
51.0
53.0
50.0
52.0
120.0
145.0
146.0
168.0
185.0
70.0
45.0
53.0
53.0
53.0
52.0
50.0
51.0
52.0
51.0
50.0
51.0
51.0
53.0
52.0
52.0
53.0
53.0
52.0
51.0
51.0
54.0
54.0
0.0


51.0
51.0
51.0
51.0
51.0
49.0
50.0
50.0
50.0
52.0
54.0
51.0
51.0
52.0
52.0
52.0
51.0
52.0
52.0
52.0
52.0
52.0
52.0
53.0
52.0
51.0
52.0
52.0
50.0
51.0
50.0
55.0
122.0
143.0
149.0
168.0
189.0
73.0
46.0
54.0
52.0
53.0
51.0
49.0
50.0
50.0
51.0
51.0
51.0
51.0
51.0
51.0
52.0
53.0
53.0
52.0
52.0
52.0
53.0
54.0
0.0


51.0
50.0
51.0
51.0
51.0
50.0
49.0
50.0
51.0
53.0
53.0
51.0
51.0
52.0
53.0
52.0
51.0
51.0
51.0
52.0
51.0
51.0
51.0
52.0
51.0
51.0
50.0
50.0
51.0
50.0
48.0
58.0
125.0
140.0
148.0
163.0
194.0
77.0
46.0
54.0
52.0
52.0
51.0
50.0
50.0
50.0
51.0
51.0
51.0
52.0
52.0
53.0
53.0
55.0
53.0
52.0
53.0
53.0
54.0
54.0
0.0


50.0
51.0
52.0
51.0
50.0
51.0
52.0
51.0
52.0
53.0
50.0
50.0
51.0
51.0
51.0
51.0
50.0
50.0
50.0
50.0
50.0
51.0
52.0
50.0
50.0
51.0
51.0
51.0
49.0
51.0
46.0
62.0
135.0
145.0
155.0
165.0
204.0
83.0
47.0
54.0
53.0
53.0
50.0
51.0
52.0
52.0
50.0
50.0
51.0
52.0
53.0
53.0
52.0
53.0
53.0
53.0
53.0
54.0
54.0
55.0
0.0


50.0
50.0
52.0
51.0
50.0
51.0
52.0
52.0
52.0
52.0
50.0
50.0
50.0
49.0
50.0
50.0
49.0
50.0
50.0
49.0
51.0
50.0
51.0
50.0
49.0
50.0
51.0
50.0
50.0
51.0
46.0
71.0
140.0
149.0
160.0
164.0
210.0
90.0
47.0
54.0
52.0
51.0
51.0
51.0
52.0
52.0
52.0
52.0
52.0
52.0
52.0
51.0
51.0
52.0
53.0
53.0
53.0
53.0
54.0
56.0
0.0


50.0
51.0
51.0
51.0
50.0
51.0
50.0
51.0
52.0
51.0
50.0
49.0
50.0
50.0
50.0
49.0
49.0
49.0
50.0
50.0
49.0
49.0
51.0
50.0
50.0
52.0
50.0
50.0
50.0
52.0
47.0
84.0
157.0
162.0
164.0
163.0
216.0
93.0
45.0
55.0
51.0
51.0
51.0
51.0
51.0
51.0
52.0
52.0
52.0
52.0
52.0
52.0
52.0
53.0
52.0
52.0
53.0
53.0
54.0
55.0
0.0


50.0
51.0
51.0
51.0
51.0
51.0
52.0
51.0
52.0
52.0
50.0
50.0
50.0
51.0
51.0
51.0
49.0
49.0
50.0
50.0
50.0
50.0
51.0
51.0
51.0
52.0
52.0
51.0
51.0
53.0
47.0
95.0
173.0
162.0
164.0
173.0
227.0
89.0
46.0
54.0
52.0
53.0
51.0
51.0
52.0
51.0
52.0
52.0
52.0
52.0
52.0
52.0
52.0
52.0
53.0
52.0
52.0
53.0
54.0
54.0
0.0


51.0
51.0
51.0
51.0
51.0
52.0
51.0
52.0
51.0
50.0
51.0
52.0
51.0
51.0
51.0
51.0
51.0
50.0
50.0
50.0
51.0
52.0
51.0
52.0
51.0
51.0
51.0
51.0
52.0
53.0
48.0
95.0
151.0
147.0
153.0
174.0
208.0
77.0
46.0
55.0
52.0
52.0
52.0
51.0
52.0
52.0
52.0
52.0
51.0
53.0
52.0
52.0
52.0
52.0
53.0
52.0
52.0
52.0
54.0
54.0
0.0


50.0
51.0
51.0
51.0
51.0
52.0
51.0
51.0
51.0
50.0
52.0
51.0
51.0
52.0
51.0
51.0
51.0
50.0
50.0
50.0
50.0
51.0
52.0
51.0
49.0
51.0
51.0
52.0
50.0
53.0
51.0
98.0
132.0
127.0
141.0
169.0
180.0
68.0
48.0
55.0
52.0
52.0
52.0
52.0
51.0
52.0
52.0
52.0
52.0
52.0
52.0
52.0
51.0
51.0
53.0
52.0
52.0
53.0
53.0
55.0
0.0


51.0
51.0
51.0
51.0
52.0
52.0
52.0
52.0
52.0
52.0
53.0
50.0
51.0
52.0
52.0
51.0
51.0
51.0
50.0
50.0
50.0
51.0
52.0
52.0
51.0
50.0
51.0
51.0
49.0
52.0
53.0
103.0
125.0
130.0
145.0
181.0
163.0
59.0
51.0
56.0
52.0
53.0
53.0
54.0
52.0
51.0
51.0
52.0
52.0
52.0
53.0
52.0
52.0
52.0
52.0
53.0
52.0
54.0
55.0
54.0
0.0


51.0
51.0
50.0
51.0
51.0
51.0
53.0
52.0
52.0
53.0
52.0
52.0
52.0
52.0
53.0
51.0
50.0
50.0
50.0
50.0
50.0
51.0
51.0
50.0
49.0
50.0
51.0
51.0
51.0
51.0
54.0
112.0
128.0
138.0
153.0
185.0
152.0
58.0
52.0
56.0
52.0
53.0
53.0
51.0
52.0
52.0
52.0
52.0
51.0
51.0
53.0
51.0
52.0
53.0
52.0
52.0
53.0
54.0
55.0
54.0
0.0


51.0
51.0
51.0
51.0
52.0
52.0
52.0
52.0
52.0
54.0
54.0
53.0
51.0
52.0
52.0
52.0
51.0
52.0
53.0
52.0
50.0
50.0
51.0
49.0
49.0
50.0
51.0
50.0
52.0
51.0
57.0
120.0
133.0
143.0
155.0
188.0
145.0
55.0
55.0
56.0
52.0
52.0
52.0
51.0
52.0
52.0
52.0
51.0
51.0
52.0
52.0
52.0
52.0
53.0
52.0
53.0
54.0
54.0
54.0
55.0
0.0


51.0
51.0
51.0
51.0
52.0
51.0
52.0
52.0
51.0
52.0
53.0
52.0
52.0
52.0
53.0
51.0
52.0
49.0
43.0
45.0
52.0
51.0
50.0
49.0
49.0
50.0
51.0
50.0
53.0
51.0
59.0
123.0
136.0
148.0
154.0
195.0
135.0
50.0
54.0
54.0
52.0
54.0
53.0
53.0
52.0
50.0
51.0
52.0
51.0
51.0
52.0
52.0
52.0
51.0
53.0
53.0
53.0
55.0
53.0
54.0
0.0


50.0
50.0
50.0
51.0
52.0
51.0
51.0
52.0
52.0
53.0
53.0
52.0
52.0
52.0
53.0
53.0
46.0
53.0
71.0
65.0
44.0
49.0
50.0
50.0
50.0
49.0
50.0
53.0
54.0
50.0
64.0
133.0
142.0
152.0
156.0
201.0
123.0
49.0
57.0
55.0
53.0
54.0
54.0
52.0
51.0
52.0
52.0
51.0
51.0
52.0
52.0
52.0
51.0
52.0
53.0
53.0
53.0
54.0
53.0
53.0
0.0


49.0
50.0
49.0
50.0
50.0
51.0
51.0
51.0
51.0
52.0
52.0
51.0
51.0
52.0
52.0
47.0
63.0
139.0
162.0
171.0
105.0
45.0
50.0
47.0
45.0
54.0
50.0
46.0
53.0
51.0
65.0
145.0
149.0
152.0
160.0
202.0
114.0
48.0
57.0
54.0
53.0
53.0
52.0
52.0
52.0
51.0
51.0
51.0
51.0
52.0
51.0
51.0
53.0
53.0
52.0
53.0
53.0
53.0
53.0
53.0
0.0


50.0
50.0
50.0
51.0
50.0
51.0
51.0
51.0
52.0
52.0
52.0
52.0
52.0
52.0
54.0
47.0
114.0
174.0
146.0
162.0
220.0
89.0
35.0
62.0
116.0
146.0
135.0
87.0
49.0
48.0
80.0
148.0
154.0
160.0
164.0
206.0
105.0
47.0
58.0
55.0
54.0
53.0
52.0
52.0
52.0
51.0
51.0
51.0
51.0
52.0
51.0
52.0
52.0
53.0
53.0
52.0
52.0
55.0
54.0
54.0
0.0


49.0
50.0
51.0
51.0
51.0
51.0
51.0
50.0
52.0
51.0
52.0
51.0
53.0
53.0
46.0
48.0
146.0
168.0
156.0
159.0
178.0
135.0
49.0
138.0
161.0
114.0
141.0
232.0
95.0
41.0
104.0
141.0
147.0
146.0
150.0
203.0
104.0
48.0
59.0
54.0
54.0
53.0
52.0
51.0
50.0
51.0
51.0
51.0
51.0
51.0
52.0
52.0
52.0
52.0
53.0
52.0
53.0
55.0
54.0
54.0
0.0


50.0
49.0
50.0
51.0
50.0
50.0
51.0
51.0
51.0
51.0
52.0
52.0
49.0
47.0
57.0
56.0
132.0
167.0
153.0
156.0
160.0
144.0
101.0
156.0
99.0
116.0
133.0
157.0
175.0
85.0
102.0
129.0
139.0
129.0
131.0
191.0
114.0
49.0
59.0
55.0
53.0
53.0
52.0
51.0
51.0
50.0
51.0
52.0
50.0
51.0
51.0
51.0
52.0
52.0
52.0
52.0
53.0
53.0
53.0
54.0
0.0


49.0
49.0
49.0
50.0
51.0
51.0
51.0
51.0
51.0
50.0
52.0
51.0
52.0
105.0
144.0
140.0
147.0
145.0
146.0
149.0
148.0
149.0
157.0
130.0
113.0
151.0
154.0
145.0
188.0
156.0
112.0
135.0
142.0
121.0
125.0
193.0
125.0
52.0
58.0
57.0
54.0
54.0
54.0
52.0
51.0
50.0
50.0
49.0
50.0
52.0
51.0
51.0
51.0
52.0
52.0
52.0
52.0
52.0
53.0
53.0
0.0


49.0
50.0
51.0
50.0
50.0
51.0
51.0
51.0
52.0
51.0
52.0
44.0
84.0
180.0
147.0
164.0
173.0
139.0
137.0
146.0
145.0
147.0
193.0
145.0
142.0
164.0
161.0
163.0
167.0
159.0
132.0
143.0
148.0
123.0
134.0
207.0
132.0
54.0
59.0
57.0
54.0
54.0
54.0
52.0
51.0
51.0
50.0
50.0
52.0
51.0
51.0
50.0
52.0
51.0
51.0
51.0
53.0
53.0
53.0
53.0
0.0


49.0
50.0
50.0
50.0
50.0
50.0
51.0
51.0
51.0
51.0
51.0
45.0
112.0
178.0
150.0
156.0
168.0
154.0
134.0
143.0
147.0
145.0
172.0
161.0
159.0
181.0
177.0
171.0
173.0
185.0
153.0
148.0
146.0
122.0
148.0
200.0
136.0
54.0
57.0
58.0
54.0
54.0
53.0
52.0
51.0
51.0
53.0
52.0
52.0
52.0
51.0
52.0
50.0
52.0
51.0
52.0
52.0
53.0
53.0
53.0
0.0


50.0
50.0
49.0
50.0
49.0
49.0
50.0
50.0
50.0
51.0
51.0
49.0
136.0
175.0
149.0
151.0
151.0
168.0
142.0
139.0
149.0
147.0
164.0
171.0
161.0
184.0
187.0
178.0
202.0
213.0
182.0
159.0
140.0
130.0
155.0
176.0
135.0
53.0
56.0
57.0
54.0
53.0
53.0
52.0
50.0
52.0
52.0
51.0
51.0
51.0
52.0
51.0
50.0
52.0
52.0
51.0
52.0
53.0
52.0
53.0
0.0


49.0
49.0
49.0
49.0
48.0
49.0
49.0
49.0
50.0
51.0
49.0
53.0
156.0
159.0
137.0
142.0
141.0
166.0
161.0
142.0
150.0
151.0
161.0
173.0
157.0
174.0
186.0
199.0
216.0
199.0
198.0
187.0
139.0
154.0
159.0
174.0
131.0
53.0
56.0
56.0
56.0
55.0
52.0
50.0
50.0
51.0
52.0
51.0
51.0
51.0
51.0
50.0
51.0
51.0
51.0
51.0
52.0
53.0
53.0
53.0
0.0


49.0
48.0
49.0
49.0
48.0
49.0
49.0
49.0
50.0
50.0
47.0
58.0
158.0
166.0
143.0
139.0
140.0
150.0
176.0
155.0
151.0
155.0
162.0
179.0
162.0
169.0
193.0
200.0
201.0
198.0
206.0
198.0
164.0
160.0
136.0
176.0
133.0
55.0
56.0
58.0
55.0
55.0
61.0
56.0
51.0
51.0
50.0
51.0
50.0
51.0
51.0
51.0
51.0
50.0
50.0
51.0
51.0
51.0
52.0
52.0
0.0


49.0
49.0
49.0
49.0
48.0
49.0
49.0
49.0
49.0
49.0
47.0
60.0
159.0
167.0
157.0
145.0
141.0
143.0
169.0
168.0
155.0
157.0
168.0
188.0
167.0
167.0
188.0
203.0
203.0
204.0
200.0
212.0
185.0
124.0
142.0
178.0
137.0
58.0
58.0
57.0
55.0
55.0
58.0
58.0
52.0
51.0
51.0
50.0
51.0
51.0
51.0
51.0
50.0
50.0
51.0
50.0
51.0
51.0
52.0
51.0
0.0


49.0
50.0
50.0
49.0
49.0
49.0
49.0
49.0
50.0
50.0
46.0
64.0
165.0
181.0
175.0
159.0
150.0
146.0
159.0
180.0
168.0
174.0
194.0
200.0
171.0
179.0
179.0
206.0
210.0
214.0
210.0
227.0
190.0
147.0
160.0
173.0
145.0
58.0
56.0
57.0
54.0
55.0
53.0
51.0
53.0
51.0
51.0
51.0
50.0
51.0
50.0
51.0
51.0
50.0
51.0
51.0
51.0
51.0
52.0
52.0
0.0


49.0
49.0
50.0
50.0
49.0
49.0
49.0
49.0
49.0
50.0
47.0
63.0
154.0
173.0
177.0
166.0
163.0
160.0
178.0
212.0
196.0
206.0
246.0
208.0
174.0
199.0
185.0
186.0
213.0
218.0
224.0
222.0
225.0
184.0
151.0
169.0
155.0
61.0
55.0
58.0
55.0
55.0
53.0
53.0
51.0
51.0
50.0
51.0
51.0
50.0
51.0
50.0
49.0
51.0
51.0
51.0
50.0
51.0
51.0
52.0
0.0


48.0
50.0
50.0
50.0
49.0
49.0
50.0
49.0
49.0
50.0
47.0
56.0
140.0
156.0
172.0
192.0
180.0
189.0
219.0
237.0
231.0
214.0
220.0
207.0
176.0
192.0
201.0
181.0
203.0
215.0
216.0
219.0
229.0
191.0
140.0
165.0
166.0
67.0
55.0
58.0
55.0
54.0
52.0
52.0
52.0
51.0
52.0
51.0
50.0
50.0
51.0
51.0
51.0
51.0
51.0
50.0
51.0
52.0
52.0
52.0
0.0


50.0
50.0
50.0
49.0
49.0
49.0
49.0
50.0
50.0
49.0
49.0
51.0
118.0
176.0
167.0
177.0
182.0
199.0
219.0
217.0
226.0
227.0
202.0
198.0
180.0
181.0
209.0
195.0
185.0
212.0
215.0
221.0
217.0
217.0
165.0
170.0
175.0
69.0
54.0
59.0
55.0
54.0
53.0
53.0
52.0
51.0
51.0
51.0
52.0
50.0
50.0
52.0
52.0
51.0
51.0
52.0
51.0
53.0
52.0
51.0
0.0


50.0
50.0
51.0
50.0
49.0
50.0
49.0
49.0
50.0
49.0
51.0
46.0
84.0
142.0
135.0
164.0
199.0
209.0
195.0
192.0
204.0
217.0
214.0
205.0
175.0
180.0
195.0
213.0
178.0
197.0
214.0
218.0
217.0
216.0
199.0
182.0
185.0
76.0
55.0
58.0
54.0
54.0
54.0
53.0
53.0
52.0
51.0
52.0
52.0
51.0
52.0
50.0
51.0
52.0
52.0
52.0
53.0
52.0
52.0
50.0
0.0


50.0
51.0
51.0
50.0
50.0
49.0
49.0
50.0
50.0
50.0
52.0
46.0
66.0
144.0
163.0
174.0
177.0
180.0
185.0
191.0
201.0
205.0
213.0
207.0
175.0
192.0
206.0
228.0
188.0
180.0
209.0
213.0
214.0
212.0
208.0
192.0
192.0
82.0
53.0
58.0
55.0
55.0
54.0
53.0
53.0
52.0
52.0
52.0
51.0
52.0
52.0
52.0
51.0
52.0
52.0
50.0
52.0
52.0
52.0
49.0
0.0


50.0
50.0
51.0
51.0
50.0
50.0
50.0
50.0
49.0
49.0
51.0
47.0
63.0
135.0
132.0
126.0
139.0
151.0
169.0
184.0
195.0
197.0
188.0
186.0
179.0
205.0
201.0
228.0
207.0
171.0
197.0
212.0
213.0
213.0
206.0
204.0
206.0
82.0
54.0
59.0
55.0
55.0
53.0
53.0
53.0
52.0
51.0
52.0
51.0
52.0
51.0
51.0
52.0
51.0
52.0
52.0
52.0
51.0
51.0
50.0
0.0


50.0
51.0
51.0
50.0
50.0
50.0
49.0
49.0
50.0
49.0
51.0
49.0
56.0
121.0
125.0
123.0
133.0
142.0
157.0
172.0
181.0
173.0
171.0
179.0
183.0
158.0
145.0
184.0
219.0
170.0
182.0
207.0
208.0
210.0
202.0
209.0
221.0
83.0
54.0
60.0
55.0
55.0
54.0
53.0
52.0
52.0
52.0
51.0
51.0
50.0
50.0
51.0
52.0
51.0
51.0
52.0
51.0
51.0
51.0
50.0
0.0


50.0
50.0
51.0
50.0
51.0
50.0
50.0
49.0
49.0
50.0
51.0
49.0
55.0
118.0
131.0
124.0
126.0
133.0
145.0
161.0
160.0
156.0
167.0
178.0
164.0
129.0
134.0
162.0
202.0
170.0
176.0
199.0
203.0
203.0
198.0
214.0
219.0
81.0
54.0
59.0
55.0
54.0
54.0
54.0
53.0
51.0
52.0
51.0
51.0
50.0
51.0
51.0
51.0
51.0
51.0
52.0
51.0
52.0
51.0
50.0
0.0


51.0
51.0
52.0
52.0
50.0
51.0
50.0
50.0
50.0
50.0
51.0
51.0
52.0
111.0
131.0
122.0
124.0
123.0
135.0
145.0
147.0
155.0
160.0
165.0
146.0
130.0
137.0
155.0
182.0
168.0
171.0
200.0
205.0
202.0
200.0
214.0
218.0
86.0
55.0
60.0
55.0
53.0
54.0
53.0
52.0
52.0
51.0
51.0
52.0
51.0
51.0
51.0
51.0
51.0
51.0
51.0
51.0
51.0
50.0
50.0
0.0


50.0
52.0
51.0
51.0
50.0
52.0
50.0
50.0
51.0
51.0
53.0
51.0
50.0
102.0
131.0
120.0
119.0
118.0
126.0
135.0
144.0
150.0
156.0
149.0
146.0
132.0
135.0
156.0
173.0
147.0
169.0
186.0
203.0
204.0
209.0
212.0
219.0
92.0
57.0
60.0
56.0
54.0
55.0
53.0
52.0
52.0
52.0
52.0
52.0
51.0
51.0
51.0
51.0
52.0
51.0
51.0
50.0
51.0
51.0
51.0
0.0


50.0
51.0
51.0
52.0
52.0
52.0
51.0
50.0
50.0
52.0
53.0
52.0
46.0
92.0
136.0
119.0
117.0
110.0
110.0
124.0
134.0
141.0
142.0
129.0
152.0
136.0
140.0
171.0
181.0
139.0
157.0
191.0
199.0
210.0
216.0
210.0
221.0
90.0
56.0
60.0
55.0
55.0
55.0
55.0
52.0
53.0
53.0
51.0
50.0
51.0
51.0
51.0
50.0
51.0
50.0
51.0
49.0
51.0
50.0
50.0
0.0


50.0
51.0
51.0
52.0
51.0
50.0
50.0
51.0
50.0
51.0
51.0
54.0
46.0
77.0
142.0
122.0
115.0
107.0
109.0
116.0
117.0
128.0
113.0
118.0
142.0
132.0
153.0
170.0
166.0
158.0
153.0
176.0
204.0
213.0
215.0
208.0
222.0
88.0
56.0
60.0
55.0
55.0
54.0
55.0
53.0
52.0
52.0
52.0
51.0
51.0
50.0
50.0
50.0
51.0
50.0
50.0
49.0
50.0
48.0
49.0
0.0


50.0
52.0
51.0
52.0
51.0
50.0
51.0
52.0
51.0
51.0
50.0
53.0
50.0
63.0
138.0
131.0
118.0
113.0
115.0
112.0
108.0
121.0
102.0
128.0
135.0
130.0
149.0
154.0
150.0
151.0
167.0
175.0
191.0
211.0
213.0
210.0
217.0
86.0
57.0
61.0
55.0
54.0
53.0
53.0
52.0
51.0
52.0
51.0
51.0
51.0
51.0
51.0
51.0
52.0
52.0
51.0
50.0
49.0
50.0
50.0
0.0


51.0
51.0
51.0
52.0
51.0
51.0
52.0
50.0
51.0
51.0
52.0
54.0
54.0
52.0
120.0
142.0
125.0
121.0
115.0
111.0
108.0
114.0
105.0
137.0
130.0
130.0
141.0
149.0
149.0
152.0
165.0
186.0
208.0
213.0
210.0
213.0
206.0
79.0
57.0
61.0
55.0
54.0
54.0
53.0
51.0
52.0
53.0
51.0
50.0
51.0
52.0
48.0
49.0
52.0
51.0
50.0
50.0
49.0
50.0
51.0
0.0


52.0
50.0
51.0
52.0
51.0
51.0
52.0
53.0
52.0
52.0
52.0
53.0
56.0
47.0
91.0
153.0
128.0
128.0
123.0
113.0
108.0
108.0
111.0
138.0
130.0
133.0
142.0
146.0
152.0
163.0
175.0
191.0
207.0
218.0
207.0
230.0
175.0
68.0
58.0
60.0
56.0
55.0
54.0
54.0
54.0
52.0
50.0
50.0
50.0
50.0
49.0
49.0
49.0
49.0
50.0
49.0
50.0
49.0
49.0
50.0
0.0


52.0
51.0
51.0
51.0
51.0
51.0
53.0
53.0
52.0
52.0
52.0
53.0
55.0
53.0
65.0
144.0
135.0
132.0
125.0
113.0
111.0
105.0
114.0
142.0
137.0
138.0
147.0
154.0
161.0
175.0
184.0
200.0
209.0
212.0
204.0
249.0
130.0
60.0
64.0
58.0
58.0
56.0
56.0
53.0
51.0
51.0
50.0
49.0
50.0
50.0
49.0
49.0
50.0
48.0
49.0
49.0
48.0
50.0
50.0
49.0
0.0


51.0
51.0
51.0
51.0
52.0
51.0
52.0
53.0
52.0
53.0
55.0
55.0
56.0
59.0
53.0
104.0
155.0
132.0
129.0
121.0
117.0
110.0
115.0
143.0
144.0
149.0
153.0
165.0
170.0
178.0
193.0
204.0
213.0
211.0
209.0
244.0
90.0
55.0
65.0
59.0
57.0
56.0
56.0
54.0
52.0
51.0
50.0
51.0
50.0
50.0
50.0
48.0
49.0
49.0
49.0
48.0
48.0
49.0
50.0
51.0
0.0


52.0
52.0
52.0
51.0
51.0
53.0
54.0
54.0
53.0
53.0
55.0
56.0
56.0
59.0
60.0
67.0
143.0
143.0
134.0
131.0
130.0
123.0
124.0
138.0
151.0
158.0
166.0
170.0
183.0
188.0
198.0
208.0
216.0
209.0
229.0
179.0
68.0
61.0
64.0
60.0
57.0
57.0
55.0
54.0
53.0
51.0
51.0
50.0
50.0
50.0
50.0
49.0
50.0
50.0
49.0
50.0
49.0
50.0
50.0
51.0
0.0


51.0
51.0
51.0
51.0
53.0
53.0
53.0
54.0
54.0
54.0
55.0
57.0
57.0
59.0
63.0
57.0
97.0
161.0
137.0
137.0
138.0
135.0
137.0
137.0
153.0
165.0
176.0
181.0
193.0
204.0
209.0
214.0
217.0
209.0
229.0
174.0
73.0
64.0
65.0
60.0
58.0
57.0
55.0
55.0
54.0
53.0
51.0
51.0
51.0
50.0
51.0
50.0
51.0
50.0
51.0
52.0
50.0
52.0
52.0
51.0
0.0


51.0
52.0
52.0
51.0
53.0
52.0
54.0
54.0
54.0
55.0
56.0
57.0
59.0
62.0
64.0
64.0
67.0
134.0
151.0
142.0
145.0
147.0
147.0
147.0
152.0
162.0
178.0
191.0
196.0
202.0
208.0
214.0
217.0
215.0
212.0
206.0
92.0
60.0
66.0
61.0
58.0
59.0
57.0
56.0
54.0
54.0
54.0
54.0
53.0
52.0
51.0
51.0
50.0
51.0
52.0
53.0
51.0
51.0
51.0
52.0
0.0


51.0
51.0
52.0
51.0
51.0
52.0
55.0
55.0
55.0
55.0
57.0
58.0
60.0
63.0
66.0
67.0
62.0
91.0
160.0
148.0
154.0
157.0
158.0
158.0
162.0
168.0
174.0
184.0
194.0
203.0
210.0
217.0
221.0
221.0
208.0
241.0
120.0
60.0
65.0
62.0
59.0
60.0
59.0
56.0
54.0
54.0
55.0
55.0
55.0
55.0
52.0
51.0
52.0
52.0
53.0
52.0
53.0
53.0
51.0
50.0
0.0


51.0
50.0
52.0
52.0
52.0
52.0
52.0
55.0
56.0
56.0
58.0
59.0
60.0
64.0
66.0
68.0
67.0
65.0
130.0
181.0
167.0
170.0
175.0
174.0
183.0
185.0
181.0
184.0
192.0
198.0
212.0
219.0
222.0
221.0
209.0
232.0
161.0
72.0
64.0
64.0
61.0
60.0
60.0
58.0
56.0
55.0
55.0
55.0
54.0
55.0
55.0
53.0
52.0
53.0
54.0
54.0
53.0
54.0
54.0
53.0
0.0


51.0
52.0
53.0
52.0
52.0
52.0
53.0
55.0
54.0
57.0
59.0
59.0
62.0
63.0
65.0
67.0
69.0
65.0
79.0
159.0
189.0
187.0
194.0
192.0
185.0
184.0
186.0
190.0
194.0
199.0
209.0
216.0
219.0
218.0
211.0
210.0
209.0
91.0
61.0
66.0
62.0
60.0
60.0
59.0
57.0
58.0
57.0
54.0
55.0
55.0
55.0
54.0
54.0
54.0
53.0
55.0
56.0
53.0
54.0
54.0
0.0


0.0
0.0
0.0
0.0
0.0
0.0
0.0
0.0
0.0
0.0
0.0
0.0
0.0
0.0
0.0
0.0
0.0
0.0
0.0
0.0
0.0
0.0
0.0
0.0
0.0
0.0
0.0
0.0
0.0
0.0
0.0
0.0
0.0
0.0
0.0
0.0
0.0
0.0
0.0
0.0
0.0
0.0
0.0
0.0
0.0
0.0
0.0
0.0
0.0
0.0
0.0
0.0
0.0
0.0
0.0
0.0
0.0
0.0
0.0
0.0
0.0


