51.0
50.0
49.0
49.0
49.0
50.0
51.0
51.0
52.0
51.0
52.0
51.0
51.0
52.0
52.0
52.0
52.0
53.0
53.0
53.0
53.0
54.0
54.0
53.0
54.0
54.0
55.0
54.0
53.0
54.0
55.0
53.0
53.0
49.0
62.0
133.0
129.0
163.0
125.0
49.0
51.0
53.0
54.0
52.0
53.0
53.0
53.0
54.0
53.0
53.0
53.0
52.0
50.0
49.0
49.0
49.0
51.0
51.0
51.0
52.0
0.0


52.0
51.0
51.0
50.0
50.0
49.0
51.0
51.0
51.0
52.0
52.0
52.0
52.0
52.0
53.0
52.0
52.0
52.0
53.0
54.0
54.0
54.0
54.0
54.0
52.0
54.0
55.0
54.0
53.0
54.0
54.0
52.0
54.0
49.0
63.0
140.0
137.0
162.0
137.0
51.0
52.0
52.0
53.0
53.0
53.0
53.0
53.0
54.0
53.0
53.0
53.0
51.0
50.0
49.0
49.0
49.0
50.0
50.0
51.0
51.0
0.0


51.0
51.0
51.0
50.0
49.0
49.0
51.0
51.0
51.0
51.0
51.0
52.0
52.0
53.0
53.0
53.0
52.0
52.0
54.0
54.0
53.0
53.0
54.0
54.0
53.0
55.0
54.0
54.0
53.0
55.0
55.0
52.0
55.0
51.0
70.0
139.0
133.0
156.0
150.0
54.0
51.0
53.0
53.0
52.0
52.0
52.0
53.0
52.0
53.0
52.0
52.0
52.0
50.0
51.0
48.0
49.0
49.0
50.0
51.0
52.0
0.0


51.0
50.0
50.0
50.0
50.0
50.0
51.0
51.0
51.0
51.0
51.0
51.0
51.0
52.0
53.0
53.0
52.0
53.0
53.0
53.0
53.0
53.0
53.0
54.0
55.0
55.0
55.0
55.0
53.0
54.0
55.0
53.0
54.0
47.0
84.0
136.0
130.0
152.0
164.0
62.0
51.0
53.0
52.0
52.0
52.0
52.0
52.0
51.0
52.0
52.0
53.0
51.0
50.0
50.0
49.0
50.0
50.0
51.0
52.0
53.0
0.0


51.0
51.0
51.0
50.0
50.0
51.0
51.0
51.0
50.0
52.0
52.0
51.0
52.0
52.0
52.0
53.0
53.0
54.0
52.0
53.0
53.0
54.0
55.0
54.0
54.0
55.0
54.0
54.0
54.0
53.0
54.0
53.0
55.0
46.0
92.0
130.0
133.0
150.0
173.0
68.0
48.0
53.0
52.0
52.0
52.0
52.0
52.0
52.0
52.0
52.0
53.0
51.0
50.0
50.0
50.0
50.0
51.0
52.0
52.0
54.0
0.0


51.0
51.0
51.0
51.0
50.0
49.0
51.0
50.0
49.0
51.0
52.0
52.0
52.0
52.0
52.0
53.0
54.0
52.0
52.0
53.0
53.0
54.0
55.0
54.0
54.0
55.0
54.0
53.0
53.0
53.0
53.0
53.0
55.0
47.0
100.0
133.0
139.0
153.0
176.0
67.0
48.0
53.0
52.0
52.0
52.0
51.0
51.0
52.0
52.0
52.0
53.0
51.0
50.0
50.0
51.0
50.0
50.0
52.0
53.0
54.0
0.0


51.0
52.0
51.0
51.0
50.0
50.0
51.0
51.0
51.0
52.0
52.0
52.0
51.0
52.0
52.0
52.0
53.0
52.0
52.0
53.0
53.0
54.0
54.0
54.0
53.0
54.0
53.0
54.0
54.0
54.0
53.0
54.0
52.0
50.0
118.0
141.0
143.0
165.0
173.0
59.0
50.0
54.0
52.0
51.0
51.0
51.0
51.0
51.0
52.0
52.0
53.0
53.0
52.0
51.0
52.0
51.0
51.0
53.0
54.0
54.0
0.0


51.0
52.0
52.0
52.0
52.0
50.0
50.0
51.0
50.0
51.0
51.0
51.0
51.0
51.0
52.0
53.0
52.0
53.0
53.0
52.0
53.0
54.0
54.0
53.0
54.0
54.0
54.0
54.0
54.0
54.0
52.0
55.0
50.0
57.0
129.0
136.0
143.0
172.0
162.0
57.0
51.0
53.0
52.0
50.0
50.0
51.0
52.0
51.0
51.0
52.0
53.0
52.0
52.0
52.0
52.0
52.0
52.0
54.0
53.0
55.0
0.0


51.0
51.0
52.0
51.0
51.0
50.0
51.0
50.0
50.0
52.0
51.0
51.0
51.0
52.0
52.0
52.0
51.0
52.0
53.0
53.0
53.0
52.0
54.0
53.0
52.0
53.0
54.0
53.0
53.0
54.0
53.0
55.0
48.0
66.0
130.0
133.0
149.0
183.0
151.0
54.0
54.0
53.0
52.0
51.0
51.0
51.0
50.0
50.0
51.0
52.0
54.0
52.0
53.0
53.0
53.0
53.0
53.0
54.0
56.0
55.0
0.0


50.0
51.0
52.0
52.0
51.0
51.0
50.0
51.0
51.0
52.0
52.0
51.0
51.0
53.0
52.0
51.0
51.0
53.0
53.0
52.0
52.0
53.0
54.0
53.0
51.0
52.0
53.0
53.0
52.0
53.0
53.0
54.0
45.0
78.0
132.0
135.0
150.0
190.0
139.0
50.0
53.0
54.0
51.0
50.0
50.0
51.0
50.0
50.0
51.0
51.0
52.0
53.0
54.0
54.0
53.0
54.0
54.0
53.0
55.0
53.0
0.0


51.0
51.0
51.0
52.0
52.0
51.0
50.0
50.0
51.0
53.0
51.0
51.0
52.0
52.0
51.0
51.0
51.0
52.0
52.0
52.0
51.0
53.0
53.0
52.0
52.0
52.0
52.0
51.0
52.0
52.0
53.0
54.0
45.0
93.0
136.0
142.0
153.0
200.0
130.0
49.0
54.0
53.0
52.0
52.0
51.0
50.0
51.0
51.0
52.0
54.0
52.0
53.0
53.0
54.0
54.0
53.0
53.0
54.0
54.0
54.0
0.0


50.0
51.0
52.0
51.0
52.0
52.0
51.0
50.0
52.0
52.0
49.0
51.0
51.0
51.0
50.0
50.0
51.0
52.0
52.0
51.0
51.0
52.0
52.0
52.0
51.0
52.0
52.0
51.0
50.0
50.0
51.0
49.0
53.0
109.0
132.0
156.0
161.0
214.0
121.0
49.0
55.0
53.0
52.0
52.0
50.0
51.0
52.0
52.0
51.0
53.0
53.0
53.0
52.0
53.0
54.0
53.0
53.0
53.0
54.0
54.0
0.0


51.0
50.0
51.0
51.0
51.0
53.0
52.0
51.0
53.0
51.0
50.0
50.0
49.0
50.0
51.0
50.0
50.0
51.0
51.0
50.0
50.0
52.0
52.0
52.0
52.0
52.0
51.0
52.0
50.0
50.0
52.0
47.0
68.0
128.0
144.0
170.0
159.0
219.0
106.0
48.0
55.0
53.0
53.0
51.0
50.0
51.0
51.0
51.0
51.0
52.0
52.0
53.0
53.0
53.0
53.0
52.0
52.0
52.0
52.0
54.0
0.0


50.0
51.0
51.0
51.0
52.0
52.0
52.0
53.0
53.0
51.0
49.0
50.0
49.0
50.0
50.0
49.0
49.0
50.0
50.0
51.0
50.0
52.0
51.0
51.0
52.0
51.0
51.0
52.0
51.0
51.0
52.0
46.0
77.0
152.0
166.0
172.0
163.0
229.0
92.0
47.0
57.0
53.0
52.0
51.0
51.0
51.0
51.0
51.0
51.0
52.0
53.0
53.0
53.0
52.0
52.0
52.0
52.0
52.0
52.0
53.0
0.0


50.0
52.0
51.0
50.0
50.0
52.0
52.0
51.0
51.0
50.0
49.0
51.0
49.0
50.0
50.0
50.0
50.0
50.0
50.0
50.0
50.0
52.0
52.0
52.0
52.0
51.0
51.0
52.0
53.0
51.0
53.0
47.0
79.0
135.0
156.0
151.0
162.0
222.0
78.0
50.0
56.0
55.0
52.0
53.0
52.0
51.0
52.0
51.0
51.0
51.0
52.0
51.0
51.0
51.0
52.0
52.0
52.0
52.0
52.0
52.0
0.0


50.0
50.0
50.0
51.0
51.0
51.0
51.0
51.0
50.0
49.0
51.0
51.0
50.0
51.0
51.0
50.0
50.0
51.0
51.0
51.0
51.0
51.0
51.0
52.0
52.0
52.0
52.0
52.0
52.0
52.0
53.0
51.0
86.0
119.0
131.0
129.0
161.0
173.0
63.0
53.0
54.0
54.0
53.0
53.0
51.0
51.0
53.0
52.0
53.0
51.0
52.0
51.0
51.0
51.0
52.0
51.0
51.0
53.0
53.0
52.0
0.0


50.0
50.0
51.0
51.0
51.0
52.0
51.0
51.0
51.0
51.0
52.0
51.0
50.0
50.0
50.0
51.0
51.0
51.0
50.0
51.0
52.0
52.0
52.0
52.0
51.0
52.0
52.0
53.0
52.0
52.0
52.0
55.0
94.0
112.0
123.0
129.0
177.0
143.0
56.0
54.0
56.0
54.0
53.0
52.0
50.0
52.0
52.0
52.0
51.0
51.0
52.0
51.0
51.0
51.0
52.0
51.0
52.0
53.0
53.0
53.0
0.0


49.0
51.0
50.0
51.0
51.0
52.0
51.0
51.0
51.0
52.0
52.0
52.0
50.0
51.0
51.0
51.0
51.0
51.0
50.0
50.0
51.0
52.0
53.0
52.0
51.0
53.0
52.0
52.0
50.0
55.0
52.0
58.0
100.0
114.0
126.0
138.0
198.0
121.0
51.0
56.0
56.0
56.0
54.0
53.0
52.0
53.0
53.0
52.0
51.0
51.0
51.0
51.0
51.0
52.0
52.0
52.0
53.0
53.0
53.0
52.0
0.0


50.0
50.0
51.0
51.0
50.0
51.0
51.0
51.0
52.0
52.0
52.0
51.0
50.0
51.0
52.0
50.0
51.0
51.0
50.0
51.0
51.0
51.0
53.0
52.0
52.0
52.0
51.0
51.0
51.0
53.0
51.0
59.0
109.0
121.0
131.0
148.0
204.0
104.0
48.0
58.0
56.0
54.0
53.0
52.0
52.0
52.0
52.0
51.0
51.0
51.0
51.0
52.0
51.0
51.0
52.0
53.0
54.0
52.0
52.0
53.0
0.0


50.0
50.0
51.0
50.0
50.0
51.0
53.0
53.0
52.0
53.0
51.0
52.0
51.0
51.0
52.0
50.0
51.0
51.0
50.0
51.0
53.0
53.0
52.0
52.0
52.0
50.0
54.0
55.0
55.0
55.0
50.0
64.0
114.0
125.0
138.0
154.0
199.0
89.0
50.0
59.0
54.0
52.0
52.0
53.0
51.0
53.0
51.0
51.0
51.0
50.0
52.0
52.0
52.0
52.0
52.0
52.0
51.0
52.0
54.0
53.0
0.0


49.0
49.0
49.0
51.0
51.0
50.0
52.0
53.0
51.0
52.0
52.0
51.0
52.0
51.0
51.0
50.0
51.0
51.0
52.0
52.0
47.0
48.0
53.0
50.0
50.0
53.0
47.0
44.0
45.0
52.0
51.0
73.0
121.0
132.0
147.0
162.0
184.0
74.0
52.0
60.0
55.0
55.0
52.0
53.0
50.0
52.0
51.0
51.0
51.0
51.0
52.0
51.0
51.0
51.0
51.0
52.0
52.0
52.0
53.0
52.0
0.0


48.0
49.0
50.0
51.0
51.0
50.0
51.0
51.0
51.0
52.0
52.0
52.0
52.0
51.0
51.0
50.0
50.0
52.0
48.0
46.0
60.0
56.0
43.0
49.0
50.0
46.0
69.0
90.0
84.0
53.0
45.0
84.0
137.0
144.0
148.0
169.0
164.0
64.0
54.0
60.0
56.0
55.0
53.0
52.0
52.0
51.0
52.0
51.0
51.0
51.0
52.0
51.0
52.0
51.0
51.0
52.0
51.0
52.0
52.0
51.0
0.0


48.0
48.0
50.0
51.0
51.0
51.0
50.0
51.0
52.0
52.0
52.0
52.0
50.0
50.0
50.0
51.0
52.0
48.0
52.0
115.0
160.0
162.0
91.0
45.0
45.0
89.0
163.0
185.0
198.0
154.0
63.0
90.0
142.0
149.0
151.0
184.0
147.0
58.0
56.0
59.0
56.0
53.0
53.0
52.0
52.0
51.0
51.0
52.0
50.0
51.0
51.0
51.0
51.0
51.0
52.0
51.0
51.0
51.0
53.0
52.0
0.0


48.0
48.0
50.0
50.0
50.0
51.0
50.0
50.0
52.0
52.0
51.0
51.0
51.0
50.0
51.0
51.0
52.0
44.0
104.0
178.0
151.0
164.0
229.0
67.0
57.0
176.0
159.0
169.0
165.0
209.0
115.0
104.0
144.0
148.0
148.0
188.0
136.0
55.0
58.0
58.0
55.0
53.0
52.0
53.0
52.0
51.0
52.0
50.0
51.0
51.0
51.0
50.0
51.0
51.0
52.0
51.0
51.0
52.0
52.0
51.0
0.0


48.0
49.0
50.0
50.0
50.0
49.0
50.0
50.0
51.0
51.0
51.0
50.0
50.0
51.0
52.0
55.0
50.0
56.0
142.0
163.0
155.0
155.0
188.0
126.0
125.0
174.0
164.0
161.0
182.0
140.0
91.0
127.0
135.0
130.0
132.0
168.0
129.0
52.0
59.0
56.0
54.0
53.0
52.0
53.0
52.0
51.0
52.0
50.0
51.0
51.0
51.0
51.0
51.0
50.0
51.0
52.0
50.0
53.0
53.0
53.0
0.0


49.0
48.0
49.0
50.0
49.0
49.0
50.0
51.0
50.0
51.0
51.0
50.0
50.0
50.0
51.0
46.0
39.0
56.0
161.0
159.0
151.0
158.0
155.0
171.0
213.0
167.0
154.0
157.0
179.0
121.0
108.0
151.0
150.0
133.0
122.0
156.0
134.0
56.0
58.0
56.0
54.0
53.0
53.0
52.0
51.0
51.0
51.0
52.0
51.0
50.0
51.0
51.0
51.0
51.0
50.0
50.0
50.0
52.0
54.0
53.0
0.0


48.0
48.0
50.0
51.0
50.0
48.0
50.0
51.0
51.0
50.0
50.0
50.0
51.0
51.0
48.0
81.0
98.0
98.0
159.0
153.0
143.0
147.0
152.0
150.0
183.0
174.0
148.0
156.0
165.0
131.0
142.0
169.0
164.0
152.0
118.0
163.0
140.0
56.0
58.0
58.0
55.0
53.0
53.0
52.0
51.0
51.0
51.0
50.0
50.0
50.0
50.0
49.0
51.0
51.0
50.0
49.0
50.0
51.0
53.0
51.0
0.0


49.0
49.0
50.0
50.0
50.0
49.0
50.0
50.0
51.0
50.0
51.0
50.0
52.0
44.0
97.0
170.0
163.0
176.0
185.0
160.0
140.0
141.0
148.0
150.0
166.0
178.0
145.0
150.0
156.0
148.0
166.0
188.0
175.0
176.0
142.0
172.0
139.0
57.0
60.0
58.0
55.0
55.0
54.0
53.0
51.0
51.0
51.0
49.0
50.0
50.0
49.0
49.0
49.0
49.0
50.0
50.0
51.0
51.0
52.0
52.0
0.0


49.0
50.0
49.0
49.0
48.0
49.0
50.0
50.0
50.0
49.0
49.0
52.0
47.0
58.0
153.0
155.0
152.0
151.0
170.0
188.0
145.0
138.0
144.0
151.0
155.0
182.0
152.0
141.0
156.0
160.0
169.0
191.0
186.0
194.0
191.0
181.0
129.0
57.0
61.0
58.0
54.0
55.0
56.0
53.0
50.0
50.0
49.0
49.0
49.0
49.0
49.0
48.0
49.0
50.0
49.0
50.0
50.0
51.0
53.0
52.0
0.0


49.0
49.0
49.0
49.0
47.0
49.0
50.0
49.0
50.0
51.0
51.0
51.0
44.0
95.0
177.0
156.0
154.0
153.0
144.0
177.0
170.0
142.0
140.0
151.0
155.0
173.0
170.0
140.0
155.0
164.0
165.0
186.0
199.0
214.0
200.0
205.0
122.0
54.0
60.0
58.0
55.0
55.0
54.0
51.0
50.0
49.0
49.0
49.0
48.0
47.0
47.0
47.0
49.0
49.0
49.0
50.0
50.0
51.0
52.0
51.0
0.0


49.0
49.0
48.0
49.0
48.0
49.0
49.0
50.0
50.0
50.0
50.0
49.0
48.0
123.0
184.0
154.0
143.0
143.0
145.0
149.0
182.0
161.0
144.0
150.0
158.0
166.0
181.0
145.0
153.0
171.0
166.0
187.0
201.0
209.0
199.0
240.0
132.0
56.0
63.0
59.0
55.0
54.0
54.0
51.0
49.0
49.0
49.0
49.0
48.0
48.0
48.0
48.0
48.0
49.0
49.0
49.0
50.0
51.0
52.0
51.0
0.0


49.0
49.0
49.0
49.0
48.0
49.0
50.0
49.0
50.0
49.0
51.0
47.0
60.0
147.0
181.0
165.0
149.0
137.0
138.0
142.0
155.0
181.0
157.0
150.0
156.0
167.0
188.0
160.0
157.0
183.0
168.0
183.0
206.0
211.0
203.0
241.0
143.0
59.0
62.0
58.0
55.0
55.0
53.0
51.0
50.0
50.0
49.0
49.0
49.0
49.0
49.0
49.0
50.0
49.0
50.0
50.0
50.0
51.0
51.0
51.0
0.0


49.0
49.0
49.0
50.0
49.0
49.0
48.0
49.0
49.0
48.0
51.0
44.0
75.0
171.0
169.0
174.0
167.0
152.0
138.0
140.0
146.0
170.0
174.0
155.0
157.0
172.0
197.0
170.0
163.0
189.0
183.0
177.0
209.0
213.0
209.0
245.0
159.0
62.0
60.0
58.0
55.0
60.0
61.0
52.0
51.0
51.0
51.0
50.0
48.0
50.0
51.0
50.0
49.0
49.0
50.0
51.0
51.0
51.0
52.0
52.0
0.0


49.0
49.0
49.0
49.0
49.0
49.0
49.0
50.0
49.0
49.0
50.0
44.0
101.0
183.0
167.0
187.0
190.0
170.0
159.0
147.0
146.0
166.0
191.0
176.0
175.0
196.0
219.0
181.0
168.0
182.0
198.0
177.0
197.0
215.0
211.0
241.0
204.0
73.0
56.0
60.0
55.0
54.0
57.0
53.0
51.0
51.0
50.0
50.0
49.0
50.0
50.0
50.0
51.0
51.0
51.0
51.0
51.0
51.0
54.0
52.0
0.0


49.0
48.0
49.0
48.0
48.0
50.0
50.0
50.0
49.0
50.0
50.0
47.0
117.0
175.0
176.0
201.0
214.0
192.0
171.0
167.0
164.0
194.0
217.0
195.0
205.0
221.0
232.0
192.0
171.0
180.0
203.0
185.0
186.0
215.0
212.0
214.0
250.0
94.0
55.0
61.0
56.0
55.0
51.0
52.0
51.0
51.0
51.0
51.0
50.0
50.0
49.0
49.0
51.0
51.0
51.0
51.0
51.0
51.0
54.0
52.0
0.0


49.0
49.0
49.0
49.0
49.0
48.0
48.0
48.0
48.0
49.0
49.0
47.0
116.0
165.0
156.0
181.0
196.0
212.0
197.0
185.0
202.0
219.0
232.0
218.0
208.0
226.0
236.0
190.0
171.0
183.0
202.0
205.0
178.0
205.0
219.0
205.0
255.0
133.0
55.0
59.0
56.0
54.0
54.0
52.0
50.0
51.0
50.0
52.0
51.0
51.0
50.0
50.0
51.0
51.0
51.0
52.0
52.0
52.0
52.0
52.0
0.0


50.0
48.0
49.0
48.0
49.0
49.0
49.0
49.0
49.0
50.0
51.0
45.0
103.0
170.0
162.0
185.0
187.0
194.0
218.0
204.0
198.0
225.0
215.0
212.0
214.0
211.0
190.0
184.0
178.0
194.0
213.0
221.0
175.0
190.0
219.0
213.0
216.0
230.0
80.0
53.0
58.0
54.0
53.0
52.0
51.0
52.0
52.0
52.0
51.0
50.0
50.0
51.0
52.0
52.0
51.0
52.0
52.0
52.0
53.0
52.0
0.0


49.0
49.0
49.0
48.0
48.0
49.0
50.0
49.0
48.0
49.0
50.0
43.0
84.0
158.0
136.0
147.0
174.0
207.0
218.0
224.0
199.0
202.0
194.0
189.0
215.0
192.0
174.0
184.0
185.0
204.0
199.0
230.0
186.0
176.0
210.0
217.0
206.0
241.0
168.0
62.0
54.0
55.0
53.0
52.0
51.0
52.0
52.0
52.0
52.0
50.0
51.0
51.0
51.0
51.0
52.0
52.0
51.0
52.0
51.0
52.0
0.0


49.0
50.0
49.0
49.0
49.0
49.0
50.0
49.0
50.0
49.0
50.0
46.0
61.0
129.0
141.0
163.0
176.0
177.0
185.0
199.0
213.0
195.0
185.0
181.0
196.0
190.0
177.0
184.0
187.0
165.0
147.0
190.0
199.0
173.0
198.0
212.0
217.0
198.0
255.0
106.0
48.0
58.0
53.0
52.0
52.0
51.0
51.0
51.0
51.0
51.0
50.0
51.0
52.0
51.0
52.0
51.0
51.0
52.0
53.0
52.0
0.0


49.0
50.0
49.0
49.0
49.0
49.0
48.0
48.0
48.0
49.0
50.0
49.0
48.0
109.0
145.0
130.0
129.0
140.0
156.0
176.0
197.0
213.0
203.0
193.0
202.0
199.0
180.0
190.0
171.0
138.0
142.0
169.0
200.0
174.0
186.0
210.0
212.0
201.0
241.0
136.0
48.0
57.0
53.0
51.0
51.0
51.0
51.0
51.0
50.0
50.0
50.0
50.0
52.0
51.0
52.0
51.0
52.0
51.0
52.0
52.0
0.0


49.0
50.0
50.0
50.0
49.0
48.0
49.0
48.0
48.0
49.0
50.0
51.0
46.0
100.0
133.0
116.0
126.0
133.0
145.0
166.0
185.0
198.0
200.0
210.0
212.0
203.0
204.0
198.0
153.0
136.0
142.0
161.0
192.0
173.0
179.0
204.0
209.0
197.0
246.0
124.0
49.0
58.0
53.0
51.0
52.0
51.0
51.0
52.0
51.0
51.0
52.0
52.0
50.0
52.0
51.0
52.0
51.0
51.0
51.0
50.0
0.0


50.0
50.0
50.0
50.0
50.0
50.0
51.0
49.0
49.0
48.0
49.0
50.0
47.0
97.0
135.0
123.0
125.0
127.0
137.0
151.0
171.0
174.0
179.0
192.0
189.0
177.0
187.0
188.0
157.0
137.0
141.0
161.0
196.0
173.0
187.0
209.0
210.0
194.0
252.0
97.0
49.0
57.0
54.0
53.0
52.0
52.0
52.0
52.0
51.0
51.0
51.0
51.0
50.0
52.0
51.0
51.0
51.0
51.0
50.0
49.0
0.0


50.0
50.0
50.0
50.0
50.0
50.0
50.0
50.0
50.0
49.0
50.0
51.0
45.0
92.0
138.0
122.0
122.0
124.0
125.0
137.0
152.0
157.0
167.0
177.0
165.0
161.0
171.0
161.0
144.0
140.0
149.0
170.0
172.0
173.0
181.0
204.0
209.0
205.0
227.0
72.0
51.0
56.0
55.0
54.0
53.0
52.0
51.0
51.0
50.0
50.0
51.0
51.0
50.0
51.0
52.0
51.0
52.0
51.0
49.0
49.0
0.0


49.0
50.0
50.0
51.0
50.0
50.0
50.0
50.0
51.0
50.0
50.0
53.0
44.0
87.0
141.0
122.0
121.0
119.0
116.0
125.0
137.0
148.0
155.0
159.0
145.0
150.0
160.0
134.0
119.0
140.0
166.0
178.0
156.0
159.0
192.0
202.0
201.0
244.0
160.0
56.0
56.0
55.0
54.0
53.0
52.0
52.0
51.0
52.0
51.0
51.0
50.0
50.0
51.0
52.0
52.0
51.0
51.0
51.0
49.0
50.0
0.0


51.0
50.0
50.0
50.0
51.0
51.0
51.0
51.0
51.0
50.0
50.0
53.0
45.0
78.0
145.0
124.0
121.0
118.0
112.0
114.0
134.0
142.0
145.0
144.0
131.0
153.0
136.0
117.0
121.0
134.0
152.0
157.0
162.0
156.0
179.0
213.0
201.0
255.0
115.0
52.0
58.0
57.0
54.0
53.0
53.0
52.0
51.0
52.0
51.0
51.0
50.0
49.0
52.0
52.0
51.0
50.0
51.0
51.0
51.0
49.0
0.0


50.0
50.0
50.0
50.0
51.0
51.0
51.0
51.0
51.0
50.0
50.0
52.0
47.0
64.0
146.0
134.0
123.0
118.0
111.0
112.0
125.0
129.0
137.0
128.0
125.0
151.0
116.0
113.0
121.0
130.0
141.0
149.0
155.0
170.0
180.0
197.0
211.0
242.0
85.0
55.0
58.0
57.0
56.0
54.0
52.0
52.0
52.0
52.0
52.0
51.0
51.0
50.0
50.0
52.0
51.0
50.0
50.0
51.0
50.0
49.0
0.0


50.0
50.0
52.0
52.0
51.0
50.0
51.0
51.0
50.0
49.0
50.0
51.0
50.0
52.0
129.0
147.0
127.0
122.0
118.0
117.0
118.0
113.0
125.0
108.0
117.0
131.0
111.0
116.0
121.0
132.0
138.0
146.0
154.0
168.0
193.0
204.0
221.0
181.0
69.0
56.0
60.0
58.0
57.0
55.0
54.0
54.0
54.0
53.0
53.0
53.0
52.0
50.0
51.0
52.0
50.0
50.0
50.0
52.0
52.0
52.0
0.0


50.0
51.0
52.0
51.0
51.0
52.0
52.0
52.0
51.0
49.0
53.0
52.0
54.0
46.0
100.0
160.0
133.0
128.0
124.0
121.0
118.0
111.0
114.0
102.0
119.0
124.0
116.0
123.0
128.0
136.0
142.0
154.0
167.0
182.0
200.0
199.0
245.0
144.0
62.0
63.0
62.0
59.0
57.0
57.0
55.0
54.0
56.0
54.0
52.0
53.0
53.0
51.0
52.0
51.0
51.0
51.0
50.0
53.0
52.0
53.0
0.0


50.0
51.0
51.0
51.0
51.0
52.0
52.0
51.0
51.0
52.0
53.0
52.0
55.0
47.0
71.0
160.0
139.0
133.0
131.0
129.0
120.0
111.0
112.0
102.0
126.0
129.0
123.0
131.0
136.0
146.0
155.0
168.0
178.0
194.0
209.0
198.0
243.0
107.0
60.0
65.0
62.0
59.0
58.0
57.0
55.0
55.0
55.0
54.0
52.0
53.0
52.0
50.0
50.0
51.0
51.0
50.0
50.0
52.0
53.0
53.0
0.0


51.0
51.0
50.0
52.0
53.0
52.0
52.0
52.0
51.0
52.0
52.0
53.0
53.0
57.0
53.0
128.0
158.0
134.0
136.0
130.0
118.0
114.0
110.0
105.0
127.0
142.0
130.0
143.0
146.0
160.0
168.0
175.0
187.0
203.0
206.0
212.0
186.0
79.0
62.0
67.0
63.0
60.0
59.0
57.0
56.0
55.0
53.0
52.0
52.0
51.0
51.0
50.0
51.0
50.0
51.0
50.0
50.0
52.0
54.0
54.0
0.0


51.0
52.0
52.0
52.0
51.0
52.0
52.0
51.0
52.0
52.0
53.0
53.0
54.0
58.0
52.0
80.0
170.0
142.0
137.0
131.0
125.0
125.0
118.0
116.0
129.0
148.0
139.0
156.0
163.0
168.0
179.0
187.0
195.0
206.0
204.0
241.0
133.0
63.0
68.0
67.0
64.0
60.0
60.0
57.0
55.0
55.0
55.0
53.0
52.0
52.0
50.0
51.0
50.0
49.0
51.0
50.0
52.0
54.0
54.0
54.0
0.0


51.0
50.0
51.0
53.0
52.0
53.0
53.0
52.0
52.0
53.0
53.0
54.0
56.0
57.0
59.0
58.0
125.0
166.0
139.0
140.0
134.0
136.0
131.0
129.0
135.0
147.0
154.0
161.0
176.0
182.0
194.0
206.0
208.0
213.0
208.0
211.0
91.0
62.0
70.0
66.0
63.0
61.0
61.0
58.0
56.0
55.0
55.0
54.0
54.0
52.0
52.0
52.0
51.0
52.0
52.0
51.0
52.0
54.0
54.0
54.0
0.0


51.0
51.0
52.0
52.0
52.0
53.0
53.0
54.0
53.0
53.0
54.0
55.0
57.0
58.0
62.0
58.0
75.0
158.0
148.0
141.0
138.0
141.0
140.0
145.0
145.0
151.0
157.0
165.0
182.0
196.0
202.0
208.0
212.0
213.0
219.0
183.0
75.0
69.0
69.0
66.0
63.0
60.0
61.0
59.0
58.0
57.0
56.0
55.0
55.0
54.0
55.0
53.0
53.0
54.0
54.0
54.0
54.0
55.0
56.0
56.0
0.0


50.0
51.0
51.0
51.0
52.0
53.0
53.0
54.0
54.0
54.0
55.0
55.0
58.0
61.0
63.0
65.0
60.0
110.0
166.0
139.0
146.0
147.0
152.0
157.0
155.0
159.0
159.0
165.0
178.0
193.0
204.0
209.0
214.0
213.0
219.0
206.0
88.0
67.0
70.0
65.0
64.0
63.0
61.0
60.0
59.0
58.0
57.0
56.0
55.0
56.0
56.0
55.0
54.0
55.0
55.0
55.0
55.0
56.0
57.0
57.0
0.0


52.0
52.0
52.0
53.0
52.0
53.0
53.0
52.0
55.0
55.0
55.0
57.0
61.0
63.0
64.0
65.0
64.0
75.0
153.0
160.0
151.0
158.0
162.0
165.0
166.0
173.0
182.0
178.0
179.0
190.0
199.0
208.0
220.0
220.0
214.0
243.0
112.0
66.0
73.0
66.0
65.0
64.0
61.0
60.0
59.0
59.0
58.0
57.0
57.0
56.0
55.0
56.0
56.0
56.0
56.0
56.0
57.0
57.0
57.0
57.0
0.0


51.0
52.0
51.0
53.0
52.0
52.0
53.0
54.0
53.0
54.0
56.0
59.0
62.0
63.0
63.0
64.0
69.0
62.0
107.0
188.0
168.0
177.0
180.0
184.0
186.0
189.0
186.0
185.0
186.0
193.0
197.0
207.0
215.0
218.0
211.0
243.0
141.0
70.0
71.0
66.0
65.0
63.0
63.0
61.0
60.0
60.0
59.0
58.0
57.0
57.0
57.0
58.0
57.0
57.0
58.0
57.0
57.0
59.0
58.0
58.0
0.0


52.0
50.0
50.0
52.0
52.0
51.0
54.0
56.0
54.0
55.0
56.0
59.0
62.0
64.0
66.0
66.0
68.0
67.0
71.0
150.0
187.0
186.0
201.0
202.0
199.0
195.0
192.0
195.0
197.0
200.0
200.0
209.0
214.0
217.0
210.0
227.0
181.0
81.0
67.0
69.0
65.0
65.0
64.0
61.0
60.0
60.0
58.0
59.0
59.0
58.0
58.0
58.0
56.0
57.0
58.0
57.0
57.0
58.0
58.0
57.0
0.0


52.0
50.0
52.0
53.0
51.0
51.0
53.0
53.0
55.0
56.0
58.0
60.0
61.0
65.0
66.0
66.0
68.0
72.0
67.0
96.0
185.0
187.0
203.0
202.0
201.0
200.0
201.0
195.0
192.0
196.0
196.0
206.0
210.0
213.0
212.0
209.0
226.0
104.0
65.0
71.0
65.0
65.0
63.0
61.0
60.0
61.0
60.0
61.0
59.0
57.0
58.0
57.0
58.0
57.0
58.0
59.0
58.0
59.0
58.0
58.0
0.0


51.0
52.0
53.0
52.0
52.0
51.0
53.0
55.0
54.0
56.0
59.0
60.0
62.0
65.0
66.0
67.0
68.0
71.0
74.0
72.0
139.0
180.0
184.0
195.0
194.0
194.0
194.0
192.0
189.0
189.0
185.0
195.0
209.0
211.0
211.0
201.0
241.0
133.0
68.0
68.0
66.0
64.0
64.0
63.0
62.0
60.0
59.0
60.0
60.0
57.0
58.0
57.0
57.0
57.0
57.0
58.0
57.0
57.0
58.0
59.0
0.0


52.0
52.0
51.0
52.0
52.0
51.0
55.0
56.0
54.0
56.0
58.0
60.0
62.0
66.0
67.0
67.0
69.0
71.0
76.0
70.0
103.0
181.0
175.0
190.0
189.0
185.0
186.0
188.0
185.0
184.0
182.0
191.0
203.0
208.0
212.0
203.0
229.0
174.0
81.0
67.0
67.0
64.0
63.0
63.0
63.0
60.0
59.0
59.0
59.0
57.0
57.0
57.0
57.0
58.0
56.0
56.0
58.0
57.0
58.0
58.0
0.0


0.0
0.0
0.0
0.0
0.0
0.0
0.0
0.0
0.0
0.0
0.0
0.0
0.0
0.0
0.0
0.0
0.0
0.0
0.0
0.0
0.0
0.0
0.0
0.0
0.0
0.0
0.0
0.0
0.0
0.0
0.0
0.0
0.0
0.0
0.0
0.0
0.0
0.0
0.0
0.0
0.0
0.0
0.0
0.0
0.0
0.0
0.0
0.0
0.0
0.0
0.0
0.0
0.0
0.0
0.0
0.0
0.0
0.0
0.0
0.0
0.0


