50.0
49.0
50.0
49.0
49.0
50.0
51.0
50.0
50.0
51.0
50.0
51.0
51.0
51.0
51.0
51.0
50.0
47.0
48.0
47.0
51.0
50.0
51.0
51.0
51.0
50.0
50.0
53.0
48.0
63.0
127.0
131.0
156.0
153.0
55.0
48.0
53.0
51.0
51.0
52.0
52.0
52.0
51.0
56.0
56.0
48.0
51.0
52.0
52.0
52.0
51.0
51.0
50.0
51.0
50.0
48.0
47.0
48.0
49.0
50.0
0.0


49.0
49.0
50.0
50.0
49.0
51.0
50.0
49.0
50.0
50.0
51.0
51.0
52.0
52.0
51.0
51.0
52.0
77.0
83.0
58.0
48.0
51.0
51.0
51.0
51.0
51.0
50.0
53.0
48.0
78.0
131.0
124.0
156.0
159.0
60.0
48.0
53.0
50.0
51.0
52.0
51.0
50.0
53.0
96.0
126.0
92.0
49.0
53.0
52.0
52.0
52.0
51.0
51.0
50.0
48.0
47.0
47.0
49.0
48.0
49.0
0.0


50.0
49.0
50.0
49.0
49.0
50.0
49.0
50.0
50.0
50.0
51.0
52.0
52.0
51.0
51.0
47.0
78.0
113.0
132.0
129.0
55.0
48.0
51.0
51.0
51.0
50.0
51.0
54.0
48.0
88.0
128.0
125.0
153.0
168.0
67.0
45.0
53.0
50.0
51.0
51.0
52.0
46.0
76.0
128.0
122.0
176.0
77.0
46.0
53.0
50.0
51.0
50.0
51.0
50.0
49.0
48.0
48.0
49.0
51.0
51.0
0.0


51.0
50.0
49.0
49.0
51.0
50.0
49.0
50.0
50.0
50.0
51.0
50.0
51.0
51.0
51.0
45.0
94.0
126.0
119.0
163.0
76.0
46.0
52.0
50.0
51.0
51.0
51.0
52.0
50.0
97.0
125.0
130.0
156.0
170.0
69.0
44.0
53.0
50.0
50.0
51.0
53.0
46.0
90.0
139.0
131.0
178.0
89.0
46.0
54.0
50.0
50.0
51.0
50.0
49.0
48.0
48.0
49.0
49.0
51.0
52.0
0.0


50.0
50.0
49.0
49.0
50.0
49.0
49.0
49.0
50.0
51.0
50.0
50.0
51.0
51.0
52.0
43.0
83.0
146.0
126.0
167.0
88.0
44.0
53.0
53.0
52.0
51.0
52.0
51.0
53.0
112.0
136.0
135.0
156.0
165.0
63.0
47.0
53.0
48.0
49.0
51.0
51.0
50.0
108.0
136.0
138.0
184.0
77.0
46.0
53.0
50.0
50.0
51.0
51.0
50.0
48.0
48.0
48.0
50.0
50.0
52.0
0.0


51.0
50.0
49.0
50.0
50.0
50.0
50.0
50.0
50.0
50.0
50.0
50.0
50.0
49.0
52.0
43.0
74.0
143.0
130.0
170.0
109.0
46.0
51.0
52.0
51.0
50.0
52.0
50.0
59.0
133.0
148.0
145.0
172.0
158.0
57.0
46.0
53.0
51.0
50.0
52.0
45.0
64.0
124.0
125.0
141.0
177.0
70.0
46.0
52.0
49.0
51.0
51.0
51.0
50.0
50.0
50.0
50.0
50.0
51.0
52.0
0.0


50.0
51.0
50.0
49.0
50.0
50.0
49.0
50.0
50.0
50.0
51.0
50.0
50.0
49.0
52.0
45.0
68.0
143.0
134.0
151.0
140.0
54.0
49.0
52.0
50.0
50.0
53.0
48.0
66.0
140.0
134.0
139.0
170.0
150.0
52.0
46.0
54.0
52.0
50.0
51.0
46.0
89.0
120.0
126.0
147.0
176.0
67.0
47.0
51.0
49.0
51.0
52.0
53.0
50.0
51.0
51.0
52.0
52.0
52.0
53.0
0.0


50.0
51.0
52.0
51.0
50.0
51.0
49.0
49.0
50.0
50.0
50.0
49.0
49.0
49.0
51.0
45.0
68.0
142.0
133.0
139.0
170.0
68.0
46.0
52.0
52.0
52.0
52.0
46.0
75.0
144.0
131.0
141.0
167.0
143.0
50.0
49.0
53.0
50.0
52.0
49.0
53.0
110.0
113.0
134.0
152.0
163.0
60.0
47.0
50.0
49.0
50.0
50.0
51.0
51.0
53.0
51.0
52.0
52.0
52.0
52.0
0.0


50.0
51.0
51.0
50.0
51.0
51.0
49.0
49.0
51.0
50.0
50.0
50.0
49.0
48.0
51.0
45.0
68.0
139.0
128.0
136.0
185.0
91.0
45.0
52.0
49.0
51.0
53.0
48.0
91.0
146.0
133.0
144.0
174.0
131.0
47.0
50.0
52.0
51.0
52.0
45.0
68.0
133.0
127.0
140.0
160.0
145.0
51.0
50.0
50.0
49.0
50.0
52.0
51.0
51.0
52.0
53.0
52.0
51.0
52.0
53.0
0.0


51.0
50.0
50.0
51.0
51.0
50.0
50.0
49.0
49.0
49.0
50.0
50.0
49.0
49.0
50.0
46.0
61.0
136.0
129.0
137.0
185.0
116.0
46.0
53.0
50.0
50.0
53.0
49.0
103.0
147.0
137.0
148.0
184.0
117.0
43.0
49.0
51.0
51.0
50.0
45.0
95.0
137.0
135.0
147.0
200.0
114.0
46.0
52.0
50.0
50.0
51.0
52.0
53.0
52.0
52.0
53.0
52.0
52.0
51.0
54.0
0.0


51.0
50.0
49.0
50.0
50.0
50.0
50.0
50.0
49.0
49.0
52.0
50.0
49.0
49.0
49.0
48.0
51.0
130.0
149.0
147.0
181.0
144.0
50.0
51.0
50.0
50.0
50.0
49.0
119.0
145.0
139.0
150.0
188.0
106.0
43.0
52.0
50.0
51.0
47.0
55.0
118.0
124.0
135.0
152.0
219.0
83.0
46.0
53.0
52.0
51.0
50.0
51.0
52.0
53.0
54.0
52.0
53.0
51.0
51.0
52.0
0.0


51.0
50.0
49.0
50.0
52.0
51.0
49.0
50.0
49.0
49.0
51.0
50.0
49.0
49.0
49.0
49.0
43.0
112.0
155.0
142.0
165.0
166.0
57.0
48.0
50.0
50.0
49.0
56.0
136.0
142.0
148.0
154.0
191.0
92.0
43.0
54.0
49.0
52.0
45.0
73.0
125.0
123.0
143.0
169.0
179.0
61.0
48.0
51.0
50.0
50.0
50.0
52.0
52.0
53.0
52.0
52.0
53.0
51.0
52.0
54.0
0.0


51.0
50.0
49.0
49.0
51.0
50.0
50.0
49.0
50.0
52.0
51.0
48.0
49.0
48.0
48.0
50.0
41.0
95.0
157.0
144.0
159.0
183.0
65.0
46.0
51.0
50.0
45.0
72.0
148.0
144.0
158.0
158.0
191.0
79.0
43.0
55.0
51.0
50.0
52.0
102.0
121.0
126.0
145.0
190.0
138.0
50.0
51.0
51.0
51.0
51.0
51.0
51.0
51.0
52.0
52.0
51.0
52.0
53.0
52.0
53.0
0.0


50.0
51.0
50.0
50.0
50.0
50.0
49.0
51.0
52.0
52.0
49.0
48.0
48.0
48.0
48.0
50.0
42.0
84.0
150.0
142.0
157.0
197.0
81.0
43.0
53.0
53.0
44.0
91.0
160.0
154.0
167.0
165.0
192.0
75.0
43.0
54.0
53.0
46.0
71.0
123.0
120.0
136.0
148.0
209.0
107.0
46.0
53.0
52.0
53.0
51.0
50.0
52.0
52.0
51.0
50.0
51.0
52.0
53.0
52.0
51.0
0.0


50.0
50.0
50.0
51.0
50.0
50.0
50.0
52.0
51.0
51.0
50.0
49.0
49.0
49.0
48.0
50.0
44.0
76.0
150.0
141.0
155.0
193.0
107.0
44.0
55.0
54.0
46.0
113.0
171.0
156.0
159.0
174.0
196.0
70.0
46.0
56.0
53.0
51.0
100.0
120.0
129.0
150.0
161.0
206.0
82.0
46.0
55.0
53.0
53.0
51.0
52.0
51.0
51.0
49.0
49.0
51.0
52.0
52.0
51.0
52.0
0.0


51.0
49.0
50.0
50.0
50.0
49.0
51.0
50.0
50.0
51.0
50.0
50.0
50.0
49.0
48.0
50.0
45.0
67.0
145.0
138.0
154.0
176.0
135.0
49.0
53.0
50.0
51.0
127.0
150.0
149.0
155.0
176.0
175.0
63.0
49.0
57.0
48.0
71.0
147.0
139.0
150.0
151.0
178.0
178.0
64.0
49.0
55.0
53.0
52.0
52.0
52.0
50.0
51.0
51.0
52.0
51.0
51.0
50.0
51.0
52.0
0.0


50.0
50.0
50.0
49.0
49.0
50.0
49.0
50.0
50.0
50.0
50.0
50.0
49.0
49.0
49.0
50.0
45.0
61.0
143.0
135.0
154.0
165.0
164.0
60.0
49.0
52.0
57.0
136.0
135.0
135.0
145.0
175.0
154.0
51.0
51.0
57.0
49.0
103.0
149.0
147.0
163.0
162.0
201.0
144.0
50.0
52.0
54.0
53.0
52.0
52.0
51.0
52.0
52.0
52.0
52.0
51.0
50.0
51.0
52.0
52.0
0.0


50.0
50.0
50.0
50.0
50.0
50.0
50.0
51.0
49.0
50.0
50.0
49.0
50.0
50.0
49.0
50.0
46.0
61.0
144.0
133.0
156.0
172.0
197.0
86.0
46.0
53.0
62.0
142.0
134.0
140.0
152.0
188.0
132.0
46.0
57.0
51.0
64.0
119.0
126.0
154.0
157.0
175.0
233.0
110.0
44.0
56.0
54.0
52.0
52.0
53.0
51.0
52.0
52.0
51.0
51.0
51.0
51.0
51.0
51.0
51.0
0.0


50.0
50.0
50.0
51.0
51.0
51.0
50.0
50.0
50.0
50.0
50.0
49.0
50.0
51.0
49.0
51.0
48.0
59.0
146.0
143.0
162.0
174.0
207.0
117.0
48.0
52.0
68.0
147.0
139.0
146.0
151.0
193.0
114.0
46.0
61.0
51.0
88.0
118.0
122.0
140.0
155.0
181.0
207.0
71.0
47.0
57.0
53.0
53.0
52.0
53.0
52.0
52.0
52.0
51.0
52.0
52.0
52.0
51.0
52.0
51.0
0.0


51.0
50.0
50.0
50.0
50.0
50.0
51.0
50.0
51.0
51.0
50.0
51.0
50.0
51.0
51.0
52.0
49.0
56.0
140.0
152.0
158.0
165.0
178.0
141.0
57.0
48.0
71.0
150.0
140.0
151.0
154.0
200.0
95.0
47.0
56.0
58.0
111.0
116.0
125.0
142.0
157.0
205.0
133.0
47.0
56.0
54.0
54.0
53.0
52.0
52.0
52.0
52.0
51.0
50.0
51.0
51.0
52.0
51.0
52.0
52.0
0.0


50.0
50.0
49.0
50.0
49.0
50.0
51.0
51.0
51.0
52.0
52.0
51.0
52.0
51.0
50.0
50.0
49.0
50.0
125.0
140.0
138.0
154.0
167.0
158.0
64.0
45.0
75.0
154.0
142.0
152.0
157.0
198.0
75.0
49.0
53.0
76.0
123.0
119.0
132.0
154.0
170.0
214.0
76.0
46.0
58.0
54.0
55.0
55.0
53.0
51.0
51.0
53.0
53.0
51.0
50.0
51.0
51.0
50.0
51.0
52.0
0.0


50.0
50.0
50.0
50.0
49.0
49.0
50.0
50.0
51.0
51.0
51.0
52.0
51.0
51.0
51.0
50.0
51.0
44.0
102.0
154.0
136.0
154.0
165.0
173.0
76.0
43.0
76.0
167.0
160.0
167.0
178.0
172.0
60.0
51.0
54.0
100.0
125.0
126.0
145.0
159.0
191.0
150.0
49.0
52.0
54.0
55.0
54.0
54.0
53.0
52.0
53.0
52.0
51.0
51.0
50.0
51.0
50.0
50.0
51.0
51.0
0.0


49.0
49.0
49.0
50.0
50.0
50.0
50.0
50.0
49.0
51.0
51.0
51.0
51.0
51.0
51.0
49.0
52.0
46.0
81.0
165.0
142.0
158.0
168.0
192.0
88.0
45.0
85.0
157.0
156.0
163.0
180.0
146.0
55.0
52.0
61.0
119.0
131.0
141.0
153.0
155.0
229.0
94.0
45.0
57.0
54.0
54.0
54.0
53.0
52.0
53.0
52.0
51.0
50.0
51.0
50.0
50.0
51.0
50.0
51.0
52.0
0.0


49.0
49.0
49.0
49.0
49.0
49.0
50.0
50.0
50.0
50.0
50.0
50.0
51.0
51.0
51.0
52.0
50.0
37.0
62.0
161.0
152.0
162.0
168.0
205.0
108.0
43.0
105.0
159.0
154.0
155.0
186.0
128.0
53.0
51.0
73.0
139.0
146.0
148.0
149.0
174.0
181.0
61.0
52.0
56.0
55.0
55.0
54.0
54.0
52.0
52.0
51.0
51.0
51.0
50.0
50.0
51.0
49.0
49.0
50.0
51.0
0.0


50.0
50.0
49.0
49.0
50.0
50.0
50.0
50.0
50.0
49.0
50.0
50.0
51.0
52.0
51.0
52.0
52.0
91.0
129.0
160.0
167.0
169.0
172.0
217.0
143.0
75.0
122.0
161.0
169.0
159.0
176.0
115.0
48.0
66.0
119.0
156.0
156.0
158.0
154.0
228.0
117.0
48.0
56.0
53.0
56.0
55.0
54.0
54.0
53.0
52.0
52.0
51.0
50.0
50.0
50.0
49.0
50.0
49.0
49.0
50.0
0.0


50.0
50.0
48.0
50.0
50.0
48.0
49.0
49.0
49.0
50.0
51.0
52.0
51.0
52.0
55.0
45.0
93.0
174.0
153.0
153.0
173.0
182.0
195.0
149.0
117.0
140.0
134.0
137.0
136.0
129.0
119.0
105.0
82.0
101.0
134.0
146.0
157.0
165.0
178.0
210.0
77.0
51.0
56.0
56.0
56.0
55.0
54.0
53.0
53.0
52.0
52.0
51.0
50.0
49.0
49.0
50.0
51.0
51.0
51.0
51.0
0.0


49.0
49.0
48.0
49.0
50.0
49.0
49.0
49.0
50.0
51.0
50.0
51.0
52.0
52.0
51.0
50.0
129.0
150.0
139.0
144.0
157.0
188.0
175.0
101.0
118.0
144.0
142.0
138.0
131.0
127.0
115.0
101.0
101.0
109.0
122.0
127.0
135.0
148.0
209.0
152.0
57.0
57.0
57.0
56.0
56.0
55.0
54.0
52.0
51.0
51.0
51.0
51.0
50.0
50.0
50.0
51.0
50.0
50.0
51.0
51.0
0.0


49.0
50.0
48.0
48.0
49.0
51.0
49.0
49.0
50.0
50.0
51.0
51.0
53.0
53.0
48.0
61.0
150.0
147.0
136.0
142.0
148.0
172.0
149.0
113.0
147.0
144.0
152.0
149.0
131.0
127.0
124.0
110.0
105.0
117.0
122.0
130.0
132.0
147.0
214.0
120.0
52.0
57.0
57.0
57.0
55.0
54.0
53.0
53.0
51.0
50.0
50.0
51.0
50.0
48.0
50.0
50.0
50.0
50.0
49.0
51.0
0.0


49.0
50.0
49.0
48.0
49.0
49.0
48.0
49.0
50.0
51.0
51.0
50.0
52.0
55.0
47.0
80.0
168.0
147.0
137.0
138.0
150.0
162.0
152.0
138.0
162.0
158.0
161.0
165.0
137.0
123.0
120.0
114.0
121.0
126.0
132.0
138.0
134.0
162.0
213.0
98.0
52.0
60.0
57.0
57.0
56.0
54.0
51.0
51.0
50.0
49.0
50.0
49.0
49.0
48.0
48.0
49.0
50.0
50.0
50.0
51.0
0.0


50.0
49.0
48.0
49.0
50.0
48.0
48.0
49.0
50.0
49.0
51.0
51.0
51.0
54.0
48.0
101.0
166.0
154.0
149.0
141.0
148.0
160.0
170.0
157.0
174.0
175.0
166.0
176.0
194.0
130.0
117.0
129.0
135.0
131.0
140.0
134.0
147.0
178.0
206.0
83.0
53.0
62.0
58.0
58.0
56.0
54.0
52.0
51.0
50.0
49.0
49.0
48.0
49.0
49.0
48.0
49.0
49.0
49.0
50.0
51.0
0.0


49.0
50.0
48.0
48.0
49.0
49.0
49.0
50.0
49.0
51.0
51.0
51.0
53.0
49.0
51.0
121.0
152.0
159.0
164.0
150.0
146.0
147.0
172.0
171.0
166.0
179.0
177.0
198.0
218.0
176.0
129.0
135.0
138.0
139.0
137.0
120.0
158.0
171.0
189.0
74.0
55.0
62.0
59.0
60.0
54.0
53.0
52.0
51.0
51.0
49.0
49.0
49.0
49.0
49.0
49.0
49.0
48.0
49.0
49.0
50.0
0.0


49.0
48.0
49.0
49.0
49.0
49.0
49.0
49.0
50.0
51.0
51.0
50.0
53.0
49.0
60.0
134.0
147.0
167.0
193.0
165.0
152.0
147.0
166.0
200.0
165.0
175.0
189.0
203.0
196.0
211.0
181.0
135.0
135.0
150.0
128.0
140.0
148.0
166.0
173.0
65.0
59.0
62.0
59.0
57.0
55.0
55.0
54.0
53.0
50.0
49.0
50.0
49.0
49.0
48.0
50.0
50.0
49.0
49.0
50.0
52.0
0.0


49.0
49.0
49.0
49.0
49.0
49.0
49.0
48.0
49.0
51.0
50.0
50.0
53.0
48.0
73.0
139.0
149.0
187.0
221.0
194.0
159.0
160.0
146.0
162.0
179.0
174.0
190.0
195.0
197.0
199.0
214.0
161.0
142.0
138.0
136.0
162.0
143.0
204.0
149.0
61.0
61.0
62.0
63.0
63.0
56.0
54.0
53.0
52.0
52.0
51.0
50.0
51.0
51.0
50.0
50.0
50.0
51.0
52.0
51.0
52.0
0.0


50.0
49.0
49.0
49.0
49.0
49.0
49.0
49.0
49.0
49.0
50.0
52.0
52.0
48.0
89.0
152.0
164.0
184.0
186.0
204.0
174.0
166.0
125.0
102.0
161.0
182.0
190.0
206.0
208.0
205.0
200.0
209.0
148.0
128.0
135.0
118.0
158.0
178.0
138.0
63.0
62.0
61.0
60.0
68.0
60.0
54.0
54.0
53.0
52.0
52.0
51.0
51.0
52.0
52.0
51.0
51.0
52.0
51.0
51.0
52.0
0.0


49.0
49.0
49.0
48.0
49.0
49.0
49.0
50.0
49.0
49.0
51.0
52.0
51.0
50.0
101.0
152.0
138.0
151.0
170.0
189.0
201.0
164.0
128.0
93.0
110.0
181.0
193.0
199.0
208.0
210.0
209.0
216.0
182.0
115.0
99.0
140.0
163.0
159.0
145.0
62.0
62.0
63.0
58.0
56.0
57.0
55.0
53.0
54.0
53.0
52.0
53.0
52.0
51.0
51.0
52.0
51.0
52.0
51.0
50.0
53.0
0.0


49.0
49.0
48.0
49.0
50.0
49.0
49.0
50.0
50.0
50.0
51.0
51.0
51.0
49.0
108.0
155.0
145.0
153.0
157.0
175.0
200.0
192.0
130.0
112.0
98.0
145.0
199.0
192.0
198.0
199.0
205.0
209.0
229.0
150.0
138.0
185.0
151.0
164.0
153.0
66.0
62.0
63.0
59.0
57.0
57.0
55.0
54.0
52.0
53.0
54.0
53.0
52.0
52.0
51.0
52.0
51.0
52.0
52.0
52.0
52.0
0.0


48.0
49.0
49.0
50.0
49.0
49.0
50.0
50.0
50.0
49.0
50.0
52.0
52.0
48.0
100.0
153.0
137.0
136.0
149.0
174.0
187.0
205.0
177.0
145.0
150.0
162.0
174.0
193.0
203.0
199.0
203.0
209.0
205.0
203.0
182.0
164.0
150.0
162.0
176.0
77.0
60.0
63.0
59.0
58.0
58.0
56.0
54.0
53.0
52.0
53.0
52.0
52.0
52.0
52.0
51.0
51.0
53.0
52.0
52.0
53.0
0.0


49.0
49.0
49.0
50.0
49.0
49.0
50.0
49.0
50.0
50.0
50.0
52.0
52.0
48.0
86.0
145.0
125.0
133.0
155.0
176.0
182.0
184.0
195.0
186.0
187.0
184.0
172.0
165.0
196.0
203.0
201.0
205.0
202.0
198.0
198.0
161.0
139.0
157.0
200.0
89.0
58.0
64.0
58.0
59.0
57.0
55.0
54.0
53.0
53.0
52.0
51.0
52.0
52.0
51.0
52.0
53.0
53.0
52.0
52.0
52.0
0.0


51.0
49.0
50.0
51.0
50.0
50.0
50.0
49.0
51.0
50.0
50.0
51.0
53.0
48.0
74.0
138.0
134.0
149.0
157.0
152.0
158.0
171.0
175.0
174.0
175.0
180.0
172.0
147.0
163.0
192.0
193.0
197.0
201.0
198.0
198.0
191.0
165.0
161.0
207.0
100.0
59.0
63.0
59.0
58.0
58.0
55.0
54.0
54.0
54.0
53.0
51.0
52.0
52.0
52.0
52.0
52.0
53.0
53.0
52.0
53.0
0.0


50.0
50.0
50.0
48.0
49.0
50.0
50.0
50.0
50.0
50.0
50.0
50.0
54.0
50.0
65.0
134.0
139.0
132.0
129.0
133.0
146.0
168.0
175.0
176.0
180.0
177.0
157.0
140.0
156.0
176.0
186.0
193.0
193.0
196.0
196.0
198.0
195.0
175.0
214.0
109.0
60.0
62.0
58.0
58.0
57.0
55.0
53.0
53.0
52.0
52.0
52.0
52.0
52.0
52.0
52.0
52.0
51.0
53.0
53.0
51.0
0.0


51.0
50.0
50.0
49.0
50.0
50.0
49.0
50.0
50.0
49.0
51.0
53.0
52.0
51.0
61.0
122.0
128.0
121.0
127.0
132.0
141.0
158.0
169.0
175.0
177.0
171.0
149.0
145.0
158.0
158.0
174.0
181.0
189.0
192.0
195.0
192.0
192.0
183.0
231.0
114.0
59.0
63.0
58.0
58.0
56.0
54.0
53.0
52.0
52.0
52.0
51.0
52.0
52.0
51.0
52.0
52.0
52.0
52.0
53.0
52.0
0.0


50.0
49.0
50.0
50.0
51.0
51.0
51.0
50.0
49.0
49.0
50.0
51.0
53.0
51.0
57.0
117.0
130.0
124.0
127.0
129.0
136.0
150.0
162.0
169.0
177.0
173.0
146.0
158.0
143.0
143.0
168.0
168.0
184.0
187.0
189.0
189.0
190.0
187.0
237.0
113.0
60.0
62.0
59.0
59.0
56.0
54.0
55.0
52.0
52.0
52.0
52.0
53.0
52.0
52.0
51.0
52.0
53.0
53.0
52.0
51.0
0.0


50.0
51.0
50.0
50.0
50.0
52.0
53.0
52.0
51.0
51.0
52.0
51.0
54.0
52.0
54.0
115.0
132.0
124.0
127.0
127.0
127.0
140.0
154.0
160.0
173.0
166.0
143.0
154.0
127.0
126.0
150.0
165.0
178.0
186.0
185.0
184.0
186.0
194.0
226.0
103.0
58.0
62.0
59.0
58.0
57.0
55.0
53.0
53.0
53.0
52.0
52.0
53.0
53.0
51.0
51.0
51.0
52.0
52.0
51.0
51.0
0.0


50.0
51.0
51.0
50.0
51.0
52.0
51.0
52.0
52.0
51.0
51.0
52.0
53.0
53.0
52.0
111.0
135.0
124.0
126.0
122.0
122.0
133.0
145.0
153.0
168.0
147.0
137.0
141.0
124.0
110.0
123.0
157.0
181.0
189.0
182.0
180.0
188.0
203.0
213.0
93.0
58.0
63.0
58.0
58.0
57.0
55.0
53.0
53.0
53.0
52.0
52.0
51.0
52.0
51.0
51.0
51.0
52.0
51.0
51.0
51.0
0.0


50.0
50.0
51.0
51.0
52.0
52.0
52.0
52.0
51.0
53.0
52.0
53.0
53.0
53.0
50.0
105.0
141.0
124.0
125.0
120.0
116.0
130.0
142.0
150.0
157.0
131.0
134.0
134.0
117.0
113.0
119.0
150.0
169.0
190.0
192.0
196.0
204.0
202.0
206.0
92.0
59.0
65.0
59.0
58.0
55.0
54.0
53.0
51.0
52.0
52.0
51.0
52.0
51.0
50.0
51.0
51.0
51.0
51.0
51.0
50.0
0.0


51.0
51.0
51.0
51.0
53.0
52.0
52.0
50.0
52.0
53.0
53.0
53.0
53.0
54.0
48.0
94.0
147.0
129.0
128.0
120.0
114.0
128.0
136.0
144.0
144.0
122.0
137.0
130.0
116.0
122.0
127.0
137.0
162.0
186.0
201.0
214.0
212.0
203.0
200.0
86.0
58.0
64.0
60.0
57.0
56.0
55.0
53.0
53.0
52.0
51.0
51.0
52.0
52.0
51.0
51.0
52.0
52.0
51.0
49.0
50.0
0.0


51.0
51.0
52.0
51.0
52.0
52.0
52.0
52.0
54.0
53.0
53.0
53.0
53.0
56.0
52.0
78.0
150.0
135.0
128.0
121.0
120.0
129.0
129.0
138.0
131.0
124.0
144.0
124.0
122.0
123.0
135.0
142.0
155.0
181.0
200.0
214.0
209.0
215.0
187.0
77.0
60.0
64.0
59.0
57.0
56.0
54.0
54.0
53.0
52.0
50.0
51.0
52.0
51.0
51.0
51.0
51.0
49.0
48.0
50.0
49.0
0.0


51.0
51.0
52.0
52.0
52.0
52.0
52.0
53.0
53.0
53.0
53.0
53.0
54.0
56.0
53.0
65.0
142.0
142.0
131.0
128.0
125.0
127.0
122.0
131.0
123.0
133.0
141.0
124.0
126.0
128.0
135.0
151.0
160.0
176.0
192.0
209.0
206.0
223.0
176.0
72.0
62.0
64.0
58.0
58.0
56.0
55.0
53.0
52.0
52.0
50.0
50.0
51.0
49.0
48.0
47.0
48.0
49.0
48.0
47.0
49.0
0.0


51.0
52.0
52.0
52.0
52.0
52.0
52.0
52.0
53.0
53.0
53.0
53.0
54.0
54.0
57.0
55.0
120.0
156.0
135.0
133.0
133.0
129.0
120.0
120.0
113.0
136.0
137.0
127.0
133.0
135.0
140.0
150.0
167.0
187.0
201.0
211.0
203.0
225.0
164.0
68.0
64.0
63.0
58.0
58.0
54.0
55.0
53.0
53.0
52.0
51.0
51.0
50.0
48.0
47.0
48.0
47.0
48.0
48.0
47.0
50.0
0.0


52.0
51.0
52.0
52.0
52.0
53.0
52.0
53.0
54.0
53.0
55.0
54.0
54.0
54.0
60.0
53.0
91.0
163.0
138.0
136.0
139.0
130.0
119.0
116.0
110.0
137.0
134.0
136.0
138.0
144.0
152.0
159.0
173.0
191.0
211.0
214.0
201.0
242.0
140.0
62.0
67.0
63.0
59.0
58.0
55.0
54.0
54.0
52.0
51.0
51.0
50.0
49.0
49.0
48.0
48.0
47.0
46.0
48.0
49.0
50.0
0.0


52.0
52.0
52.0
52.0
53.0
53.0
52.0
53.0
53.0
53.0
53.0
54.0
54.0
55.0
58.0
59.0
67.0
144.0
147.0
139.0
141.0
131.0
121.0
115.0
109.0
140.0
141.0
142.0
148.0
154.0
165.0
175.0
184.0
200.0
211.0
211.0
202.0
244.0
106.0
60.0
70.0
64.0
61.0
58.0
57.0
54.0
53.0
53.0
51.0
51.0
50.0
51.0
50.0
48.0
49.0
48.0
49.0
49.0
49.0
50.0
0.0


52.0
52.0
51.0
51.0
53.0
52.0
53.0
54.0
54.0
54.0
54.0
55.0
56.0
56.0
58.0
63.0
58.0
102.0
164.0
142.0
142.0
137.0
135.0
125.0
115.0
138.0
154.0
146.0
158.0
166.0
172.0
184.0
194.0
207.0
215.0
211.0
211.0
207.0
83.0
64.0
70.0
65.0
62.0
61.0
59.0
56.0
54.0
54.0
53.0
53.0
51.0
51.0
51.0
50.0
50.0
50.0
49.0
50.0
51.0
52.0
0.0


52.0
51.0
51.0
51.0
53.0
53.0
54.0
54.0
54.0
54.0
54.0
55.0
56.0
57.0
57.0
62.0
63.0
69.0
142.0
152.0
145.0
144.0
147.0
137.0
131.0
136.0
158.0
157.0
165.0
172.0
182.0
192.0
201.0
211.0
219.0
206.0
227.0
163.0
69.0
68.0
70.0
66.0
63.0
61.0
59.0
58.0
56.0
55.0
55.0
55.0
53.0
52.0
51.0
51.0
52.0
52.0
51.0
52.0
51.0
51.0
0.0


51.0
52.0
52.0
52.0
52.0
53.0
55.0
54.0
54.0
54.0
55.0
56.0
55.0
58.0
60.0
63.0
67.0
60.0
99.0
163.0
143.0
147.0
150.0
146.0
147.0
146.0
155.0
165.0
177.0
183.0
192.0
203.0
207.0
215.0
221.0
203.0
244.0
140.0
64.0
71.0
70.0
66.0
63.0
61.0
60.0
58.0
57.0
57.0
55.0
55.0
54.0
54.0
53.0
53.0
53.0
53.0
53.0
53.0
52.0
54.0
0.0


51.0
52.0
52.0
52.0
52.0
53.0
54.0
54.0
55.0
55.0
56.0
56.0
55.0
58.0
62.0
65.0
66.0
65.0
72.0
140.0
152.0
146.0
155.0
155.0
159.0
157.0
161.0
165.0
177.0
199.0
203.0
207.0
213.0
217.0
217.0
210.0
245.0
156.0
71.0
70.0
69.0
66.0
64.0
60.0
60.0
58.0
57.0
57.0
57.0
56.0
55.0
55.0
55.0
54.0
54.0
54.0
54.0
52.0
54.0
54.0
0.0


52.0
51.0
52.0
52.0
52.0
52.0
53.0
54.0
56.0
56.0
56.0
57.0
58.0
62.0
63.0
65.0
66.0
67.0
62.0
100.0
178.0
156.0
166.0
166.0
168.0
167.0
173.0
182.0
182.0
190.0
205.0
209.0
216.0
221.0
223.0
219.0
232.0
193.0
86.0
69.0
71.0
66.0
65.0
63.0
62.0
60.0
58.0
57.0
58.0
56.0
57.0
56.0
56.0
54.0
54.0
55.0
55.0
55.0
54.0
54.0
0.0


51.0
53.0
52.0
52.0
52.0
52.0
52.0
55.0
55.0
56.0
57.0
57.0
58.0
62.0
64.0
66.0
67.0
69.0
68.0
72.0
142.0
188.0
178.0
183.0
186.0
184.0
186.0
189.0
189.0
192.0
200.0
204.0
213.0
223.0
225.0
220.0
220.0
228.0
107.0
67.0
72.0
65.0
64.0
64.0
63.0
61.0
60.0
59.0
57.0
58.0
58.0
54.0
57.0
55.0
55.0
57.0
57.0
57.0
57.0
56.0
0.0


52.0
52.0
53.0
52.0
53.0
52.0
52.0
55.0
56.0
56.0
56.0
57.0
58.0
60.0
63.0
67.0
68.0
68.0
72.0
67.0
87.0
172.0
191.0
199.0
202.0
198.0
191.0
190.0
192.0
194.0
201.0
203.0
211.0
217.0
219.0
217.0
213.0
241.0
139.0
71.0
71.0
69.0
66.0
65.0
64.0
62.0
60.0
60.0
59.0
60.0
58.0
57.0
58.0
56.0
59.0
57.0
56.0
58.0
57.0
58.0
0.0


52.0
53.0
53.0
53.0
53.0
52.0
53.0
56.0
55.0
55.0
56.0
58.0
59.0
61.0
65.0
67.0
67.0
69.0
69.0
74.0
69.0
113.0
192.0
188.0
200.0
196.0
194.0
199.0
197.0
194.0
202.0
202.0
208.0
215.0
215.0
218.0
213.0
224.0
182.0
84.0
68.0
72.0
66.0
65.0
65.0
63.0
62.0
60.0
60.0
59.0
59.0
59.0
58.0
58.0
58.0
58.0
59.0
59.0
58.0
59.0
0.0


53.0
53.0
53.0
53.0
54.0
53.0
53.0
55.0
56.0
57.0
57.0
57.0
61.0
63.0
64.0
66.0
67.0
70.0
71.0
74.0
75.0
78.0
152.0
187.0
192.0
198.0
192.0
193.0
193.0
191.0
196.0
194.0
203.0
211.0
212.0
214.0
212.0
210.0
220.0
107.0
68.0
72.0
69.0
67.0
66.0
64.0
63.0
63.0
60.0
61.0
60.0
60.0
61.0
60.0
59.0
60.0
59.0
59.0
60.0
59.0
0.0


0.0
0.0
0.0
0.0
0.0
0.0
0.0
0.0
0.0
0.0
0.0
0.0
0.0
0.0
0.0
0.0
0.0
0.0
0.0
0.0
0.0
0.0
0.0
0.0
0.0
0.0
0.0
0.0
0.0
0.0
0.0
0.0
0.0
0.0
0.0
0.0
0.0
0.0
0.0
0.0
0.0
0.0
0.0
0.0
0.0
0.0
0.0
0.0
0.0
0.0
0.0
0.0
0.0
0.0
0.0
0.0
0.0
0.0
0.0
0.0
0.0


