49.0
48.0
47.0
49.0
49.0
49.0
50.0
51.0
51.0
51.0
51.0
51.0
50.0
48.0
49.0
51.0
51.0
51.0
51.0
108.0
151.0
124.0
50.0
49.0
50.0
51.0
51.0
51.0
52.0
51.0
51.0
51.0
52.0
52.0
52.0
51.0
51.0
51.0
51.0
53.0
0.0


50.0
48.0
47.0
49.0
50.0
49.0
50.0
51.0
51.0
51.0
51.0
50.0
54.0
88.0
80.0
49.0
50.0
50.0
52.0
112.0
161.0
122.0
47.0
51.0
51.0
51.0
50.0
84.0
108.0
58.0
49.0
51.0
51.0
52.0
51.0
49.0
50.0
49.0
50.0
52.0
0.0


50.0
50.0
48.0
48.0
49.0
50.0
50.0
50.0
51.0
51.0
52.0
47.0
69.0
131.0
141.0
57.0
48.0
49.0
57.0
120.0
149.0
135.0
49.0
50.0
51.0
50.0
57.0
121.0
171.0
85.0
47.0
53.0
52.0
52.0
51.0
50.0
48.0
49.0
49.0
51.0
0.0


50.0
51.0
49.0
49.0
49.0
50.0
50.0
50.0
51.0
50.0
51.0
47.0
66.0
133.0
148.0
62.0
47.0
48.0
62.0
127.0
149.0
140.0
52.0
49.0
50.0
47.0
65.0
134.0
165.0
83.0
47.0
52.0
52.0
52.0
51.0
49.0
49.0
49.0
50.0
51.0
0.0


50.0
50.0
49.0
48.0
50.0
50.0
49.0
51.0
51.0
51.0
52.0
47.0
69.0
132.0
153.0
73.0
46.0
47.0
70.0
147.0
160.0
135.0
50.0
50.0
51.0
47.0
85.0
131.0
166.0
78.0
47.0
53.0
51.0
51.0
52.0
50.0
49.0
49.0
51.0
52.0
0.0


51.0
50.0
50.0
49.0
50.0
49.0
50.0
51.0
51.0
50.0
51.0
47.0
74.0
126.0
154.0
92.0
45.0
47.0
81.0
142.0
156.0
131.0
48.0
50.0
52.0
52.0
109.0
135.0
168.0
72.0
47.0
52.0
50.0
51.0
52.0
50.0
50.0
50.0
51.0
53.0
0.0


51.0
50.0
50.0
50.0
50.0
49.0
49.0
50.0
49.0
49.0
51.0
47.0
72.0
134.0
159.0
108.0
45.0
47.0
90.0
143.0
162.0
124.0
48.0
51.0
49.0
63.0
133.0
151.0
163.0
60.0
50.0
50.0
50.0
51.0
52.0
52.0
50.0
51.0
52.0
54.0
0.0


50.0
50.0
49.0
50.0
51.0
48.0
50.0
48.0
50.0
49.0
50.0
47.0
65.0
139.0
159.0
119.0
47.0
48.0
102.0
146.0
171.0
115.0
46.0
53.0
49.0
82.0
133.0
162.0
139.0
51.0
52.0
50.0
51.0
51.0
52.0
52.0
52.0
51.0
52.0
54.0
0.0


50.0
50.0
50.0
50.0
50.0
50.0
96.0
98.0
51.0
51.0
50.0
49.0
62.0
135.0
162.0
128.0
46.0
52.0
117.0
149.0
182.0
105.0
46.0
53.0
52.0
104.0
130.0
182.0
112.0
47.0
53.0
51.0
51.0
52.0
51.0
51.0
52.0
52.0
52.0
53.0
0.0


50.0
50.0
50.0
50.0
49.0
52.0
118.0
165.0
68.0
47.0
51.0
49.0
59.0
131.0
158.0
142.0
47.0
59.0
142.0
157.0
199.0
101.0
47.0
51.0
69.0
126.0
139.0
197.0
89.0
47.0
54.0
51.0
52.0
52.0
52.0
52.0
52.0
52.0
52.0
52.0
0.0


50.0
49.0
50.0
50.0
51.0
46.0
109.0
194.0
97.0
44.0
51.0
48.0
58.0
130.0
150.0
159.0
52.0
64.0
151.0
146.0
202.0
95.0
48.0
51.0
102.0
154.0
155.0
190.0
71.0
49.0
53.0
52.0
52.0
52.0
51.0
51.0
52.0
52.0
52.0
52.0
0.0


50.0
50.0
50.0
50.0
51.0
43.0
98.0
181.0
140.0
50.0
51.0
48.0
61.0
137.0
157.0
194.0
63.0
70.0
136.0
130.0
191.0
86.0
49.0
61.0
117.0
146.0
173.0
168.0
57.0
53.0
53.0
52.0
51.0
50.0
51.0
51.0
50.0
51.0
51.0
51.0
0.0


50.0
50.0
50.0
50.0
51.0
44.0
81.0
171.0
180.0
72.0
48.0
50.0
62.0
143.0
151.0
199.0
78.0
73.0
143.0
140.0
186.0
78.0
49.0
78.0
119.0
129.0
189.0
117.0
49.0
56.0
53.0
51.0
51.0
51.0
52.0
51.0
51.0
51.0
51.0
51.0
0.0


50.0
51.0
51.0
50.0
50.0
48.0
56.0
149.0
171.0
108.0
47.0
51.0
58.0
126.0
131.0
178.0
89.0
73.0
150.0
146.0
172.0
69.0
54.0
98.0
125.0
141.0
192.0
75.0
50.0
56.0
52.0
51.0
52.0
52.0
51.0
51.0
51.0
51.0
51.0
52.0
0.0


50.0
50.0
50.0
49.0
49.0
50.0
46.0
111.0
157.0
151.0
61.0
50.0
55.0
121.0
133.0
174.0
95.0
75.0
160.0
163.0
158.0
61.0
62.0
118.0
136.0
161.0
149.0
55.0
54.0
55.0
53.0
51.0
49.0
50.0
51.0
48.0
51.0
50.0
51.0
52.0
0.0


50.0
49.0
49.0
49.0
49.0
49.0
44.0
79.0
157.0
171.0
105.0
48.0
53.0
114.0
141.0
173.0
102.0
89.0
157.0
170.0
143.0
52.0
77.0
148.0
144.0
184.0
109.0
50.0
56.0
54.0
53.0
49.0
57.0
88.0
100.0
69.0
47.0
50.0
50.0
51.0
0.0


49.0
49.0
49.0
49.0
49.0
50.0
47.0
58.0
149.0
161.0
138.0
58.0
50.0
104.0
150.0
167.0
129.0
99.0
141.0
148.0
120.0
69.0
111.0
149.0
159.0
191.0
73.0
53.0
56.0
55.0
50.0
53.0
102.0
110.0
132.0
97.0
43.0
50.0
50.0
51.0
0.0


50.0
49.0
48.0
49.0
49.0
49.0
50.0
47.0
104.0
134.0
132.0
91.0
46.0
104.0
152.0
145.0
121.0
110.0
122.0
119.0
103.0
97.0
112.0
119.0
150.0
156.0
59.0
57.0
56.0
54.0
48.0
89.0
117.0
114.0
154.0
63.0
46.0
50.0
50.0
52.0
0.0


50.0
49.0
49.0
49.0
50.0
49.0
49.0
47.0
71.0
132.0
117.0
124.0
63.0
95.0
113.0
124.0
118.0
122.0
127.0
124.0
108.0
109.0
120.0
128.0
157.0
144.0
58.0
58.0
58.0
52.0
68.0
118.0
111.0
155.0
105.0
42.0
51.0
49.0
50.0
52.0
0.0


50.0
50.0
49.0
49.0
49.0
49.0
49.0
50.0
56.0
125.0
115.0
119.0
101.0
79.0
103.0
125.0
125.0
130.0
131.0
126.0
117.0
130.0
130.0
142.0
169.0
130.0
59.0
60.0
57.0
55.0
108.0
118.0
120.0
171.0
63.0
45.0
49.0
48.0
49.0
51.0
0.0


50.0
50.0
50.0
49.0
49.0
49.0
50.0
53.0
48.0
95.0
124.0
107.0
85.0
80.0
113.0
127.0
133.0
129.0
139.0
125.0
125.0
136.0
142.0
141.0
181.0
120.0
59.0
62.0
54.0
70.0
132.0
123.0
157.0
141.0
46.0
49.0
49.0
49.0
50.0
51.0
0.0


51.0
50.0
50.0
50.0
50.0
50.0
51.0
53.0
48.0
78.0
125.0
99.0
95.0
104.0
123.0
131.0
134.0
139.0
138.0
125.0
141.0
132.0
117.0
132.0
146.0
143.0
68.0
60.0
56.0
96.0
125.0
131.0
219.0
90.0
44.0
51.0
49.0
49.0
49.0
51.0
0.0


50.0
50.0
51.0
50.0
50.0
50.0
51.0
53.0
50.0
69.0
115.0
101.0
103.0
110.0
122.0
130.0
141.0
142.0
134.0
143.0
126.0
103.0
108.0
121.0
135.0
158.0
77.0
54.0
72.0
115.0
131.0
171.0
173.0
54.0
51.0
51.0
50.0
51.0
51.0
51.0
0.0


50.0
50.0
50.0
50.0
51.0
51.0
53.0
54.0
53.0
60.0
120.0
110.0
109.0
117.0
128.0
144.0
139.0
134.0
135.0
128.0
118.0
102.0
100.0
105.0
111.0
151.0
113.0
56.0
96.0
124.0
140.0
232.0
102.0
46.0
55.0
51.0
52.0
51.0
51.0
52.0
0.0


50.0
50.0
50.0
50.0
51.0
52.0
55.0
55.0
56.0
55.0
112.0
126.0
125.0
129.0
133.0
137.0
137.0
146.0
130.0
126.0
118.0
106.0
109.0
101.0
93.0
108.0
114.0
89.0
110.0
127.0
160.0
188.0
62.0
51.0
54.0
53.0
53.0
52.0
51.0
52.0
0.0


50.0
51.0
52.0
52.0
52.0
53.0
55.0
56.0
57.0
52.0
98.0
147.0
126.0
119.0
126.0
139.0
148.0
139.0
126.0
121.0
114.0
106.0
99.0
90.0
82.0
86.0
97.0
103.0
112.0
130.0
175.0
137.0
50.0
56.0
53.0
53.0
53.0
53.0
51.0
52.0
0.0


51.0
52.0
52.0
52.0
53.0
54.0
57.0
58.0
58.0
54.0
82.0
139.0
122.0
120.0
126.0
141.0
142.0
130.0
119.0
117.0
99.0
96.0
92.0
87.0
84.0
80.0
83.0
85.0
104.0
128.0
205.0
103.0
49.0
57.0
54.0
53.0
53.0
53.0
52.0
52.0
0.0


52.0
51.0
52.0
53.0
53.0
55.0
56.0
58.0
58.0
56.0
73.0
135.0
128.0
120.0
120.0
133.0
138.0
127.0
113.0
105.0
84.0
90.0
84.0
80.0
83.0
84.0
86.0
110.0
131.0
163.0
239.0
78.0
53.0
57.0
55.0
53.0
53.0
52.0
52.0
51.0
0.0


52.0
52.0
53.0
53.0
54.0
56.0
57.0
58.0
58.0
58.0
67.0
135.0
129.0
119.0
116.0
128.0
134.0
117.0
99.0
87.0
79.0
86.0
87.0
88.0
92.0
97.0
112.0
142.0
163.0
244.0
131.0
55.0
59.0
55.0
55.0
54.0
53.0
52.0
52.0
51.0
0.0


53.0
53.0
53.0
53.0
54.0
56.0
57.0
59.0
60.0
62.0
61.0
126.0
140.0
122.0
118.0
130.0
130.0
109.0
91.0
85.0
84.0
94.0
95.0
101.0
108.0
118.0
136.0
154.0
213.0
149.0
61.0
60.0
59.0
56.0
55.0
55.0
53.0
52.0
52.0
50.0
0.0


53.0
53.0
54.0
54.0
54.0
57.0
58.0
59.0
62.0
63.0
58.0
105.0
158.0
130.0
128.0
129.0
123.0
105.0
94.0
89.0
95.0
100.0
109.0
121.0
130.0
143.0
156.0
209.0
159.0
65.0
62.0
64.0
59.0
57.0
55.0
52.0
52.0
53.0
50.0
50.0
0.0


53.0
54.0
54.0
55.0
55.0
56.0
57.0
60.0
62.0
64.0
60.0
82.0
164.0
143.0
141.0
130.0
116.0
107.0
102.0
96.0
102.0
115.0
125.0
135.0
148.0
159.0
199.0
174.0
71.0
66.0
67.0
64.0
60.0
56.0
55.0
53.0
52.0
51.0
50.0
50.0
0.0


54.0
55.0
54.0
55.0
56.0
56.0
58.0
59.0
63.0
64.0
64.0
65.0
133.0
159.0
145.0
135.0
122.0
115.0
113.0
110.0
113.0
125.0
145.0
156.0
169.0
198.0
207.0
84.0
68.0
72.0
69.0
65.0
60.0
56.0
56.0
52.0
51.0
50.0
50.0
52.0
0.0


55.0
54.0
54.0
55.0
56.0
56.0
58.0
59.0
62.0
64.0
67.0
66.0
89.0
165.0
148.0
146.0
141.0
132.0
132.0
134.0
135.0
144.0
160.0
176.0
193.0
222.0
103.0
72.0
78.0
74.0
71.0
65.0
60.0
58.0
56.0
53.0
53.0
51.0
52.0
55.0
0.0


55.0
55.0
54.0
55.0
57.0
57.0
58.0
59.0
61.0
65.0
68.0
73.0
70.0
129.0
159.0
148.0
151.0
149.0
147.0
147.0
160.0
175.0
190.0
201.0
245.0
125.0
75.0
85.0
80.0
79.0
75.0
69.0
65.0
64.0
61.0
59.0
59.0
57.0
57.0
57.0
0.0


55.0
55.0
56.0
56.0
57.0
58.0
59.0
60.0
60.0
66.0
69.0
74.0
72.0
92.0
172.0
163.0
166.0
162.0
166.0
166.0
172.0
192.0
212.0
212.0
255.0
117.0
85.0
89.0
84.0
82.0
76.0
71.0
69.0
68.0
65.0
64.0
63.0
62.0
61.0
61.0
0.0


54.0
55.0
56.0
55.0
56.0
57.0
60.0
60.0
61.0
67.0
71.0
74.0
77.0
75.0
129.0
205.0
191.0
191.0
186.0
187.0
191.0
198.0
212.0
214.0
247.0
144.0
87.0
90.0
86.0
83.0
77.0
73.0
71.0
69.0
67.0
64.0
64.0
63.0
63.0
62.0
0.0


55.0
54.0
55.0
55.0
56.0
57.0
59.0
60.0
61.0
66.0
70.0
74.0
77.0
78.0
86.0
163.0
199.0
199.0
195.0
192.0
189.0
195.0
207.0
212.0
225.0
184.0
96.0
90.0
87.0
81.0
76.0
74.0
72.0
70.0
69.0
67.0
67.0
66.0
64.0
64.0
0.0


55.0
54.0
55.0
55.0
56.0
57.0
59.0
61.0
61.0
65.0
70.0
75.0
78.0
81.0
79.0
117.0
199.0
186.0
184.0
184.0
181.0
181.0
195.0
206.0
210.0
222.0
114.0
89.0
88.0
82.0
76.0
75.0
73.0
72.0
70.0
68.0
68.0
68.0
68.0
66.0
0.0


55.0
55.0
56.0
55.0
56.0
57.0
57.0
60.0
62.0
65.0
70.0
75.0
78.0
82.0
82.0
102.0
173.0
170.0
168.0
174.0
178.0
176.0
184.0
198.0
202.0
242.0
139.0
89.0
89.0
83.0
78.0
77.0
76.0
74.0
71.0
71.0
70.0
69.0
68.0
67.0
0.0


0.0
0.0
0.0
0.0
0.0
0.0
0.0
0.0
0.0
0.0
0.0
0.0
0.0
0.0
0.0
0.0
0.0
0.0
0.0
0.0
0.0
0.0
0.0
0.0
0.0
0.0
0.0
0.0
0.0
0.0
0.0
0.0
0.0
0.0
0.0
0.0
0.0
0.0
0.0
0.0
0.0


