48.0
47.0
47.0
47.0
47.0
48.0
49.0
49.0
49.0
49.0
50.0
49.0
50.0
51.0
50.0
52.0
51.0
50.0
52.0
47.0
89.0
137.0
130.0
51.0
50.0
50.0
50.0
53.0
55.0
51.0
52.0
51.0
51.0
52.0
50.0
50.0
49.0
49.0
51.0
53.0
0.0


49.0
47.0
47.0
48.0
47.0
47.0
49.0
50.0
50.0
49.0
50.0
49.0
50.0
49.0
50.0
47.0
50.0
50.0
51.0
46.0
96.0
146.0
141.0
50.0
49.0
50.0
51.0
52.0
55.0
50.0
49.0
51.0
51.0
50.0
49.0
49.0
48.0
49.0
50.0
52.0
0.0


49.0
48.0
48.0
48.0
47.0
48.0
49.0
49.0
49.0
49.0
49.0
50.0
47.0
69.0
112.0
71.0
46.0
49.0
50.0
49.0
104.0
144.0
150.0
54.0
48.0
50.0
52.0
51.0
90.0
109.0
56.0
50.0
51.0
51.0
49.0
49.0
48.0
49.0
51.0
52.0
0.0


49.0
48.0
48.0
48.0
48.0
48.0
48.0
48.0
49.0
50.0
50.0
50.0
47.0
99.0
152.0
118.0
44.0
50.0
49.0
54.0
114.0
138.0
160.0
58.0
46.0
50.0
48.0
62.0
128.0
163.0
84.0
46.0
52.0
50.0
49.0
49.0
49.0
50.0
50.0
53.0
0.0


48.0
47.0
48.0
48.0
48.0
48.0
49.0
48.0
50.0
50.0
49.0
51.0
45.0
96.0
160.0
124.0
48.0
51.0
47.0
61.0
132.0
145.0
157.0
55.0
48.0
50.0
46.0
75.0
140.0
167.0
79.0
46.0
51.0
50.0
49.0
49.0
49.0
50.0
51.0
53.0
0.0


48.0
47.0
49.0
49.0
48.0
49.0
48.0
48.0
50.0
49.0
49.0
51.0
44.0
99.0
153.0
145.0
55.0
48.0
46.0
68.0
145.0
150.0
154.0
53.0
48.0
49.0
47.0
97.0
135.0
173.0
74.0
46.0
51.0
50.0
49.0
49.0
49.0
50.0
52.0
53.0
0.0


49.0
48.0
48.0
50.0
49.0
48.0
48.0
48.0
49.0
49.0
49.0
49.0
45.0
104.0
139.0
163.0
66.0
46.0
46.0
78.0
144.0
148.0
148.0
51.0
48.0
48.0
53.0
121.0
139.0
170.0
68.0
46.0
50.0
50.0
50.0
50.0
51.0
51.0
52.0
53.0
0.0


48.0
48.0
48.0
50.0
50.0
49.0
49.0
50.0
50.0
49.0
48.0
50.0
44.0
100.0
145.0
181.0
76.0
45.0
46.0
91.0
149.0
157.0
137.0
48.0
50.0
45.0
71.0
144.0
153.0
159.0
55.0
49.0
50.0
50.0
51.0
52.0
51.0
51.0
52.0
53.0
0.0


48.0
48.0
49.0
49.0
49.0
50.0
50.0
51.0
49.0
49.0
48.0
50.0
42.0
93.0
157.0
186.0
86.0
44.0
47.0
105.0
149.0
166.0
124.0
45.0
52.0
45.0
93.0
138.0
172.0
131.0
46.0
51.0
50.0
51.0
51.0
51.0
51.0
51.0
52.0
53.0
0.0


48.0
48.0
49.0
49.0
49.0
50.0
51.0
51.0
48.0
48.0
48.0
49.0
42.0
83.0
155.0
187.0
95.0
42.0
52.0
123.0
156.0
178.0
114.0
44.0
51.0
54.0
120.0
137.0
196.0
100.0
44.0
52.0
51.0
51.0
52.0
51.0
51.0
51.0
52.0
53.0
0.0


48.0
48.0
48.0
49.0
49.0
50.0
49.0
49.0
48.0
48.0
48.0
48.0
41.0
78.0
151.0
183.0
111.0
43.0
62.0
152.0
160.0
195.0
114.0
46.0
48.0
78.0
139.0
145.0
203.0
79.0
45.0
52.0
50.0
52.0
50.0
51.0
51.0
51.0
52.0
53.0
0.0


48.0
48.0
48.0
49.0
49.0
49.0
49.0
48.0
47.0
48.0
48.0
49.0
42.0
76.0
150.0
173.0
135.0
43.0
70.0
149.0
140.0
196.0
102.0
45.0
53.0
120.0
158.0
160.0
187.0
63.0
48.0
52.0
51.0
50.0
49.0
50.0
51.0
50.0
52.0
52.0
0.0


49.0
48.0
48.0
49.0
49.0
50.0
50.0
49.0
49.0
48.0
48.0
50.0
42.0
77.0
157.0
175.0
168.0
52.0
74.0
144.0
133.0
192.0
87.0
43.0
66.0
136.0
150.0
184.0
158.0
52.0
52.0
53.0
52.0
50.0
50.0
50.0
49.0
51.0
51.0
53.0
0.0


49.0
49.0
48.0
49.0
49.0
50.0
50.0
50.0
50.0
48.0
49.0
50.0
42.0
77.0
159.0
160.0
186.0
63.0
76.0
152.0
142.0
188.0
80.0
47.0
91.0
131.0
137.0
211.0
104.0
46.0
55.0
52.0
51.0
51.0
51.0
51.0
51.0
51.0
51.0
52.0
0.0


49.0
48.0
48.0
49.0
49.0
49.0
50.0
50.0
50.0
50.0
50.0
50.0
45.0
70.0
139.0
142.0
187.0
69.0
76.0
158.0
148.0
175.0
68.0
57.0
114.0
133.0
155.0
189.0
65.0
50.0
54.0
52.0
50.0
50.0
50.0
51.0
51.0
51.0
51.0
52.0
0.0


49.0
48.0
48.0
48.0
48.0
49.0
49.0
50.0
50.0
50.0
50.0
50.0
46.0
59.0
137.0
144.0
192.0
74.0
78.0
169.0
164.0
155.0
57.0
70.0
132.0
140.0
181.0
137.0
49.0
54.0
54.0
52.0
51.0
50.0
51.0
51.0
51.0
52.0
51.0
52.0
0.0


48.0
49.0
48.0
48.0
49.0
49.0
49.0
49.0
49.0
50.0
49.0
49.0
45.0
47.0
123.0
159.0
200.0
83.0
91.0
164.0
168.0
135.0
51.0
94.0
153.0
144.0
203.0
92.0
47.0
55.0
53.0
52.0
51.0
50.0
50.0
50.0
51.0
51.0
52.0
52.0
0.0


48.0
48.0
48.0
49.0
49.0
48.0
48.0
49.0
49.0
49.0
50.0
49.0
92.0
123.0
138.0
136.0
163.0
127.0
112.0
143.0
140.0
105.0
75.0
127.0
150.0
166.0
178.0
63.0
52.0
54.0
53.0
51.0
51.0
50.0
50.0
50.0
51.0
52.0
52.0
52.0
0.0


49.0
48.0
48.0
48.0
48.0
48.0
48.0
49.0
49.0
49.0
46.0
66.0
162.0
157.0
137.0
114.0
141.0
133.0
119.0
124.0
114.0
91.0
97.0
113.0
125.0
171.0
140.0
50.0
56.0
54.0
53.0
52.0
50.0
50.0
50.0
51.0
51.0
52.0
51.0
51.0
0.0


49.0
49.0
49.0
48.0
49.0
49.0
49.0
49.0
49.0
50.0
45.0
86.0
154.0
134.0
136.0
146.0
151.0
158.0
144.0
123.0
117.0
101.0
107.0
126.0
128.0
183.0
119.0
48.0
57.0
55.0
53.0
51.0
51.0
50.0
50.0
50.0
50.0
52.0
51.0
51.0
0.0


49.0
49.0
49.0
48.0
49.0
49.0
49.0
50.0
49.0
50.0
45.0
110.0
162.0
136.0
153.0
166.0
166.0
168.0
203.0
151.0
117.0
119.0
131.0
130.0
133.0
207.0
109.0
50.0
58.0
55.0
53.0
52.0
51.0
50.0
50.0
50.0
51.0
51.0
52.0
52.0
0.0


49.0
49.0
49.0
49.0
49.0
49.0
48.0
49.0
50.0
50.0
52.0
124.0
172.0
155.0
155.0
177.0
168.0
186.0
188.0
202.0
138.0
129.0
144.0
133.0
138.0
197.0
91.0
54.0
63.0
56.0
53.0
52.0
51.0
51.0
50.0
50.0
51.0
52.0
51.0
51.0
0.0


49.0
49.0
49.0
50.0
49.0
48.0
48.0
48.0
50.0
47.0
60.0
144.0
191.0
187.0
160.0
171.0
183.0
187.0
190.0
197.0
198.0
150.0
133.0
127.0
144.0
190.0
78.0
54.0
60.0
56.0
53.0
52.0
52.0
52.0
50.0
51.0
51.0
51.0
51.0
51.0
0.0


49.0
49.0
49.0
49.0
49.0
49.0
49.0
49.0
50.0
46.0
67.0
151.0
157.0
180.0
178.0
124.0
131.0
207.0
195.0
199.0
218.0
177.0
104.0
122.0
154.0
174.0
81.0
55.0
57.0
55.0
54.0
52.0
51.0
52.0
51.0
51.0
51.0
50.0
51.0
51.0
0.0


49.0
50.0
50.0
50.0
49.0
49.0
49.0
49.0
49.0
47.0
63.0
143.0
137.0
161.0
201.0
134.0
103.0
165.0
204.0
194.0
201.0
212.0
156.0
156.0
155.0
187.0
91.0
54.0
58.0
54.0
53.0
53.0
52.0
51.0
51.0
51.0
51.0
51.0
51.0
52.0
0.0


50.0
50.0
50.0
51.0
50.0
50.0
50.0
50.0
50.0
49.0
55.0
118.0
139.0
162.0
181.0
171.0
156.0
170.0
179.0
193.0
195.0
196.0
203.0
177.0
151.0
192.0
105.0
54.0
59.0
55.0
53.0
53.0
52.0
52.0
51.0
52.0
51.0
51.0
51.0
51.0
0.0


50.0
50.0
50.0
50.0
50.0
50.0
51.0
50.0
50.0
51.0
49.0
105.0
135.0
134.0
152.0
175.0
181.0
181.0
148.0
167.0
193.0
191.0
192.0
192.0
168.0
198.0
114.0
54.0
59.0
55.0
53.0
53.0
52.0
52.0
51.0
52.0
52.0
51.0
50.0
49.0
0.0


50.0
51.0
50.0
50.0
51.0
52.0
51.0
50.0
51.0
51.0
49.0
98.0
128.0
127.0
142.0
164.0
174.0
179.0
151.0
154.0
178.0
186.0
189.0
188.0
184.0
217.0
117.0
54.0
59.0
55.0
53.0
52.0
52.0
52.0
52.0
52.0
52.0
52.0
50.0
48.0
0.0


51.0
51.0
50.0
51.0
51.0
51.0
51.0
50.0
51.0
52.0
49.0
95.0
133.0
124.0
130.0
151.0
166.0
174.0
146.0
132.0
156.0
182.0
182.0
181.0
191.0
237.0
108.0
55.0
59.0
54.0
54.0
52.0
52.0
52.0
52.0
52.0
52.0
51.0
50.0
49.0
0.0


51.0
51.0
51.0
52.0
52.0
52.0
52.0
52.0
52.0
54.0
48.0
90.0
134.0
119.0
120.0
140.0
156.0
149.0
136.0
116.0
131.0
179.0
185.0
188.0
201.0
242.0
101.0
56.0
59.0
55.0
54.0
53.0
53.0
52.0
51.0
52.0
52.0
51.0
50.0
49.0
0.0


51.0
52.0
51.0
52.0
52.0
52.0
53.0
52.0
53.0
55.0
51.0
80.0
140.0
119.0
119.0
133.0
144.0
135.0
134.0
123.0
131.0
160.0
196.0
214.0
205.0
244.0
96.0
57.0
59.0
55.0
54.0
54.0
52.0
51.0
52.0
51.0
51.0
50.0
50.0
50.0
0.0


51.0
52.0
51.0
53.0
52.0
53.0
55.0
54.0
54.0
55.0
53.0
68.0
141.0
127.0
125.0
127.0
132.0
137.0
135.0
126.0
140.0
157.0
186.0
211.0
207.0
244.0
95.0
57.0
59.0
54.0
54.0
53.0
52.0
50.0
50.0
50.0
50.0
50.0
50.0
51.0
0.0


52.0
52.0
53.0
54.0
53.0
54.0
55.0
54.0
54.0
55.0
56.0
57.0
123.0
142.0
132.0
124.0
118.0
135.0
136.0
135.0
143.0
162.0
194.0
214.0
207.0
243.0
91.0
59.0
59.0
55.0
53.0
52.0
51.0
50.0
49.0
49.0
49.0
49.0
50.0
51.0
0.0


51.0
51.0
52.0
53.0
54.0
54.0
54.0
55.0
55.0
55.0
58.0
56.0
90.0
156.0
136.0
129.0
113.0
134.0
148.0
148.0
163.0
178.0
203.0
213.0
221.0
195.0
74.0
60.0
59.0
55.0
53.0
52.0
52.0
51.0
49.0
49.0
49.0
49.0
51.0
51.0
0.0


52.0
52.0
52.0
53.0
54.0
55.0
56.0
56.0
56.0
56.0
58.0
61.0
65.0
135.0
148.0
143.0
128.0
135.0
160.0
163.0
176.0
192.0
209.0
208.0
247.0
143.0
63.0
64.0
59.0
57.0
54.0
53.0
53.0
53.0
51.0
50.0
49.0
50.0
51.0
51.0
0.0


53.0
52.0
52.0
53.0
53.0
55.0
57.0
56.0
56.0
57.0
60.0
63.0
61.0
92.0
159.0
147.0
147.0
147.0
160.0
178.0
195.0
204.0
215.0
207.0
250.0
132.0
64.0
65.0
60.0
58.0
56.0
55.0
54.0
54.0
53.0
52.0
52.0
52.0
52.0
52.0
0.0


53.0
52.0
52.0
53.0
54.0
55.0
56.0
56.0
57.0
58.0
62.0
65.0
68.0
68.0
135.0
169.0
160.0
163.0
170.0
187.0
202.0
209.0
218.0
217.0
243.0
168.0
73.0
66.0
63.0
59.0
57.0
56.0
55.0
55.0
53.0
54.0
53.0
53.0
53.0
53.0
0.0


52.0
52.0
53.0
53.0
54.0
54.0
56.0
57.0
57.0
58.0
64.0
66.0
68.0
68.0
87.0
180.0
190.0
187.0
189.0
191.0
196.0
204.0
217.0
221.0
216.0
220.0
90.0
63.0
65.0
60.0
59.0
58.0
56.0
56.0
55.0
55.0
55.0
55.0
55.0
54.0
0.0


54.0
53.0
53.0
54.0
54.0
55.0
56.0
57.0
57.0
61.0
64.0
67.0
68.0
72.0
69.0
112.0
210.0
195.0
197.0
198.0
198.0
205.0
213.0
218.0
210.0
244.0
120.0
63.0
65.0
61.0
59.0
59.0
57.0
56.0
56.0
55.0
55.0
56.0
55.0
54.0
0.0


53.0
53.0
53.0
54.0
54.0
56.0
56.0
57.0
57.0
60.0
65.0
66.0
68.0
71.0
75.0
80.0
164.0
199.0
191.0
189.0
192.0
195.0
207.0
214.0
211.0
239.0
160.0
69.0
65.0
61.0
60.0
59.0
58.0
57.0
57.0
56.0
55.0
55.0
55.0
55.0
0.0


0.0
0.0
0.0
0.0
0.0
0.0
0.0
0.0
0.0
0.0
0.0
0.0
0.0
0.0
0.0
0.0
0.0
0.0
0.0
0.0
0.0
0.0
0.0
0.0
0.0
0.0
0.0
0.0
0.0
0.0
0.0
0.0
0.0
0.0
0.0
0.0
0.0
0.0
0.0
0.0
0.0


