48.0
48.0
49.0
48.0
47.0
48.0
49.0
49.0
49.0
50.0
50.0
50.0
50.0
51.0
51.0
50.0
50.0
51.0
51.0
51.0
52.0
51.0
52.0
50.0
51.0
50.0
50.0
51.0
47.0
72.0
111.0
117.0
63.0
46.0
51.0
50.0
50.0
50.0
51.0
51.0
51.0
59.0
56.0
51.0
52.0
52.0
50.0
51.0
53.0
51.0
53.0
50.0
48.0
50.0
48.0
47.0
48.0
48.0
49.0
50.0
0.0


48.0
48.0
48.0
49.0
48.0
48.0
49.0
48.0
50.0
50.0
50.0
50.0
50.0
50.0
51.0
51.0
49.0
50.0
51.0
50.0
51.0
52.0
52.0
49.0
50.0
50.0
51.0
48.0
55.0
110.0
107.0
140.0
117.0
50.0
50.0
50.0
50.0
50.0
51.0
51.0
51.0
57.0
55.0
52.0
52.0
51.0
51.0
52.0
52.0
52.0
53.0
51.0
48.0
48.0
48.0
47.0
47.0
49.0
50.0
50.0
0.0


48.0
48.0
48.0
48.0
47.0
48.0
48.0
48.0
50.0
49.0
50.0
50.0
50.0
50.0
50.0
50.0
50.0
50.0
50.0
51.0
51.0
46.0
48.0
50.0
49.0
48.0
52.0
45.0
68.0
135.0
119.0
147.0
152.0
55.0
46.0
51.0
50.0
50.0
51.0
51.0
52.0
50.0
50.0
47.0
49.0
53.0
50.0
51.0
52.0
52.0
52.0
50.0
47.0
47.0
48.0
48.0
48.0
48.0
49.0
50.0
0.0


48.0
48.0
48.0
48.0
48.0
47.0
49.0
49.0
49.0
49.0
50.0
50.0
51.0
50.0
50.0
50.0
50.0
51.0
51.0
48.0
50.0
72.0
61.0
46.0
49.0
50.0
52.0
44.0
69.0
142.0
131.0
166.0
157.0
52.0
46.0
50.0
48.0
50.0
50.0
51.0
51.0
52.0
79.0
89.0
56.0
49.0
53.0
52.0
52.0
52.0
52.0
50.0
48.0
49.0
48.0
48.0
48.0
48.0
49.0
50.0
0.0


47.0
47.0
48.0
49.0
48.0
48.0
49.0
49.0
49.0
49.0
50.0
50.0
50.0
50.0
51.0
50.0
50.0
50.0
50.0
49.0
81.0
112.0
127.0
68.0
45.0
50.0
51.0
44.0
75.0
146.0
142.0
171.0
169.0
57.0
45.0
50.0
48.0
49.0
51.0
51.0
50.0
87.0
114.0
134.0
111.0
50.0
53.0
52.0
51.0
51.0
52.0
51.0
48.0
47.0
48.0
48.0
49.0
49.0
50.0
51.0
0.0


47.0
48.0
49.0
49.0
48.0
48.0
49.0
49.0
49.0
50.0
50.0
50.0
50.0
50.0
51.0
50.0
49.0
51.0
48.0
57.0
117.0
108.0
155.0
124.0
48.0
51.0
52.0
45.0
88.0
142.0
141.0
167.0
187.0
66.0
43.0
49.0
49.0
50.0
51.0
48.0
54.0
115.0
120.0
130.0
159.0
63.0
49.0
53.0
51.0
51.0
52.0
52.0
49.0
48.0
48.0
48.0
49.0
50.0
51.0
52.0
0.0


48.0
48.0
49.0
48.0
48.0
48.0
49.0
50.0
49.0
48.0
49.0
49.0
50.0
50.0
50.0
49.0
49.0
51.0
46.0
56.0
134.0
124.0
160.0
140.0
50.0
49.0
52.0
47.0
101.0
140.0
141.0
159.0
200.0
74.0
44.0
51.0
49.0
49.0
49.0
47.0
57.0
133.0
135.0
147.0
166.0
63.0
49.0
53.0
50.0
52.0
51.0
51.0
50.0
49.0
49.0
48.0
50.0
51.0
51.0
52.0
0.0


49.0
49.0
49.0
48.0
48.0
49.0
50.0
50.0
49.0
49.0
48.0
49.0
49.0
49.0
49.0
50.0
49.0
51.0
46.0
57.0
138.0
133.0
175.0
137.0
47.0
49.0
49.0
49.0
107.0
139.0
147.0
159.0
200.0
74.0
44.0
52.0
48.0
48.0
50.0
44.0
74.0
144.0
135.0
155.0
162.0
58.0
49.0
52.0
50.0
51.0
51.0
51.0
51.0
49.0
49.0
49.0
50.0
51.0
53.0
53.0
0.0


48.0
50.0
49.0
49.0
49.0
48.0
49.0
49.0
50.0
50.0
50.0
49.0
49.0
50.0
50.0
49.0
49.0
51.0
45.0
62.0
142.0
139.0
176.0
148.0
48.0
49.0
47.0
51.0
123.0
150.0
148.0
161.0
192.0
68.0
43.0
48.0
47.0
48.0
50.0
45.0
97.0
135.0
136.0
161.0
161.0
56.0
49.0
52.0
50.0
50.0
50.0
52.0
50.0
49.0
50.0
50.0
50.0
51.0
52.0
52.0
0.0


48.0
49.0
50.0
50.0
49.0
50.0
48.0
49.0
50.0
49.0
48.0
49.0
49.0
50.0
49.0
48.0
48.0
50.0
43.0
73.0
146.0
139.0
163.0
167.0
57.0
47.0
46.0
54.0
140.0
164.0
155.0
170.0
197.0
64.0
44.0
49.0
48.0
48.0
48.0
52.0
119.0
129.0
142.0
161.0
160.0
54.0
49.0
50.0
50.0
51.0
52.0
52.0
50.0
50.0
51.0
50.0
51.0
51.0
52.0
53.0
0.0


47.0
49.0
49.0
49.0
49.0
49.0
49.0
48.0
50.0
51.0
49.0
48.0
49.0
49.0
48.0
48.0
47.0
50.0
42.0
88.0
144.0
139.0
157.0
184.0
61.0
47.0
44.0
59.0
148.0
151.0
152.0
166.0
199.0
69.0
44.0
50.0
48.0
51.0
45.0
66.0
132.0
132.0
145.0
167.0
150.0
50.0
50.0
49.0
50.0
49.0
51.0
51.0
51.0
52.0
51.0
51.0
51.0
51.0
53.0
53.0
0.0


47.0
48.0
48.0
49.0
47.0
47.0
49.0
48.0
50.0
51.0
49.0
48.0
48.0
49.0
48.0
48.0
46.0
51.0
41.0
91.0
141.0
139.0
155.0
197.0
66.0
45.0
44.0
71.0
158.0
150.0
155.0
168.0
190.0
66.0
45.0
50.0
48.0
51.0
43.0
93.0
147.0
143.0
148.0
185.0
125.0
43.0
52.0
48.0
49.0
50.0
50.0
51.0
50.0
51.0
51.0
51.0
51.0
52.0
52.0
52.0
0.0


47.0
48.0
50.0
50.0
48.0
48.0
47.0
50.0
52.0
52.0
49.0
48.0
49.0
48.0
49.0
48.0
46.0
50.0
39.0
87.0
150.0
143.0
158.0
206.0
71.0
44.0
43.0
79.0
167.0
151.0
158.0
176.0
178.0
59.0
44.0
50.0
49.0
48.0
48.0
119.0
142.0
148.0
156.0
226.0
97.0
42.0
53.0
49.0
49.0
51.0
51.0
50.0
51.0
51.0
51.0
51.0
51.0
51.0
52.0
52.0
0.0


46.0
49.0
49.0
47.0
49.0
49.0
49.0
48.0
50.0
43.0
48.0
47.0
47.0
48.0
47.0
46.0
47.0
48.0
39.0
85.0
159.0
154.0
163.0
220.0
74.0
43.0
40.0
91.0
179.0
154.0
162.0
182.0
167.0
56.0
45.0
49.0
50.0
46.0
63.0
133.0
132.0
149.0
161.0
215.0
72.0
45.0
52.0
49.0
49.0
50.0
51.0
50.0
50.0
51.0
51.0
51.0
50.0
51.0
52.0
52.0
0.0


48.0
47.0
47.0
48.0
48.0
49.0
46.0
66.0
102.0
73.0
45.0
48.0
47.0
47.0
46.0
46.0
45.0
50.0
39.0
82.0
157.0
152.0
159.0
218.0
77.0
40.0
41.0
106.0
182.0
156.0
163.0
192.0
154.0
52.0
47.0
48.0
51.0
45.0
85.0
136.0
137.0
153.0
173.0
179.0
57.0
48.0
50.0
49.0
49.0
50.0
50.0
50.0
50.0
50.0
51.0
51.0
51.0
51.0
52.0
51.0
0.0


47.0
48.0
47.0
47.0
48.0
49.0
47.0
94.0
122.0
157.0
76.0
43.0
48.0
47.0
47.0
46.0
45.0
48.0
38.0
82.0
156.0
155.0
162.0
225.0
81.0
39.0
44.0
126.0
180.0
164.0
166.0
203.0
141.0
48.0
48.0
51.0
48.0
49.0
114.0
135.0
140.0
152.0
191.0
146.0
47.0
52.0
50.0
48.0
49.0
50.0
49.0
50.0
51.0
50.0
51.0
49.0
51.0
51.0
52.0
51.0
0.0


48.0
47.0
47.0
47.0
48.0
49.0
47.0
105.0
138.0
152.0
122.0
42.0
48.0
45.0
45.0
45.0
44.0
47.0
39.0
85.0
152.0
156.0
164.0
229.0
85.0
38.0
53.0
149.0
180.0
176.0
170.0
203.0
143.0
47.0
49.0
52.0
45.0
69.0
132.0
138.0
149.0
155.0
215.0
121.0
44.0
52.0
49.0
50.0
49.0
48.0
50.0
50.0
50.0
50.0
50.0
49.0
50.0
50.0
51.0
50.0
0.0


48.0
47.0
48.0
47.0
48.0
49.0
43.0
96.0
173.0
151.0
166.0
54.0
41.0
47.0
44.0
46.0
45.0
47.0
39.0
88.0
153.0
156.0
164.0
229.0
95.0
37.0
65.0
177.0
181.0
176.0
170.0
214.0
145.0
48.0
51.0
50.0
49.0
101.0
140.0
141.0
158.0
160.0
231.0
94.0
43.0
52.0
49.0
49.0
49.0
50.0
51.0
49.0
49.0
49.0
51.0
50.0
50.0
50.0
50.0
50.0
0.0


48.0
48.0
48.0
47.0
47.0
49.0
43.0
78.0
183.0
158.0
203.0
88.0
36.0
48.0
44.0
45.0
44.0
47.0
39.0
93.0
152.0
156.0
165.0
229.0
109.0
35.0
72.0
186.0
169.0
170.0
169.0
231.0
122.0
45.0
52.0
47.0
58.0
141.0
155.0
160.0
159.0
165.0
231.0
79.0
44.0
51.0
50.0
49.0
49.0
50.0
49.0
49.0
50.0
50.0
51.0
51.0
50.0
50.0
51.0
51.0
0.0


47.0
48.0
48.0
48.0
48.0
49.0
43.0
72.0
174.0
162.0
183.0
134.0
44.0
47.0
45.0
45.0
45.0
46.0
39.0
104.0
153.0
162.0
170.0
209.0
129.0
37.0
79.0
174.0
143.0
150.0
155.0
212.0
104.0
42.0
52.0
46.0
77.0
151.0
154.0
159.0
164.0
182.0
189.0
64.0
47.0
51.0
50.0
49.0
50.0
50.0
49.0
50.0
50.0
50.0
50.0
51.0
51.0
52.0
51.0
50.0
0.0


46.0
47.0
48.0
48.0
47.0
49.0
46.0
63.0
162.0
166.0
171.0
182.0
66.0
42.0
49.0
44.0
45.0
47.0
44.0
111.0
158.0
172.0
182.0
206.0
150.0
38.0
84.0
178.0
137.0
148.0
157.0
214.0
93.0
42.0
54.0
50.0
104.0
134.0
138.0
152.0
162.0
231.0
142.0
48.0
50.0
51.0
50.0
49.0
49.0
50.0
50.0
49.0
50.0
50.0
50.0
49.0
51.0
50.0
51.0
52.0
0.0


48.0
48.0
48.0
47.0
47.0
48.0
49.0
49.0
134.0
183.0
166.0
226.0
98.0
40.0
49.0
45.0
45.0
49.0
42.0
112.0
171.0
172.0
177.0
195.0
166.0
39.0
89.0
184.0
138.0
152.0
162.0
202.0
85.0
45.0
51.0
60.0
124.0
122.0
128.0
140.0
158.0
230.0
93.0
44.0
54.0
51.0
50.0
50.0
48.0
50.0
50.0
50.0
50.0
49.0
50.0
49.0
50.0
49.0
52.0
52.0
0.0


48.0
49.0
49.0
48.0
47.0
46.0
50.0
40.0
91.0
202.0
167.0
182.0
145.0
50.0
45.0
47.0
47.0
49.0
42.0
104.0
148.0
150.0
158.0
172.0
177.0
46.0
94.0
184.0
142.0
155.0
167.0
190.0
74.0
48.0
50.0
84.0
132.0
123.0
138.0
148.0
180.0
176.0
60.0
48.0
54.0
51.0
49.0
50.0
51.0
51.0
50.0
49.0
49.0
49.0
49.0
49.0
49.0
50.0
52.0
51.0
0.0


47.0
48.0
48.0
48.0
47.0
47.0
49.0
42.0
64.0
164.0
163.0
153.0
187.0
82.0
41.0
49.0
46.0
48.0
41.0
98.0
140.0
138.0
151.0
166.0
179.0
50.0
97.0
183.0
144.0
157.0
175.0
175.0
64.0
47.0
52.0
107.0
130.0
131.0
144.0
154.0
211.0
127.0
46.0
53.0
52.0
52.0
49.0
46.0
47.0
49.0
52.0
49.0
49.0
50.0
50.0
50.0
49.0
50.0
50.0
51.0
0.0


48.0
48.0
48.0
47.0
46.0
47.0
48.0
48.0
43.0
121.0
171.0
155.0
171.0
151.0
55.0
46.0
48.0
49.0
39.0
92.0
144.0
137.0
149.0
165.0
178.0
51.0
99.0
201.0
157.0
169.0
191.0
156.0
56.0
45.0
62.0
126.0
128.0
139.0
149.0
161.0
216.0
90.0
43.0
55.0
53.0
49.0
50.0
67.0
74.0
64.0
49.0
50.0
49.0
49.0
49.0
49.0
49.0
49.0
50.0
50.0
0.0


48.0
48.0
48.0
48.0
47.0
48.0
46.0
50.0
40.0
84.0
175.0
161.0
157.0
197.0
100.0
42.0
49.0
49.0
40.0
84.0
148.0
140.0
155.0
168.0
178.0
55.0
107.0
187.0
160.0
171.0
196.0
133.0
51.0
48.0
76.0
140.0
133.0
145.0
152.0
176.0
178.0
60.0
47.0
55.0
51.0
51.0
95.0
113.0
111.0
118.0
53.0
48.0
50.0
49.0
48.0
49.0
50.0
49.0
50.0
50.0
0.0


47.0
48.0
49.0
48.0
47.0
47.0
46.0
48.0
44.0
55.0
157.0
160.0
166.0
186.0
145.0
48.0
48.0
50.0
41.0
74.0
153.0
144.0
157.0
174.0
169.0
55.0
134.0
165.0
154.0
162.0
194.0
117.0
45.0
49.0
96.0
148.0
141.0
146.0
154.0
203.0
129.0
45.0
54.0
54.0
47.0
89.0
130.0
103.0
105.0
132.0
60.0
46.0
49.0
48.0
49.0
49.0
50.0
50.0
51.0
50.0
0.0


47.0
48.0
48.0
47.0
48.0
46.0
46.0
47.0
48.0
41.0
124.0
173.0
170.0
171.0
169.0
71.0
44.0
54.0
41.0
70.0
157.0
150.0
170.0
182.0
173.0
83.0
141.0
160.0
171.0
164.0
187.0
114.0
44.0
76.0
131.0
146.0
148.0
153.0
164.0
224.0
83.0
43.0
56.0
50.0
57.0
124.0
111.0
109.0
128.0
140.0
51.0
48.0
49.0
49.0
48.0
49.0
50.0
50.0
50.0
50.0
0.0


47.0
48.0
47.0
48.0
48.0
47.0
48.0
47.0
49.0
40.0
71.0
178.0
158.0
149.0
147.0
118.0
44.0
51.0
44.0
68.0
152.0
154.0
174.0
177.0
158.0
119.0
119.0
136.0
139.0
129.0
121.0
105.0
78.0
101.0
119.0
129.0
143.0
161.0
184.0
177.0
59.0
49.0
54.0
48.0
87.0
126.0
110.0
122.0
167.0
122.0
44.0
51.0
48.0
49.0
49.0
49.0
50.0
49.0
49.0
50.0
0.0


47.0
48.0
48.0
48.0
47.0
46.0
47.0
47.0
46.0
49.0
43.0
119.0
142.0
129.0
133.0
151.0
75.0
45.0
46.0
76.0
153.0
153.0
166.0
149.0
119.0
116.0
128.0
131.0
126.0
121.0
108.0
99.0
97.0
102.0
107.0
108.0
124.0
145.0
198.0
139.0
47.0
53.0
51.0
53.0
114.0
126.0
125.0
135.0
195.0
82.0
43.0
51.0
48.0
50.0
49.0
49.0
50.0
50.0
50.0
51.0
0.0


48.0
48.0
49.0
47.0
47.0
48.0
47.0
48.0
47.0
50.0
40.0
88.0
149.0
121.0
130.0
140.0
119.0
49.0
40.0
89.0
131.0
138.0
137.0
127.0
122.0
121.0
132.0
131.0
123.0
119.0
117.0
102.0
99.0
106.0
108.0
116.0
128.0
140.0
192.0
119.0
45.0
55.0
48.0
72.0
130.0
124.0
129.0
144.0
176.0
58.0
46.0
49.0
48.0
48.0
48.0
49.0
48.0
49.0
50.0
51.0
0.0


47.0
48.0
48.0
49.0
48.0
48.0
48.0
49.0
48.0
50.0
45.0
65.0
152.0
125.0
127.0
129.0
147.0
75.0
46.0
92.0
100.0
123.0
126.0
126.0
127.0
132.0
135.0
133.0
124.0
124.0
110.0
97.0
108.0
117.0
120.0
129.0
137.0
148.0
209.0
111.0
45.0
55.0
47.0
94.0
132.0
121.0
128.0
156.0
181.0
54.0
45.0
48.0
48.0
50.0
50.0
48.0
49.0
50.0
51.0
50.0
0.0


49.0
49.0
48.0
48.0
48.0
48.0
48.0
49.0
49.0
50.0
49.0
50.0
126.0
135.0
126.0
126.0
132.0
116.0
91.0
85.0
105.0
126.0
125.0
127.0
131.0
138.0
137.0
131.0
135.0
125.0
108.0
115.0
126.0
126.0
130.0
139.0
144.0
153.0
218.0
104.0
46.0
52.0
50.0
115.0
135.0
122.0
136.0
166.0
199.0
57.0
44.0
49.0
48.0
49.0
50.0
49.0
49.0
50.0
50.0
51.0
0.0


49.0
48.0
48.0
48.0
48.0
48.0
48.0
50.0
48.0
49.0
50.0
43.0
91.0
144.0
122.0
123.0
124.0
106.0
81.0
81.0
109.0
124.0
131.0
132.0
136.0
141.0
139.0
139.0
137.0
114.0
116.0
128.0
132.0
131.0
137.0
138.0
147.0
150.0
209.0
88.0
49.0
62.0
66.0
139.0
142.0
126.0
144.0
174.0
229.0
65.0
45.0
51.0
48.0
49.0
49.0
49.0
49.0
50.0
50.0
50.0
0.0


47.0
48.0
47.0
48.0
47.0
47.0
48.0
49.0
49.0
49.0
51.0
44.0
66.0
135.0
129.0
126.0
110.0
91.0
84.0
98.0
121.0
128.0
130.0
137.0
139.0
141.0
141.0
149.0
130.0
112.0
122.0
126.0
127.0
143.0
148.0
133.0
145.0
160.0
190.0
71.0
49.0
55.0
84.0
137.0
135.0
140.0
156.0
186.0
221.0
61.0
47.0
51.0
48.0
50.0
50.0
49.0
49.0
50.0
50.0
50.0
0.0


48.0
48.0
48.0
49.0
49.0
48.0
48.0
48.0
48.0
49.0
52.0
48.0
55.0
125.0
138.0
114.0
98.0
97.0
99.0
114.0
129.0
131.0
133.0
141.0
142.0
139.0
149.0
144.0
121.0
117.0
127.0
141.0
144.0
138.0
121.0
131.0
162.0
172.0
197.0
68.0
50.0
48.0
93.0
132.0
124.0
142.0
165.0
234.0
156.0
49.0
51.0
49.0
49.0
50.0
50.0
50.0
50.0
49.0
50.0
50.0
0.0


48.0
49.0
49.0
49.0
50.0
50.0
49.0
49.0
49.0
50.0
51.0
49.0
49.0
111.0
124.0
108.0
110.0
108.0
108.0
119.0
130.0
134.0
136.0
140.0
139.0
148.0
148.0
126.0
119.0
129.0
149.0
141.0
111.0
102.0
117.0
141.0
132.0
130.0
185.0
106.0
47.0
62.0
116.0
127.0
134.0
152.0
170.0
255.0
100.0
43.0
52.0
49.0
49.0
50.0
50.0
51.0
50.0
51.0
49.0
50.0
0.0


49.0
50.0
49.0
48.0
49.0
50.0
51.0
50.0
50.0
50.0
50.0
51.0
46.0
97.0
126.0
113.0
109.0
107.0
113.0
122.0
130.0
134.0
136.0
141.0
150.0
150.0
130.0
129.0
140.0
143.0
127.0
99.0
102.0
111.0
113.0
111.0
110.0
121.0
148.0
131.0
49.0
82.0
121.0
128.0
143.0
164.0
193.0
240.0
69.0
47.0
52.0
52.0
49.0
50.0
50.0
49.0
50.0
51.0
50.0
50.0
0.0


49.0
49.0
49.0
50.0
49.0
50.0
50.0
50.0
50.0
50.0
50.0
52.0
45.0
84.0
135.0
114.0
111.0
111.0
119.0
126.0
129.0
131.0
140.0
153.0
143.0
130.0
131.0
140.0
134.0
121.0
108.0
104.0
103.0
99.0
110.0
129.0
147.0
154.0
156.0
130.0
54.0
98.0
123.0
128.0
144.0
159.0
234.0
168.0
53.0
52.0
52.0
51.0
51.0
50.0
50.0
51.0
51.0
50.0
50.0
49.0
0.0


50.0
50.0
50.0
51.0
49.0
49.0
50.0
50.0
50.0
50.0
50.0
53.0
47.0
67.0
135.0
122.0
118.0
120.0
124.0
127.0
132.0
143.0
154.0
139.0
131.0
133.0
140.0
126.0
116.0
120.0
120.0
104.0
93.0
98.0
102.0
103.0
107.0
124.0
149.0
157.0
88.0
111.0
123.0
132.0
143.0
158.0
241.0
123.0
46.0
53.0
52.0
52.0
52.0
51.0
50.0
51.0
51.0
50.0
50.0
49.0
0.0


50.0
50.0
50.0
51.0
50.0
50.0
50.0
50.0
50.0
51.0
50.0
52.0
49.0
58.0
126.0
125.0
119.0
124.0
133.0
140.0
143.0
147.0
138.0
132.0
138.0
144.0
134.0
117.0
122.0
122.0
117.0
101.0
103.0
103.0
93.0
86.0
99.0
119.0
142.0
144.0
98.0
104.0
125.0
134.0
148.0
166.0
242.0
92.0
46.0
55.0
52.0
52.0
51.0
51.0
50.0
50.0
51.0
51.0
50.0
50.0
0.0


50.0
50.0
51.0
50.0
51.0
50.0
51.0
50.0
50.0
51.0
51.0
52.0
51.0
51.0
112.0
135.0
132.0
137.0
133.0
128.0
129.0
134.0
135.0
140.0
145.0
143.0
127.0
121.0
119.0
119.0
109.0
104.0
102.0
99.0
92.0
90.0
99.0
115.0
118.0
91.0
91.0
105.0
122.0
137.0
145.0
172.0
225.0
73.0
49.0
55.0
53.0
50.0
51.0
52.0
52.0
51.0
50.0
51.0
49.0
48.0
0.0


50.0
51.0
52.0
51.0
51.0
52.0
51.0
51.0
52.0
53.0
53.0
52.0
54.0
47.0
100.0
146.0
130.0
124.0
119.0
118.0
130.0
138.0
142.0
146.0
147.0
135.0
125.0
116.0
112.0
116.0
107.0
102.0
96.0
92.0
88.0
84.0
81.0
92.0
99.0
91.0
107.0
106.0
122.0
138.0
143.0
187.0
190.0
64.0
50.0
55.0
52.0
53.0
52.0
52.0
51.0
50.0
50.0
50.0
50.0
47.0
0.0


50.0
49.0
52.0
52.0
52.0
52.0
52.0
52.0
54.0
53.0
53.0
53.0
55.0
48.0
88.0
142.0
122.0
120.0
120.0
121.0
128.0
137.0
145.0
145.0
137.0
129.0
119.0
113.0
114.0
107.0
97.0
96.0
92.0
92.0
89.0
90.0
95.0
87.0
93.0
102.0
93.0
108.0
124.0
137.0
150.0
211.0
166.0
58.0
51.0
54.0
52.0
52.0
52.0
50.0
50.0
51.0
50.0
50.0
49.0
48.0
0.0


51.0
51.0
52.0
52.0
51.0
52.0
53.0
53.0
53.0
53.0
54.0
53.0
56.0
48.0
77.0
138.0
126.0
122.0
119.0
120.0
127.0
136.0
141.0
139.0
134.0
125.0
114.0
110.0
114.0
95.0
88.0
92.0
92.0
89.0
89.0
82.0
78.0
80.0
85.0
92.0
89.0
112.0
126.0
139.0
163.0
235.0
153.0
54.0
53.0
54.0
52.0
52.0
52.0
51.0
51.0
51.0
50.0
50.0
48.0
49.0
0.0


51.0
51.0
51.0
53.0
51.0
52.0
53.0
54.0
54.0
54.0
55.0
55.0
57.0
51.0
70.0
138.0
128.0
124.0
122.0
121.0
123.0
131.0
136.0
139.0
132.0
123.0
108.0
107.0
104.0
83.0
85.0
93.0
87.0
83.0
83.0
81.0
83.0
86.0
86.0
99.0
111.0
127.0
141.0
162.0
181.0
238.0
130.0
50.0
57.0
55.0
52.0
52.0
52.0
52.0
51.0
50.0
51.0
50.0
49.0
49.0
0.0


51.0
52.0
52.0
52.0
51.0
53.0
54.0
55.0
55.0
55.0
55.0
56.0
57.0
53.0
67.0
139.0
131.0
124.0
121.0
117.0
118.0
127.0
132.0
135.0
125.0
115.0
103.0
97.0
92.0
80.0
90.0
90.0
86.0
88.0
92.0
94.0
93.0
96.0
101.0
118.0
139.0
149.0
170.0
188.0
197.0
243.0
88.0
48.0
59.0
55.0
53.0
51.0
51.0
51.0
52.0
50.0
50.0
50.0
50.0
49.0
0.0


51.0
52.0
51.0
51.0
52.0
54.0
55.0
55.0
55.0
56.0
56.0
56.0
58.0
55.0
60.0
136.0
135.0
124.0
120.0
113.0
113.0
124.0
133.0
136.0
118.0
102.0
96.0
90.0
84.0
82.0
90.0
91.0
91.0
92.0
94.0
95.0
98.0
108.0
116.0
133.0
154.0
156.0
179.0
187.0
245.0
139.0
52.0
58.0
57.0
54.0
52.0
51.0
51.0
50.0
49.0
49.0
50.0
50.0
49.0
50.0
0.0


51.0
52.0
52.0
52.0
52.0
54.0
56.0
56.0
56.0
57.0
57.0
57.0
57.0
58.0
55.0
124.0
147.0
126.0
123.0
112.0
113.0
126.0
132.0
133.0
114.0
98.0
87.0
87.0
86.0
88.0
94.0
95.0
94.0
98.0
100.0
103.0
109.0
116.0
127.0
140.0
156.0
163.0
176.0
225.0
178.0
61.0
54.0
58.0
54.0
54.0
51.0
50.0
51.0
50.0
48.0
48.0
49.0
49.0
50.0
50.0
0.0


51.0
52.0
53.0
53.0
54.0
54.0
56.0
57.0
56.0
57.0
57.0
57.0
58.0
61.0
52.0
100.0
163.0
131.0
124.0
115.0
121.0
128.0
129.0
127.0
109.0
95.0
89.0
87.0
87.0
90.0
96.0
98.0
99.0
105.0
109.0
114.0
121.0
132.0
141.0
150.0
163.0
176.0
201.0
207.0
74.0
53.0
60.0
55.0
55.0
53.0
51.0
49.0
50.0
50.0
49.0
48.0
48.0
48.0
49.0
48.0
0.0


53.0
52.0
52.0
53.0
54.0
56.0
56.0
57.0
57.0
57.0
58.0
58.0
58.0
61.0
54.0
80.0
168.0
138.0
131.0
124.0
125.0
127.0
126.0
130.0
108.0
95.0
92.0
88.0
92.0
100.0
99.0
103.0
110.0
118.0
124.0
128.0
134.0
143.0
150.0
165.0
173.0
198.0
239.0
89.0
53.0
61.0
56.0
56.0
53.0
53.0
52.0
50.0
50.0
50.0
49.0
49.0
49.0
49.0
49.0
49.0
0.0


53.0
52.0
53.0
53.0
54.0
57.0
56.0
56.0
57.0
57.0
58.0
59.0
60.0
61.0
58.0
63.0
149.0
151.0
135.0
135.0
132.0
129.0
123.0
125.0
106.0
97.0
97.0
92.0
98.0
105.0
107.0
110.0
116.0
128.0
133.0
137.0
143.0
153.0
165.0
176.0
191.0
251.0
108.0
55.0
63.0
58.0
56.0
55.0
54.0
52.0
52.0
50.0
48.0
49.0
49.0
48.0
49.0
49.0
50.0
50.0
0.0


52.0
53.0
53.0
54.0
55.0
57.0
57.0
57.0
58.0
59.0
59.0
59.0
62.0
61.0
62.0
56.0
113.0
170.0
135.0
142.0
140.0
131.0
121.0
119.0
106.0
101.0
104.0
97.0
97.0
107.0
117.0
122.0
127.0
133.0
137.0
146.0
155.0
163.0
177.0
187.0
245.0
131.0
58.0
65.0
61.0
58.0
57.0
56.0
54.0
54.0
53.0
50.0
50.0
49.0
49.0
49.0
49.0
49.0
50.0
49.0
0.0


52.0
52.0
52.0
54.0
55.0
55.0
58.0
58.0
59.0
59.0
59.0
60.0
60.0
61.0
65.0
58.0
78.0
166.0
145.0
145.0
144.0
129.0
122.0
116.0
108.0
108.0
109.0
104.0
107.0
113.0
123.0
129.0
139.0
145.0
149.0
159.0
168.0
180.0
189.0
241.0
162.0
67.0
66.0
65.0
61.0
58.0
59.0
58.0
55.0
54.0
54.0
53.0
51.0
51.0
49.0
50.0
50.0
52.0
51.0
50.0
0.0


52.0
52.0
54.0
53.0
53.0
56.0
58.0
58.0
58.0
59.0
60.0
61.0
62.0
63.0
65.0
62.0
61.0
127.0
162.0
144.0
143.0
131.0
131.0
119.0
115.0
119.0
122.0
118.0
121.0
120.0
127.0
136.0
148.0
158.0
162.0
171.0
183.0
192.0
212.0
215.0
83.0
64.0
71.0
65.0
62.0
60.0
60.0
58.0
54.0
54.0
54.0
54.0
52.0
51.0
52.0
49.0
51.0
52.0
52.0
50.0
0.0


53.0
54.0
54.0
53.0
54.0
57.0
58.0
58.0
59.0
61.0
61.0
61.0
63.0
63.0
62.0
65.0
61.0
88.0
159.0
148.0
143.0
141.0
141.0
126.0
131.0
134.0
135.0
132.0
132.0
135.0
138.0
147.0
154.0
165.0
169.0
181.0
194.0
209.0
255.0
107.0
62.0
73.0
67.0
66.0
62.0
61.0
61.0
57.0
57.0
55.0
54.0
53.0
53.0
52.0
52.0
51.0
52.0
52.0
51.0
52.0
0.0


52.0
53.0
54.0
53.0
53.0
54.0
57.0
58.0
58.0
60.0
61.0
61.0
62.0
64.0
64.0
66.0
65.0
66.0
130.0
156.0
141.0
146.0
146.0
139.0
150.0
147.0
141.0
148.0
149.0
152.0
153.0
161.0
168.0
179.0
191.0
198.0
202.0
242.0
126.0
67.0
74.0
71.0
69.0
66.0
62.0
60.0
60.0
59.0
57.0
55.0
54.0
54.0
53.0
53.0
52.0
51.0
52.0
52.0
51.0
52.0
0.0


53.0
52.0
53.0
53.0
54.0
55.0
59.0
57.0
59.0
60.0
62.0
61.0
63.0
63.0
65.0
65.0
68.0
63.0
101.0
158.0
142.0
154.0
152.0
157.0
159.0
151.0
146.0
148.0
158.0
166.0
172.0
180.0
190.0
197.0
208.0
202.0
244.0
155.0
70.0
74.0
74.0
71.0
70.0
66.0
62.0
60.0
59.0
58.0
56.0
57.0
56.0
54.0
52.0
54.0
53.0
50.0
50.0
53.0
51.0
50.0
0.0


53.0
53.0
54.0
54.0
55.0
55.0
57.0
59.0
58.0
59.0
60.0
61.0
64.0
65.0
64.0
66.0
69.0
67.0
76.0
155.0
159.0
159.0
163.0
165.0
159.0
158.0
162.0
155.0
157.0
172.0
184.0
195.0
205.0
208.0
216.0
208.0
246.0
173.0
80.0
73.0
73.0
71.0
69.0
64.0
61.0
60.0
60.0
56.0
56.0
57.0
55.0
54.0
53.0
53.0
53.0
53.0
52.0
53.0
53.0
50.0
0.0


53.0
54.0
53.0
54.0
54.0
54.0
55.0
57.0
58.0
59.0
60.0
62.0
63.0
65.0
65.0
66.0
69.0
73.0
65.0
115.0
190.0
174.0
180.0
177.0
174.0
173.0
179.0
177.0
175.0
177.0
186.0
201.0
211.0
221.0
226.0
223.0
229.0
226.0
98.0
72.0
74.0
71.0
69.0
66.0
61.0
59.0
60.0
59.0
56.0
55.0
55.0
54.0
53.0
53.0
53.0
53.0
52.0
52.0
51.0
51.0
0.0


0.0
0.0
0.0
0.0
0.0
0.0
0.0
0.0
0.0
0.0
0.0
0.0
0.0
0.0
0.0
0.0
0.0
0.0
0.0
0.0
0.0
0.0
0.0
0.0
0.0
0.0
0.0
0.0
0.0
0.0
0.0
0.0
0.0
0.0
0.0
0.0
0.0
0.0
0.0
0.0
0.0
0.0
0.0
0.0
0.0
0.0
0.0
0.0
0.0
0.0
0.0
0.0
0.0
0.0
0.0
0.0
0.0
0.0
0.0
0.0
0.0


