51.0
52.0
49.0
49.0
50.0
50.0
50.0
50.0
49.0
51.0
51.0
50.0
53.0
53.0
52.0
52.0
52.0
53.0
53.0
53.0
53.0
53.0
53.0
54.0
54.0
54.0
54.0
53.0
54.0
55.0
54.0
54.0
54.0
50.0
101.0
136.0
126.0
162.0
79.0
44.0
56.0
53.0
54.0
53.0
53.0
55.0
55.0
53.0
53.0
54.0
55.0
53.0
53.0
53.0
53.0
52.0
50.0
49.0
49.0
50.0
0.0


50.0
52.0
51.0
50.0
49.0
50.0
50.0
50.0
50.0
51.0
51.0
51.0
52.0
52.0
52.0
51.0
52.0
53.0
52.0
52.0
53.0
53.0
53.0
53.0
53.0
54.0
54.0
53.0
54.0
55.0
53.0
53.0
55.0
49.0
93.0
142.0
129.0
162.0
97.0
45.0
55.0
53.0
53.0
53.0
53.0
53.0
54.0
54.0
53.0
54.0
53.0
53.0
54.0
53.0
52.0
51.0
50.0
50.0
49.0
50.0
0.0


51.0
50.0
52.0
49.0
49.0
50.0
50.0
49.0
51.0
50.0
50.0
50.0
51.0
51.0
52.0
51.0
52.0
52.0
52.0
51.0
52.0
54.0
53.0
53.0
53.0
53.0
53.0
54.0
53.0
52.0
53.0
52.0
54.0
49.0
93.0
137.0
124.0
156.0
120.0
49.0
53.0
53.0
53.0
53.0
53.0
53.0
54.0
53.0
55.0
54.0
53.0
54.0
53.0
52.0
52.0
50.0
50.0
48.0
49.0
50.0
0.0


51.0
51.0
51.0
51.0
50.0
48.0
50.0
49.0
50.0
51.0
51.0
51.0
51.0
52.0
53.0
52.0
52.0
52.0
52.0
52.0
54.0
53.0
53.0
53.0
53.0
53.0
53.0
54.0
54.0
53.0
54.0
53.0
55.0
51.0
96.0
131.0
125.0
149.0
142.0
55.0
49.0
54.0
53.0
53.0
53.0
53.0
53.0
54.0
53.0
54.0
54.0
53.0
52.0
52.0
52.0
49.0
50.0
48.0
49.0
50.0
0.0


52.0
51.0
51.0
51.0
50.0
49.0
50.0
50.0
50.0
51.0
52.0
51.0
51.0
53.0
52.0
53.0
52.0
52.0
52.0
53.0
53.0
54.0
53.0
52.0
53.0
54.0
53.0
54.0
53.0
55.0
54.0
53.0
53.0
51.0
98.0
128.0
128.0
144.0
155.0
64.0
47.0
56.0
54.0
52.0
53.0
54.0
53.0
53.0
53.0
54.0
52.0
51.0
51.0
51.0
51.0
51.0
50.0
50.0
49.0
50.0
0.0


52.0
51.0
50.0
51.0
51.0
51.0
51.0
50.0
50.0
50.0
50.0
51.0
51.0
52.0
52.0
52.0
52.0
52.0
53.0
52.0
52.0
53.0
53.0
53.0
53.0
53.0
54.0
53.0
53.0
54.0
54.0
53.0
54.0
52.0
101.0
136.0
132.0
146.0
166.0
71.0
47.0
55.0
52.0
53.0
53.0
53.0
52.0
53.0
53.0
53.0
51.0
52.0
51.0
52.0
51.0
52.0
51.0
51.0
49.0
50.0
0.0


51.0
51.0
50.0
50.0
51.0
52.0
51.0
50.0
51.0
50.0
50.0
50.0
52.0
53.0
52.0
53.0
51.0
52.0
52.0
52.0
53.0
53.0
53.0
53.0
54.0
54.0
53.0
52.0
54.0
53.0
52.0
53.0
52.0
51.0
108.0
143.0
134.0
156.0
175.0
71.0
45.0
55.0
52.0
53.0
53.0
53.0
52.0
53.0
52.0
51.0
51.0
52.0
52.0
51.0
52.0
52.0
52.0
51.0
51.0
51.0
0.0


51.0
51.0
51.0
50.0
51.0
52.0
51.0
51.0
50.0
50.0
50.0
51.0
51.0
52.0
52.0
52.0
51.0
53.0
51.0
51.0
52.0
53.0
53.0
52.0
53.0
53.0
54.0
54.0
53.0
53.0
53.0
53.0
52.0
50.0
109.0
136.0
134.0
157.0
177.0
71.0
46.0
56.0
53.0
52.0
52.0
53.0
52.0
51.0
52.0
51.0
51.0
51.0
52.0
52.0
53.0
52.0
51.0
52.0
52.0
52.0
0.0


51.0
51.0
51.0
50.0
51.0
51.0
52.0
51.0
50.0
51.0
50.0
51.0
51.0
52.0
51.0
52.0
52.0
52.0
52.0
52.0
52.0
52.0
52.0
52.0
53.0
52.0
53.0
53.0
51.0
52.0
52.0
54.0
52.0
52.0
110.0
135.0
138.0
159.0
178.0
75.0
47.0
55.0
52.0
54.0
52.0
52.0
52.0
51.0
51.0
52.0
51.0
51.0
52.0
53.0
53.0
53.0
52.0
53.0
52.0
52.0
0.0


51.0
51.0
50.0
50.0
50.0
51.0
51.0
51.0
50.0
50.0
50.0
50.0
50.0
54.0
51.0
51.0
51.0
51.0
53.0
53.0
51.0
52.0
53.0
52.0
52.0
53.0
53.0
52.0
51.0
51.0
52.0
53.0
51.0
53.0
111.0
133.0
139.0
157.0
181.0
79.0
46.0
56.0
53.0
53.0
52.0
51.0
52.0
51.0
52.0
51.0
51.0
52.0
52.0
51.0
52.0
53.0
53.0
53.0
53.0
52.0
0.0


51.0
51.0
50.0
50.0
50.0
51.0
51.0
51.0
50.0
50.0
50.0
50.0
52.0
54.0
52.0
51.0
51.0
52.0
51.0
51.0
51.0
51.0
52.0
51.0
52.0
53.0
52.0
50.0
53.0
52.0
52.0
50.0
50.0
57.0
119.0
136.0
143.0
157.0
188.0
87.0
46.0
55.0
52.0
53.0
53.0
52.0
52.0
52.0
52.0
51.0
52.0
52.0
52.0
52.0
52.0
52.0
52.0
53.0
54.0
54.0
0.0


51.0
51.0
51.0
51.0
51.0
51.0
51.0
51.0
50.0
51.0
50.0
49.0
51.0
53.0
51.0
52.0
51.0
51.0
52.0
51.0
50.0
50.0
50.0
50.0
51.0
52.0
50.0
50.0
51.0
51.0
51.0
51.0
48.0
61.0
125.0
137.0
149.0
159.0
193.0
88.0
47.0
56.0
53.0
53.0
52.0
52.0
52.0
52.0
51.0
52.0
53.0
52.0
53.0
53.0
52.0
52.0
53.0
53.0
52.0
53.0
0.0


51.0
51.0
51.0
50.0
50.0
51.0
51.0
51.0
51.0
51.0
51.0
51.0
52.0
51.0
49.0
50.0
50.0
51.0
50.0
49.0
49.0
49.0
49.0
49.0
50.0
50.0
50.0
50.0
51.0
50.0
51.0
51.0
47.0
68.0
132.0
148.0
154.0
155.0
196.0
91.0
45.0
57.0
54.0
53.0
53.0
52.0
52.0
52.0
52.0
52.0
52.0
52.0
53.0
53.0
53.0
52.0
53.0
53.0
53.0
54.0
0.0


50.0
51.0
51.0
50.0
50.0
51.0
50.0
50.0
52.0
51.0
52.0
52.0
53.0
52.0
50.0
50.0
51.0
50.0
50.0
48.0
49.0
50.0
50.0
49.0
50.0
51.0
51.0
50.0
50.0
52.0
53.0
52.0
46.0
76.0
156.0
158.0
159.0
161.0
197.0
92.0
47.0
57.0
53.0
53.0
53.0
53.0
52.0
52.0
52.0
52.0
52.0
52.0
53.0
53.0
53.0
52.0
52.0
53.0
53.0
53.0
0.0


51.0
51.0
51.0
50.0
50.0
50.0
50.0
50.0
51.0
52.0
51.0
51.0
51.0
51.0
51.0
50.0
51.0
51.0
51.0
50.0
51.0
50.0
50.0
50.0
50.0
52.0
52.0
49.0
52.0
53.0
52.0
51.0
46.0
79.0
151.0
148.0
144.0
164.0
209.0
88.0
47.0
56.0
53.0
53.0
53.0
53.0
52.0
52.0
52.0
52.0
52.0
51.0
53.0
54.0
52.0
52.0
53.0
52.0
52.0
52.0
0.0


50.0
51.0
50.0
50.0
50.0
50.0
50.0
50.0
51.0
51.0
50.0
50.0
51.0
50.0
50.0
49.0
51.0
50.0
50.0
50.0
50.0
50.0
50.0
50.0
50.0
52.0
52.0
53.0
54.0
53.0
54.0
53.0
49.0
82.0
126.0
125.0
126.0
153.0
191.0
78.0
48.0
58.0
53.0
54.0
54.0
53.0
52.0
52.0
52.0
53.0
52.0
51.0
52.0
54.0
52.0
52.0
53.0
52.0
52.0
53.0
0.0


50.0
50.0
50.0
51.0
50.0
50.0
50.0
50.0
50.0
50.0
50.0
50.0
50.0
50.0
50.0
50.0
50.0
50.0
50.0
50.0
51.0
51.0
50.0
51.0
51.0
53.0
54.0
53.0
52.0
54.0
54.0
53.0
50.0
85.0
116.0
114.0
123.0
158.0
175.0
69.0
50.0
56.0
54.0
53.0
54.0
54.0
52.0
52.0
52.0
52.0
52.0
51.0
53.0
54.0
52.0
51.0
51.0
53.0
53.0
52.0
0.0


49.0
50.0
50.0
50.0
50.0
50.0
50.0
50.0
50.0
51.0
51.0
51.0
50.0
50.0
50.0
50.0
50.0
50.0
50.0
50.0
51.0
51.0
51.0
51.0
52.0
53.0
53.0
52.0
53.0
53.0
54.0
52.0
51.0
90.0
113.0
117.0
133.0
166.0
165.0
63.0
50.0
56.0
54.0
54.0
53.0
54.0
53.0
52.0
52.0
53.0
53.0
52.0
52.0
51.0
52.0
52.0
52.0
52.0
52.0
52.0
0.0


49.0
50.0
50.0
49.0
50.0
51.0
50.0
50.0
51.0
51.0
52.0
52.0
50.0
51.0
50.0
50.0
51.0
50.0
50.0
51.0
51.0
50.0
51.0
52.0
51.0
52.0
52.0
52.0
52.0
53.0
52.0
53.0
53.0
98.0
118.0
123.0
141.0
165.0
160.0
60.0
52.0
58.0
54.0
53.0
54.0
53.0
52.0
52.0
52.0
52.0
53.0
52.0
52.0
52.0
52.0
52.0
52.0
52.0
52.0
53.0
0.0


50.0
50.0
51.0
50.0
49.0
49.0
51.0
50.0
50.0
51.0
51.0
51.0
52.0
52.0
51.0
51.0
50.0
50.0
50.0
50.0
50.0
50.0
51.0
51.0
51.0
53.0
54.0
52.0
53.0
54.0
52.0
53.0
54.0
103.0
119.0
127.0
141.0
166.0
156.0
58.0
54.0
58.0
55.0
54.0
55.0
53.0
52.0
52.0
52.0
51.0
52.0
51.0
52.0
52.0
52.0
52.0
52.0
53.0
52.0
52.0
0.0


50.0
50.0
50.0
49.0
49.0
50.0
49.0
50.0
50.0
51.0
51.0
51.0
53.0
54.0
55.0
52.0
53.0
53.0
50.0
50.0
52.0
54.0
53.0
50.0
52.0
49.0
44.0
45.0
45.0
49.0
55.0
51.0
56.0
104.0
122.0
133.0
140.0
168.0
145.0
55.0
55.0
55.0
55.0
54.0
54.0
53.0
52.0
52.0
52.0
52.0
52.0
52.0
50.0
51.0
52.0
51.0
51.0
53.0
53.0
52.0
0.0


49.0
50.0
49.0
49.0
49.0
50.0
49.0
50.0
50.0
51.0
51.0
50.0
52.0
49.0
45.0
45.0
44.0
50.0
52.0
51.0
47.0
44.0
47.0
54.0
48.0
55.0
94.0
111.0
101.0
59.0
47.0
53.0
59.0
117.0
132.0
136.0
138.0
172.0
136.0
53.0
57.0
56.0
55.0
54.0
53.0
53.0
52.0
51.0
52.0
52.0
53.0
52.0
52.0
51.0
51.0
51.0
50.0
52.0
54.0
51.0
0.0


49.0
49.0
49.0
48.0
50.0
50.0
50.0
50.0
49.0
50.0
51.0
51.0
45.0
56.0
84.0
112.0
95.0
51.0
47.0
45.0
54.0
77.0
64.0
41.0
51.0
125.0
186.0
177.0
193.0
157.0
61.0
47.0
60.0
120.0
137.0
135.0
141.0
179.0
126.0
49.0
58.0
57.0
54.0
54.0
54.0
52.0
52.0
52.0
53.0
52.0
51.0
52.0
52.0
51.0
51.0
51.0
51.0
51.0
51.0
51.0
0.0


50.0
49.0
49.0
49.0
49.0
49.0
50.0
49.0
49.0
51.0
52.0
47.0
82.0
136.0
157.0
163.0
181.0
140.0
52.0
68.0
155.0
168.0
179.0
81.0
75.0
197.0
154.0
154.0
155.0
228.0
105.0
40.0
78.0
131.0
136.0
137.0
147.0
183.0
122.0
49.0
58.0
57.0
56.0
53.0
53.0
53.0
52.0
51.0
51.0
51.0
51.0
51.0
51.0
52.0
53.0
51.0
52.0
51.0
51.0
51.0
0.0


50.0
49.0
48.0
49.0
49.0
48.0
50.0
49.0
49.0
52.0
45.0
62.0
146.0
153.0
138.0
141.0
141.0
120.0
109.0
149.0
169.0
147.0
164.0
167.0
128.0
167.0
156.0
159.0
159.0
201.0
140.0
56.0
91.0
124.0
122.0
124.0
137.0
178.0
126.0
51.0
60.0
57.0
55.0
53.0
52.0
51.0
52.0
51.0
50.0
51.0
51.0
50.0
51.0
51.0
52.0
51.0
50.0
51.0
51.0
50.0
0.0


49.0
48.0
48.0
49.0
50.0
49.0
50.0
49.0
49.0
53.0
44.0
70.0
160.0
165.0
156.0
147.0
128.0
85.0
81.0
105.0
148.0
156.0
150.0
155.0
180.0
158.0
150.0
158.0
168.0
130.0
112.0
115.0
103.0
118.0
115.0
119.0
124.0
155.0
139.0
56.0
57.0
58.0
54.0
53.0
53.0
52.0
52.0
51.0
50.0
52.0
51.0
50.0
51.0
51.0
51.0
51.0
50.0
50.0
51.0
52.0
0.0


49.0
48.0
49.0
49.0
49.0
49.0
49.0
49.0
49.0
51.0
46.0
55.0
149.0
173.0
172.0
167.0
142.0
114.0
85.0
93.0
153.0
165.0
148.0
146.0
171.0
170.0
147.0
156.0
143.0
91.0
120.0
154.0
131.0
122.0
120.0
122.0
121.0
157.0
152.0
60.0
57.0
58.0
54.0
54.0
54.0
54.0
52.0
51.0
50.0
51.0
51.0
49.0
51.0
52.0
51.0
50.0
51.0
51.0
51.0
50.0
0.0


49.0
49.0
49.0
49.0
48.0
49.0
49.0
49.0
49.0
49.0
50.0
44.0
117.0
188.0
191.0
214.0
186.0
138.0
149.0
186.0
211.0
174.0
151.0
146.0
154.0
177.0
149.0
153.0
127.0
114.0
153.0
152.0
155.0
132.0
126.0
128.0
124.0
163.0
160.0
64.0
55.0
58.0
55.0
54.0
53.0
53.0
51.0
51.0
51.0
50.0
50.0
50.0
51.0
50.0
50.0
50.0
51.0
50.0
51.0
51.0
0.0


49.0
49.0
49.0
48.0
48.0
50.0
49.0
48.0
48.0
48.0
51.0
42.0
97.0
170.0
171.0
199.0
222.0
185.0
75.0
149.0
222.0
153.0
145.0
144.0
144.0
176.0
160.0
146.0
136.0
146.0
168.0
166.0
166.0
159.0
135.0
125.0
130.0
155.0
163.0
70.0
55.0
59.0
55.0
55.0
54.0
52.0
52.0
51.0
50.0
50.0
50.0
50.0
49.0
50.0
49.0
49.0
50.0
49.0
50.0
51.0
0.0


50.0
50.0
49.0
49.0
49.0
49.0
48.0
48.0
49.0
48.0
52.0
43.0
76.0
163.0
156.0
185.0
194.0
238.0
85.0
111.0
205.0
137.0
140.0
145.0
145.0
166.0
176.0
147.0
148.0
169.0
183.0
181.0
172.0
194.0
166.0
125.0
135.0
143.0
162.0
74.0
54.0
59.0
55.0
54.0
54.0
52.0
51.0
50.0
50.0
50.0
49.0
48.0
48.0
50.0
49.0
50.0
50.0
50.0
50.0
49.0
0.0


50.0
49.0
50.0
48.0
49.0
48.0
48.0
49.0
48.0
48.0
50.0
45.0
58.0
148.0
154.0
175.0
198.0
219.0
182.0
164.0
209.0
149.0
138.0
147.0
154.0
162.0
184.0
160.0
157.0
171.0
191.0
190.0
192.0
217.0
201.0
155.0
142.0
152.0
170.0
72.0
53.0
60.0
55.0
54.0
53.0
52.0
51.0
50.0
49.0
49.0
50.0
48.0
49.0
49.0
49.0
49.0
50.0
49.0
49.0
49.0
0.0


49.0
49.0
50.0
49.0
48.0
48.0
48.0
48.0
48.0
49.0
48.0
48.0
48.0
124.0
155.0
165.0
189.0
195.0
175.0
176.0
187.0
172.0
146.0
149.0
160.0
167.0
184.0
179.0
171.0
169.0
184.0
199.0
216.0
213.0
203.0
202.0
140.0
141.0
175.0
76.0
53.0
60.0
57.0
54.0
53.0
54.0
49.0
50.0
50.0
50.0
50.0
50.0
50.0
49.0
49.0
51.0
50.0
49.0
49.0
50.0
0.0


49.0
49.0
50.0
49.0
49.0
49.0
48.0
49.0
49.0
48.0
49.0
49.0
42.0
105.0
153.0
155.0
163.0
150.0
145.0
146.0
157.0
176.0
160.0
155.0
159.0
165.0
174.0
191.0
182.0
174.0
182.0
204.0
208.0
206.0
203.0
221.0
145.0
147.0
174.0
86.0
53.0
59.0
55.0
54.0
52.0
60.0
60.0
51.0
51.0
50.0
51.0
51.0
51.0
50.0
50.0
51.0
50.0
52.0
51.0
50.0
0.0


50.0
50.0
49.0
49.0
49.0
48.0
49.0
49.0
48.0
48.0
48.0
50.0
41.0
86.0
153.0
137.0
131.0
135.0
150.0
159.0
169.0
189.0
177.0
160.0
157.0
155.0
167.0
186.0
189.0
185.0
182.0
204.0
211.0
214.0
210.0
214.0
191.0
157.0
177.0
91.0
52.0
60.0
55.0
55.0
53.0
53.0
55.0
51.0
50.0
51.0
50.0
50.0
50.0
50.0
51.0
51.0
51.0
52.0
51.0
50.0
0.0


50.0
49.0
49.0
49.0
48.0
48.0
49.0
49.0
48.0
49.0
49.0
49.0
44.0
74.0
134.0
124.0
137.0
150.0
162.0
172.0
182.0
199.0
198.0
162.0
166.0
156.0
170.0
196.0
192.0
188.0
190.0
198.0
215.0
221.0
222.0
220.0
215.0
158.0
177.0
99.0
51.0
60.0
55.0
55.0
54.0
52.0
51.0
51.0
52.0
51.0
50.0
51.0
51.0
51.0
51.0
52.0
52.0
51.0
51.0
51.0
0.0


49.0
50.0
48.0
48.0
49.0
49.0
49.0
48.0
48.0
49.0
48.0
50.0
45.0
65.0
139.0
134.0
143.0
146.0
154.0
167.0
179.0
189.0
203.0
178.0
176.0
162.0
129.0
161.0
205.0
191.0
199.0
192.0
211.0
219.0
224.0
223.0
229.0
163.0
173.0
114.0
53.0
59.0
56.0
55.0
54.0
53.0
51.0
51.0
51.0
51.0
51.0
51.0
51.0
51.0
51.0
51.0
51.0
51.0
51.0
52.0
0.0


50.0
49.0
49.0
49.0
48.0
49.0
49.0
49.0
49.0
48.0
50.0
50.0
48.0
52.0
132.0
140.0
132.0
137.0
149.0
162.0
177.0
192.0
207.0
200.0
180.0
150.0
98.0
116.0
175.0
216.0
213.0
201.0
196.0
218.0
219.0
223.0
227.0
187.0
182.0
124.0
55.0
61.0
56.0
55.0
54.0
52.0
52.0
52.0
51.0
51.0
52.0
52.0
50.0
51.0
51.0
51.0
51.0
52.0
51.0
52.0
0.0


49.0
49.0
50.0
49.0
48.0
49.0
49.0
49.0
48.0
48.0
50.0
50.0
49.0
47.0
110.0
136.0
123.0
130.0
149.0
169.0
178.0
183.0
188.0
184.0
179.0
150.0
109.0
101.0
145.0
172.0
162.0
208.0
195.0
207.0
220.0
224.0
219.0
205.0
212.0
134.0
57.0
58.0
56.0
55.0
54.0
53.0
53.0
52.0
51.0
50.0
51.0
52.0
50.0
51.0
51.0
52.0
52.0
51.0
52.0
51.0
0.0


49.0
49.0
50.0
50.0
49.0
50.0
49.0
49.0
49.0
50.0
50.0
49.0
51.0
46.0
88.0
139.0
131.0
145.0
149.0
145.0
146.0
156.0
166.0
177.0
191.0
156.0
125.0
108.0
125.0
158.0
143.0
174.0
207.0
197.0
217.0
221.0
219.0
207.0
229.0
144.0
58.0
59.0
58.0
55.0
54.0
53.0
52.0
52.0
52.0
51.0
52.0
51.0
51.0
51.0
51.0
51.0
52.0
52.0
52.0
51.0
0.0


50.0
49.0
50.0
49.0
50.0
50.0
50.0
50.0
50.0
50.0
50.0
50.0
51.0
48.0
73.0
142.0
133.0
125.0
117.0
122.0
134.0
150.0
166.0
181.0
199.0
167.0
129.0
114.0
120.0
170.0
144.0
151.0
199.0
203.0
209.0
215.0
218.0
208.0
221.0
190.0
76.0
55.0
59.0
56.0
55.0
53.0
52.0
51.0
52.0
52.0
52.0
51.0
51.0
51.0
52.0
51.0
52.0
51.0
52.0
52.0
0.0


49.0
50.0
49.0
49.0
50.0
50.0
49.0
50.0
50.0
50.0
49.0
50.0
51.0
48.0
59.0
128.0
120.0
109.0
113.0
118.0
129.0
147.0
168.0
179.0
175.0
178.0
152.0
140.0
152.0
178.0
145.0
139.0
180.0
203.0
201.0
216.0
217.0
213.0
204.0
243.0
95.0
52.0
60.0
55.0
54.0
53.0
52.0
52.0
52.0
52.0
51.0
51.0
52.0
52.0
51.0
52.0
52.0
51.0
52.0
53.0
0.0


49.0
50.0
49.0
49.0
50.0
50.0
49.0
50.0
50.0
49.0
49.0
50.0
50.0
50.0
52.0
111.0
126.0
115.0
114.0
112.0
120.0
138.0
157.0
161.0
164.0
179.0
176.0
166.0
173.0
165.0
146.0
145.0
186.0
194.0
195.0
211.0
211.0
210.0
203.0
246.0
99.0
53.0
60.0
54.0
54.0
52.0
53.0
52.0
51.0
51.0
51.0
52.0
52.0
51.0
51.0
52.0
52.0
52.0
51.0
53.0
0.0


50.0
50.0
50.0
49.0
50.0
49.0
49.0
50.0
50.0
50.0
50.0
50.0
51.0
51.0
49.0
95.0
130.0
114.0
116.0
112.0
113.0
128.0
139.0
144.0
159.0
171.0
163.0
155.0
161.0
153.0
151.0
157.0
185.0
188.0
196.0
209.0
209.0
206.0
204.0
246.0
94.0
52.0
60.0
56.0
54.0
53.0
53.0
53.0
51.0
51.0
52.0
50.0
52.0
52.0
51.0
50.0
51.0
52.0
52.0
52.0
0.0


50.0
50.0
50.0
49.0
49.0
49.0
50.0
50.0
50.0
51.0
52.0
52.0
52.0
53.0
48.0
82.0
135.0
117.0
116.0
110.0
110.0
119.0
129.0
140.0
154.0
162.0
147.0
146.0
151.0
143.0
149.0
158.0
159.0
186.0
187.0
206.0
213.0
206.0
208.0
242.0
93.0
53.0
59.0
55.0
54.0
53.0
52.0
52.0
51.0
51.0
52.0
51.0
51.0
52.0
51.0
51.0
51.0
51.0
51.0
52.0
0.0


50.0
49.0
50.0
49.0
49.0
49.0
51.0
51.0
50.0
51.0
51.0
52.0
52.0
54.0
49.0
70.0
135.0
120.0
115.0
111.0
106.0
111.0
126.0
139.0
150.0
149.0
135.0
147.0
145.0
141.0
147.0
158.0
151.0
162.0
189.0
193.0
204.0
210.0
213.0
219.0
88.0
53.0
60.0
55.0
54.0
55.0
53.0
52.0
51.0
53.0
51.0
52.0
52.0
51.0
51.0
51.0
51.0
52.0
51.0
51.0
0.0


50.0
50.0
50.0
51.0
50.0
50.0
51.0
51.0
50.0
51.0
52.0
53.0
53.0
55.0
51.0
59.0
128.0
131.0
118.0
113.0
106.0
111.0
127.0
134.0
143.0
136.0
133.0
150.0
136.0
141.0
145.0
150.0
157.0
154.0
168.0
204.0
210.0
211.0
215.0
211.0
84.0
54.0
60.0
55.0
54.0
54.0
53.0
52.0
52.0
51.0
51.0
51.0
51.0
52.0
50.0
51.0
49.0
50.0
51.0
50.0
0.0


50.0
51.0
50.0
50.0
51.0
52.0
51.0
52.0
51.0
51.0
53.0
53.0
55.0
57.0
57.0
51.0
107.0
145.0
120.0
117.0
111.0
117.0
123.0
125.0
138.0
122.0
136.0
147.0
128.0
137.0
143.0
147.0
153.0
166.0
171.0
182.0
208.0
213.0
219.0
201.0
81.0
56.0
60.0
56.0
55.0
54.0
54.0
52.0
51.0
51.0
52.0
51.0
51.0
51.0
51.0
51.0
49.0
49.0
49.0
48.0
0.0


50.0
50.0
50.0
50.0
51.0
52.0
51.0
51.0
50.0
50.0
54.0
55.0
55.0
56.0
59.0
49.0
83.0
152.0
130.0
122.0
117.0
119.0
118.0
120.0
133.0
116.0
144.0
140.0
128.0
135.0
144.0
148.0
154.0
162.0
179.0
198.0
205.0
206.0
219.0
189.0
75.0
56.0
62.0
57.0
56.0
55.0
54.0
53.0
52.0
52.0
51.0
50.0
51.0
52.0
50.0
50.0
50.0
49.0
49.0
50.0
0.0


50.0
51.0
51.0
50.0
51.0
51.0
51.0
53.0
52.0
52.0
53.0
54.0
56.0
57.0
59.0
54.0
62.0
139.0
143.0
128.0
126.0
123.0
118.0
117.0
123.0
116.0
145.0
135.0
132.0
138.0
143.0
152.0
163.0
170.0
184.0
202.0
217.0
207.0
236.0
163.0
66.0
62.0
61.0
58.0
58.0
56.0
56.0
54.0
55.0
53.0
52.0
52.0
51.0
50.0
49.0
49.0
51.0
50.0
50.0
50.0
0.0


53.0
53.0
52.0
52.0
50.0
52.0
52.0
52.0
53.0
53.0
55.0
56.0
56.0
57.0
57.0
59.0
51.0
105.0
156.0
131.0
133.0
128.0
117.0
117.0
116.0
117.0
147.0
135.0
135.0
141.0
150.0
160.0
172.0
181.0
194.0
206.0
208.0
204.0
247.0
127.0
61.0
66.0
62.0
60.0
58.0
57.0
56.0
54.0
54.0
54.0
52.0
52.0
51.0
51.0
51.0
52.0
50.0
50.0
51.0
49.0
0.0


52.0
51.0
51.0
52.0
51.0
52.0
53.0
53.0
52.0
53.0
55.0
56.0
56.0
58.0
59.0
61.0
56.0
71.0
154.0
139.0
134.0
129.0
118.0
118.0
112.0
114.0
147.0
141.0
141.0
149.0
161.0
169.0
175.0
188.0
199.0
210.0
209.0
206.0
231.0
93.0
60.0
68.0
62.0
61.0
61.0
59.0
57.0
55.0
54.0
54.0
52.0
51.0
50.0
51.0
52.0
52.0
49.0
51.0
50.0
50.0
0.0


51.0
52.0
52.0
51.0
51.0
51.0
52.0
53.0
52.0
54.0
55.0
56.0
58.0
60.0
60.0
60.0
62.0
55.0
109.0
159.0
135.0
133.0
126.0
126.0
119.0
121.0
145.0
151.0
148.0
160.0
165.0
177.0
182.0
192.0
203.0
212.0
207.0
225.0
168.0
68.0
66.0
66.0
63.0
61.0
60.0
60.0
58.0
55.0
54.0
54.0
53.0
52.0
53.0
52.0
51.0
51.0
51.0
51.0
50.0
51.0
0.0


52.0
51.0
52.0
53.0
51.0
51.0
52.0
52.0
51.0
54.0
56.0
55.0
58.0
60.0
60.0
60.0
62.0
60.0
67.0
143.0
149.0
138.0
136.0
136.0
130.0
133.0
143.0
155.0
157.0
169.0
176.0
186.0
201.0
205.0
210.0
214.0
204.0
245.0
134.0
63.0
69.0
65.0
64.0
61.0
61.0
59.0
58.0
56.0
55.0
55.0
54.0
54.0
52.0
52.0
53.0
52.0
52.0
53.0
54.0
54.0
0.0


52.0
52.0
52.0
51.0
51.0
53.0
52.0
51.0
53.0
54.0
56.0
57.0
58.0
61.0
61.0
61.0
62.0
67.0
60.0
94.0
165.0
140.0
140.0
141.0
143.0
145.0
147.0
155.0
160.0
172.0
188.0
195.0
203.0
208.0
213.0
218.0
207.0
243.0
147.0
69.0
68.0
66.0
62.0
63.0
60.0
60.0
58.0
57.0
58.0
57.0
55.0
55.0
53.0
54.0
54.0
54.0
55.0
55.0
54.0
55.0
0.0


51.0
53.0
52.0
52.0
51.0
52.0
52.0
52.0
53.0
54.0
56.0
58.0
59.0
61.0
61.0
62.0
64.0
67.0
69.0
66.0
132.0
154.0
142.0
149.0
153.0
157.0
155.0
162.0
162.0
169.0
184.0
195.0
204.0
209.0
212.0
218.0
217.0
223.0
189.0
82.0
67.0
69.0
64.0
63.0
63.0
61.0
58.0
57.0
56.0
57.0
56.0
54.0
54.0
55.0
55.0
54.0
54.0
54.0
55.0
55.0
0.0


52.0
51.0
52.0
54.0
53.0
52.0
53.0
53.0
53.0
54.0
56.0
58.0
59.0
61.0
61.0
63.0
65.0
68.0
70.0
64.0
88.0
170.0
156.0
160.0
164.0
167.0
166.0
175.0
181.0
176.0
181.0
191.0
197.0
209.0
219.0
223.0
219.0
212.0
224.0
108.0
65.0
69.0
64.0
63.0
65.0
61.0
58.0
58.0
58.0
58.0
56.0
55.0
55.0
55.0
54.0
54.0
55.0
55.0
55.0
55.0
0.0


53.0
52.0
51.0
51.0
53.0
53.0
53.0
53.0
51.0
54.0
57.0
58.0
58.0
61.0
62.0
64.0
66.0
68.0
69.0
72.0
67.0
126.0
190.0
173.0
183.0
187.0
187.0
185.0
183.0
185.0
188.0
192.0
196.0
206.0
215.0
220.0
220.0
209.0
241.0
141.0
67.0
69.0
65.0
63.0
62.0
61.0
60.0
59.0
58.0
58.0
56.0
56.0
55.0
55.0
55.0
55.0
55.0
55.0
55.0
54.0
0.0


51.0
52.0
52.0
53.0
52.0
53.0
52.0
54.0
52.0
53.0
56.0
57.0
59.0
61.0
64.0
65.0
66.0
68.0
69.0
73.0
70.0
75.0
153.0
199.0
196.0
201.0
199.0
192.0
193.0
193.0
194.0
198.0
202.0
209.0
214.0
216.0
218.0
209.0
223.0
186.0
83.0
63.0
66.0
63.0
61.0
60.0
60.0
58.0
57.0
57.0
56.0
56.0
56.0
56.0
57.0
56.0
55.0
56.0
56.0
56.0
0.0


52.0
52.0
52.0
52.0
52.0
53.0
53.0
54.0
53.0
53.0
55.0
57.0
60.0
61.0
62.0
64.0
66.0
69.0
68.0
70.0
75.0
68.0
91.0
184.0
193.0
198.0
195.0
193.0
196.0
195.0
191.0
197.0
200.0
208.0
212.0
212.0
215.0
213.0
204.0
240.0
113.0
64.0
65.0
62.0
62.0
61.0
60.0
58.0
58.0
57.0
56.0
57.0
57.0
57.0
56.0
55.0
55.0
56.0
56.0
56.0
0.0


52.0
53.0
53.0
52.0
52.0
53.0
53.0
52.0
53.0
53.0
55.0
57.0
59.0
61.0
63.0
64.0
66.0
68.0
70.0
71.0
73.0
77.0
70.0
128.0
194.0
184.0
190.0
185.0
188.0
190.0
189.0
193.0
192.0
200.0
211.0
211.0
213.0
213.0
201.0
241.0
148.0
70.0
67.0
64.0
63.0
62.0
60.0
59.0
58.0
57.0
58.0
58.0
57.0
56.0
57.0
56.0
55.0
56.0
56.0
55.0
0.0


0.0
0.0
0.0
0.0
0.0
0.0
0.0
0.0
0.0
0.0
0.0
0.0
0.0
0.0
0.0
0.0
0.0
0.0
0.0
0.0
0.0
0.0
0.0
0.0
0.0
0.0
0.0
0.0
0.0
0.0
0.0
0.0
0.0
0.0
0.0
0.0
0.0
0.0
0.0
0.0
0.0
0.0
0.0
0.0
0.0
0.0
0.0
0.0
0.0
0.0
0.0
0.0
0.0
0.0
0.0
0.0
0.0
0.0
0.0
0.0
0.0


