49.0
49.0
50.0
50.0
50.0
50.0
50.0
51.0
50.0
50.0
52.0
51.0
52.0
52.0
52.0
51.0
52.0
52.0
52.0
53.0
52.0
52.0
52.0
53.0
53.0
53.0
53.0
54.0
48.0
78.0
122.0
130.0
74.0
45.0
52.0
49.0
51.0
51.0
51.0
56.0
56.0
53.0
53.0
53.0
52.0
52.0
52.0
52.0
52.0
52.0
52.0
53.0
52.0
53.0
53.0
53.0
55.0
54.0
54.0
54.0
0.0


49.0
49.0
50.0
49.0
49.0
50.0
51.0
51.0
50.0
51.0
52.0
51.0
51.0
51.0
52.0
51.0
51.0
52.0
53.0
52.0
53.0
52.0
53.0
53.0
52.0
52.0
53.0
55.0
48.0
90.0
129.0
153.0
132.0
51.0
50.0
50.0
50.0
51.0
51.0
52.0
53.0
53.0
53.0
52.0
52.0
52.0
52.0
52.0
51.0
51.0
52.0
52.0
52.0
50.0
52.0
51.0
51.0
52.0
52.0
52.0
0.0


49.0
49.0
50.0
49.0
50.0
49.0
50.0
51.0
52.0
51.0
51.0
51.0
50.0
52.0
53.0
52.0
52.0
52.0
53.0
53.0
53.0
53.0
53.0
52.0
53.0
53.0
53.0
55.0
45.0
81.0
142.0
137.0
158.0
67.0
47.0
52.0
51.0
51.0
52.0
52.0
52.0
55.0
54.0
52.0
51.0
52.0
52.0
51.0
52.0
52.0
51.0
52.0
50.0
49.0
50.0
49.0
50.0
50.0
52.0
51.0
0.0


49.0
49.0
49.0
49.0
49.0
49.0
50.0
51.0
52.0
52.0
51.0
51.0
51.0
52.0
51.0
52.0
53.0
53.0
53.0
53.0
53.0
54.0
55.0
53.0
54.0
53.0
54.0
55.0
45.0
82.0
140.0
130.0
168.0
84.0
47.0
53.0
53.0
52.0
52.0
52.0
50.0
55.0
59.0
51.0
51.0
52.0
52.0
51.0
51.0
51.0
52.0
52.0
48.0
50.0
51.0
49.0
49.0
49.0
50.0
52.0
0.0


48.0
49.0
49.0
49.0
49.0
49.0
49.0
50.0
52.0
52.0
51.0
52.0
52.0
51.0
52.0
51.0
53.0
53.0
52.0
53.0
53.0
54.0
54.0
54.0
55.0
54.0
53.0
57.0
46.0
87.0
136.0
122.0
170.0
104.0
47.0
52.0
52.0
52.0
51.0
52.0
50.0
54.0
57.0
52.0
52.0
51.0
52.0
52.0
51.0
51.0
51.0
51.0
49.0
49.0
49.0
49.0
49.0
49.0
50.0
51.0
0.0


49.0
49.0
50.0
49.0
49.0
49.0
50.0
50.0
51.0
51.0
51.0
52.0
51.0
52.0
52.0
52.0
52.0
52.0
53.0
53.0
53.0
54.0
54.0
53.0
52.0
53.0
54.0
57.0
47.0
93.0
125.0
119.0
165.0
128.0
50.0
51.0
51.0
51.0
51.0
51.0
52.0
51.0
52.0
52.0
52.0
51.0
51.0
52.0
52.0
52.0
51.0
50.0
49.0
48.0
48.0
49.0
48.0
49.0
51.0
51.0
0.0


49.0
49.0
49.0
50.0
50.0
50.0
50.0
50.0
49.0
51.0
52.0
51.0
52.0
52.0
53.0
52.0
53.0
53.0
53.0
52.0
53.0
54.0
54.0
54.0
54.0
54.0
54.0
55.0
46.0
94.0
129.0
125.0
162.0
148.0
55.0
49.0
51.0
51.0
51.0
51.0
51.0
52.0
52.0
52.0
53.0
53.0
52.0
52.0
52.0
52.0
51.0
50.0
49.0
48.0
49.0
49.0
49.0
49.0
51.0
50.0
0.0


49.0
49.0
49.0
49.0
50.0
50.0
50.0
50.0
50.0
51.0
50.0
52.0
52.0
53.0
53.0
53.0
52.0
52.0
52.0
53.0
54.0
54.0
53.0
53.0
55.0
55.0
53.0
56.0
47.0
97.0
147.0
134.0
167.0
154.0
56.0
49.0
51.0
51.0
50.0
51.0
50.0
51.0
52.0
52.0
51.0
52.0
52.0
52.0
51.0
51.0
52.0
50.0
49.0
49.0
49.0
49.0
49.0
50.0
50.0
51.0
0.0


49.0
50.0
50.0
49.0
50.0
50.0
50.0
50.0
51.0
51.0
51.0
51.0
51.0
52.0
52.0
52.0
53.0
53.0
53.0
53.0
53.0
53.0
54.0
54.0
54.0
54.0
54.0
55.0
48.0
108.0
141.0
131.0
163.0
154.0
55.0
50.0
51.0
51.0
51.0
51.0
51.0
51.0
51.0
53.0
51.0
51.0
52.0
51.0
51.0
51.0
51.0
50.0
49.0
49.0
50.0
49.0
50.0
51.0
52.0
52.0
0.0


50.0
50.0
49.0
50.0
50.0
50.0
50.0
49.0
51.0
51.0
51.0
52.0
51.0
52.0
52.0
52.0
52.0
53.0
53.0
53.0
53.0
53.0
54.0
54.0
54.0
53.0
55.0
53.0
51.0
120.0
129.0
132.0
171.0
150.0
53.0
52.0
53.0
52.0
51.0
51.0
51.0
51.0
52.0
52.0
52.0
52.0
51.0
50.0
50.0
50.0
50.0
51.0
50.0
49.0
49.0
50.0
51.0
51.0
53.0
53.0
0.0


51.0
51.0
50.0
50.0
50.0
50.0
50.0
51.0
49.0
51.0
52.0
52.0
51.0
52.0
52.0
52.0
53.0
54.0
54.0
53.0
53.0
53.0
54.0
53.0
53.0
54.0
55.0
51.0
55.0
124.0
125.0
137.0
171.0
145.0
53.0
53.0
53.0
52.0
52.0
51.0
50.0
51.0
51.0
51.0
51.0
50.0
50.0
50.0
51.0
50.0
51.0
51.0
50.0
50.0
50.0
51.0
50.0
51.0
54.0
53.0
0.0


50.0
51.0
51.0
50.0
50.0
50.0
50.0
50.0
50.0
50.0
52.0
51.0
51.0
51.0
52.0
53.0
53.0
53.0
54.0
53.0
53.0
52.0
53.0
53.0
53.0
52.0
56.0
48.0
62.0
126.0
126.0
139.0
174.0
142.0
54.0
51.0
52.0
52.0
52.0
52.0
50.0
51.0
51.0
51.0
50.0
49.0
50.0
49.0
50.0
51.0
51.0
51.0
50.0
50.0
50.0
50.0
51.0
53.0
53.0
53.0
0.0


50.0
50.0
51.0
51.0
51.0
50.0
51.0
51.0
51.0
50.0
51.0
51.0
51.0
51.0
51.0
53.0
52.0
52.0
53.0
52.0
52.0
53.0
53.0
53.0
53.0
52.0
56.0
46.0
76.0
128.0
127.0
148.0
183.0
141.0
53.0
54.0
54.0
52.0
51.0
51.0
51.0
51.0
50.0
50.0
50.0
50.0
50.0
48.0
50.0
51.0
51.0
52.0
51.0
51.0
51.0
52.0
52.0
53.0
52.0
54.0
0.0


50.0
50.0
51.0
51.0
50.0
50.0
50.0
51.0
50.0
52.0
52.0
51.0
51.0
51.0
51.0
52.0
52.0
51.0
53.0
52.0
53.0
53.0
52.0
53.0
52.0
53.0
54.0
47.0
99.0
123.0
132.0
160.0
185.0
137.0
53.0
54.0
54.0
52.0
51.0
51.0
50.0
50.0
50.0
50.0
50.0
50.0
50.0
50.0
52.0
50.0
51.0
51.0
52.0
53.0
52.0
52.0
52.0
52.0
53.0
53.0
0.0


51.0
50.0
49.0
51.0
51.0
51.0
50.0
50.0
50.0
52.0
53.0
51.0
51.0
51.0
51.0
52.0
52.0
52.0
53.0
52.0
52.0
52.0
53.0
53.0
51.0
54.0
51.0
53.0
120.0
138.0
154.0
166.0
192.0
131.0
52.0
55.0
54.0
52.0
51.0
50.0
50.0
50.0
50.0
50.0
49.0
49.0
49.0
51.0
52.0
50.0
50.0
52.0
52.0
52.0
52.0
52.0
53.0
52.0
53.0
54.0
0.0


51.0
51.0
51.0
52.0
51.0
50.0
51.0
51.0
50.0
53.0
51.0
52.0
52.0
52.0
51.0
51.0
50.0
52.0
52.0
52.0
52.0
53.0
52.0
52.0
52.0
53.0
49.0
54.0
119.0
133.0
155.0
152.0
193.0
125.0
51.0
56.0
54.0
52.0
51.0
51.0
50.0
50.0
49.0
50.0
50.0
50.0
50.0
49.0
51.0
51.0
51.0
51.0
51.0
51.0
52.0
51.0
52.0
52.0
53.0
54.0
0.0


51.0
50.0
51.0
51.0
51.0
51.0
51.0
50.0
52.0
52.0
51.0
51.0
50.0
51.0
51.0
50.0
50.0
50.0
50.0
51.0
52.0
52.0
51.0
51.0
52.0
53.0
48.0
56.0
112.0
109.0
135.0
135.0
176.0
114.0
52.0
56.0
54.0
52.0
51.0
51.0
50.0
50.0
50.0
50.0
50.0
51.0
51.0
51.0
50.0
51.0
51.0
51.0
51.0
52.0
52.0
51.0
52.0
52.0
52.0
52.0
0.0


51.0
51.0
51.0
51.0
51.0
52.0
52.0
51.0
53.0
51.0
50.0
50.0
50.0
51.0
50.0
50.0
50.0
50.0
50.0
50.0
50.0
50.0
51.0
52.0
51.0
53.0
48.0
66.0
119.0
103.0
123.0
129.0
177.0
101.0
51.0
56.0
54.0
52.0
50.0
49.0
51.0
50.0
51.0
51.0
50.0
50.0
51.0
51.0
50.0
51.0
51.0
52.0
52.0
51.0
51.0
51.0
52.0
51.0
52.0
53.0
0.0


50.0
51.0
51.0
51.0
50.0
51.0
52.0
52.0
52.0
51.0
50.0
50.0
50.0
50.0
51.0
49.0
49.0
49.0
49.0
49.0
51.0
51.0
51.0
52.0
51.0
54.0
47.0
72.0
121.0
102.0
123.0
133.0
183.0
93.0
50.0
57.0
54.0
52.0
52.0
50.0
50.0
51.0
51.0
50.0
50.0
50.0
50.0
50.0
50.0
50.0
51.0
51.0
51.0
50.0
51.0
51.0
51.0
53.0
52.0
53.0
0.0


50.0
51.0
51.0
51.0
51.0
51.0
51.0
52.0
51.0
51.0
50.0
50.0
51.0
50.0
50.0
51.0
49.0
49.0
52.0
50.0
49.0
51.0
52.0
52.0
52.0
56.0
51.0
78.0
120.0
110.0
130.0
141.0
182.0
87.0
52.0
58.0
54.0
53.0
52.0
50.0
51.0
51.0
50.0
50.0
50.0
51.0
50.0
50.0
50.0
50.0
51.0
51.0
50.0
51.0
51.0
51.0
50.0
51.0
52.0
52.0
0.0


51.0
50.0
51.0
51.0
51.0
51.0
52.0
51.0
51.0
51.0
51.0
50.0
50.0
50.0
51.0
51.0
50.0
52.0
52.0
52.0
51.0
52.0
53.0
53.0
55.0
53.0
43.0
73.0
117.0
113.0
132.0
146.0
177.0
80.0
53.0
57.0
55.0
53.0
51.0
50.0
50.0
50.0
50.0
50.0
50.0
52.0
50.0
50.0
50.0
51.0
50.0
50.0
50.0
49.0
51.0
50.0
49.0
50.0
52.0
51.0
0.0


51.0
50.0
51.0
52.0
50.0
52.0
51.0
51.0
51.0
51.0
51.0
50.0
50.0
50.0
50.0
52.0
52.0
51.0
51.0
52.0
52.0
52.0
53.0
55.0
49.0
59.0
79.0
106.0
118.0
114.0
141.0
154.0
173.0
75.0
54.0
60.0
55.0
53.0
51.0
52.0
50.0
49.0
52.0
50.0
50.0
51.0
51.0
51.0
51.0
50.0
51.0
50.0
50.0
50.0
50.0
51.0
50.0
51.0
52.0
52.0
0.0


50.0
51.0
51.0
51.0
51.0
51.0
51.0
51.0
52.0
51.0
52.0
51.0
51.0
51.0
50.0
51.0
51.0
51.0
52.0
52.0
52.0
53.0
56.0
48.0
66.0
138.0
189.0
200.0
166.0
137.0
145.0
158.0
166.0
68.0
51.0
57.0
56.0
53.0
53.0
51.0
51.0
51.0
50.0
51.0
50.0
49.0
50.0
50.0
50.0
50.0
50.0
50.0
50.0
51.0
51.0
51.0
51.0
51.0
51.0
52.0
0.0


49.0
50.0
51.0
51.0
51.0
51.0
52.0
52.0
52.0
52.0
51.0
52.0
51.0
51.0
53.0
51.0
51.0
52.0
52.0
52.0
54.0
57.0
50.0
58.0
139.0
162.0
170.0
176.0
189.0
175.0
150.0
171.0
166.0
77.0
80.0
69.0
54.0
56.0
52.0
52.0
51.0
52.0
51.0
50.0
50.0
50.0
50.0
50.0
50.0
50.0
51.0
50.0
50.0
50.0
50.0
50.0
50.0
51.0
51.0
51.0
0.0


50.0
50.0
51.0
49.0
51.0
53.0
52.0
52.0
52.0
53.0
53.0
52.0
51.0
52.0
53.0
51.0
51.0
52.0
52.0
54.0
48.0
46.0
46.0
109.0
175.0
159.0
171.0
169.0
179.0
182.0
158.0
171.0
153.0
104.0
120.0
100.0
52.0
55.0
53.0
52.0
50.0
50.0
51.0
50.0
51.0
50.0
50.0
50.0
50.0
50.0
49.0
49.0
49.0
50.0
51.0
50.0
50.0
51.0
52.0
52.0
0.0


50.0
50.0
50.0
51.0
51.0
50.0
50.0
51.0
51.0
52.0
52.0
51.0
51.0
51.0
52.0
51.0
51.0
52.0
52.0
45.0
68.0
105.0
117.0
153.0
167.0
164.0
160.0
167.0
173.0
180.0
156.0
146.0
134.0
108.0
121.0
121.0
56.0
53.0
54.0
51.0
50.0
51.0
51.0
51.0
49.0
50.0
51.0
50.0
49.0
49.0
49.0
50.0
49.0
48.0
50.0
50.0
51.0
52.0
52.0
53.0
0.0


50.0
50.0
51.0
51.0
51.0
50.0
50.0
51.0
51.0
51.0
51.0
52.0
51.0
52.0
52.0
51.0
52.0
53.0
45.0
78.0
157.0
184.0
199.0
181.0
184.0
164.0
152.0
162.0
164.0
171.0
166.0
134.0
127.0
125.0
157.0
148.0
61.0
52.0
52.0
51.0
50.0
50.0
50.0
49.0
51.0
51.0
50.0
50.0
50.0
50.0
50.0
50.0
49.0
49.0
50.0
50.0
50.0
51.0
50.0
51.0
0.0


49.0
49.0
50.0
50.0
50.0
51.0
51.0
52.0
52.0
52.0
52.0
51.0
51.0
51.0
52.0
52.0
55.0
47.0
73.0
163.0
160.0
162.0
176.0
178.0
201.0
180.0
147.0
151.0
161.0
164.0
169.0
139.0
132.0
146.0
181.0
168.0
66.0
51.0
53.0
50.0
51.0
49.0
50.0
49.0
50.0
50.0
50.0
50.0
50.0
50.0
51.0
49.0
48.0
49.0
50.0
50.0
49.0
51.0
51.0
52.0
0.0


48.0
49.0
50.0
51.0
50.0
50.0
52.0
51.0
51.0
52.0
52.0
51.0
52.0
50.0
50.0
54.0
43.0
55.0
137.0
171.0
164.0
178.0
180.0
177.0
181.0
199.0
155.0
144.0
156.0
161.0
170.0
157.0
144.0
163.0
184.0
208.0
95.0
45.0
54.0
51.0
50.0
50.0
49.0
49.0
49.0
48.0
50.0
50.0
49.0
50.0
49.0
49.0
49.0
49.0
49.0
49.0
50.0
51.0
51.0
52.0
0.0


50.0
50.0
50.0
50.0
50.0
50.0
51.0
51.0
51.0
52.0
51.0
51.0
51.0
52.0
53.0
48.0
71.0
116.0
165.0
176.0
169.0
170.0
172.0
171.0
167.0
189.0
178.0
144.0
147.0
160.0
170.0
177.0
153.0
165.0
183.0
223.0
162.0
59.0
50.0
52.0
50.0
50.0
50.0
49.0
49.0
48.0
49.0
49.0
49.0
48.0
48.0
48.0
48.0
48.0
49.0
48.0
49.0
50.0
50.0
51.0
0.0


50.0
49.0
50.0
50.0
50.0
50.0
49.0
49.0
51.0
51.0
51.0
50.0
50.0
54.0
45.0
83.0
170.0
173.0
173.0
193.0
179.0
163.0
161.0
165.0
167.0
173.0
193.0
160.0
150.0
162.0
172.0
184.0
155.0
164.0
190.0
198.0
241.0
94.0
46.0
53.0
50.0
50.0
51.0
50.0
49.0
49.0
48.0
49.0
48.0
49.0
48.0
47.0
48.0
48.0
48.0
49.0
49.0
50.0
51.0
51.0
0.0


50.0
50.0
50.0
50.0
50.0
49.0
50.0
50.0
51.0
51.0
51.0
51.0
52.0
45.0
77.0
170.0
157.0
163.0
171.0
175.0
202.0
173.0
156.0
159.0
167.0
167.0
185.0
182.0
156.0
166.0
177.0
189.0
163.0
162.0
198.0
201.0
244.0
140.0
52.0
52.0
52.0
49.0
50.0
50.0
48.0
49.0
49.0
49.0
48.0
49.0
49.0
47.0
48.0
49.0
49.0
49.0
49.0
51.0
51.0
50.0
0.0


50.0
50.0
49.0
49.0
50.0
49.0
49.0
51.0
51.0
51.0
50.0
53.0
47.0
70.0
162.0
171.0
165.0
174.0
170.0
162.0
167.0
189.0
162.0
155.0
166.0
171.0
178.0
195.0
167.0
163.0
173.0
191.0
177.0
167.0
199.0
206.0
244.0
175.0
59.0
49.0
52.0
50.0
50.0
49.0
49.0
48.0
49.0
49.0
49.0
48.0
48.0
48.0
48.0
49.0
49.0
49.0
49.0
50.0
52.0
51.0
0.0


50.0
49.0
49.0
49.0
49.0
49.0
50.0
51.0
51.0
50.0
52.0
52.0
50.0
123.0
164.0
163.0
180.0
166.0
157.0
153.0
151.0
171.0
187.0
165.0
166.0
177.0
177.0
194.0
182.0
166.0
174.0
195.0
183.0
169.0
196.0
204.0
241.0
182.0
60.0
49.0
51.0
51.0
50.0
49.0
49.0
49.0
48.0
46.0
47.0
47.0
48.0
47.0
47.0
48.0
49.0
49.0
50.0
50.0
51.0
52.0
0.0


50.0
50.0
50.0
49.0
49.0
49.0
49.0
50.0
51.0
51.0
54.0
46.0
78.0
165.0
154.0
173.0
191.0
173.0
158.0
147.0
151.0
157.0
174.0
187.0
171.0
179.0
180.0
186.0
195.0
175.0
181.0
205.0
199.0
170.0
194.0
210.0
229.0
203.0
68.0
50.0
53.0
53.0
51.0
50.0
49.0
50.0
48.0
47.0
48.0
47.0
46.0
46.0
47.0
48.0
49.0
48.0
49.0
51.0
51.0
51.0
0.0


50.0
50.0
49.0
49.0
50.0
49.0
48.0
50.0
50.0
52.0
49.0
52.0
130.0
161.0
162.0
181.0
191.0
186.0
179.0
166.0
156.0
160.0
161.0
184.0
190.0
181.0
178.0
187.0
204.0
184.0
193.0
216.0
238.0
181.0
186.0
214.0
215.0
241.0
80.0
52.0
56.0
54.0
51.0
52.0
51.0
50.0
50.0
51.0
50.0
49.0
50.0
50.0
50.0
50.0
49.0
49.0
51.0
51.0
51.0
51.0
0.0


49.0
50.0
51.0
49.0
49.0
50.0
50.0
50.0
50.0
51.0
46.0
90.0
162.0
151.0
176.0
187.0
198.0
212.0
193.0
185.0
176.0
167.0
165.0
187.0
216.0
196.0
188.0
201.0
224.0
192.0
206.0
208.0
224.0
190.0
175.0
209.0
205.0
255.0
108.0
51.0
56.0
58.0
60.0
54.0
53.0
53.0
54.0
53.0
51.0
53.0
53.0
52.0
53.0
52.0
52.0
53.0
53.0
54.0
54.0
52.0
0.0


50.0
49.0
50.0
50.0
49.0
49.0
50.0
50.0
49.0
50.0
50.0
124.0
161.0
165.0
188.0
198.0
209.0
222.0
222.0
196.0
184.0
184.0
184.0
214.0
244.0
212.0
212.0
229.0
241.0
209.0
194.0
160.0
182.0
199.0
173.0
199.0
208.0
237.0
168.0
61.0
53.0
56.0
64.0
58.0
53.0
54.0
53.0
53.0
53.0
53.0
53.0
54.0
52.0
53.0
54.0
53.0
53.0
54.0
54.0
53.0
0.0


50.0
50.0
50.0
50.0
50.0
49.0
51.0
50.0
50.0
51.0
50.0
124.0
169.0
159.0
175.0
191.0
201.0
202.0
217.0
240.0
208.0
200.0
220.0
232.0
239.0
221.0
223.0
236.0
237.0
211.0
168.0
148.0
170.0
203.0
179.0
186.0
215.0
202.0
243.0
103.0
50.0
57.0
53.0
53.0
53.0
52.0
55.0
53.0
52.0
53.0
54.0
53.0
53.0
55.0
54.0
55.0
54.0
55.0
54.0
54.0
0.0


50.0
50.0
51.0
50.0
49.0
50.0
50.0
50.0
50.0
52.0
46.0
109.0
179.0
160.0
181.0
183.0
181.0
198.0
221.0
224.0
235.0
202.0
210.0
223.0
212.0
225.0
224.0
209.0
209.0
198.0
154.0
150.0
163.0
193.0
183.0
183.0
210.0
206.0
238.0
147.0
55.0
57.0
55.0
54.0
54.0
54.0
55.0
53.0
53.0
54.0
54.0
53.0
54.0
55.0
53.0
55.0
54.0
55.0
55.0
53.0
0.0


50.0
51.0
51.0
50.0
50.0
50.0
50.0
50.0
50.0
52.0
44.0
83.0
183.0
146.0
141.0
152.0
185.0
203.0
198.0
205.0
216.0
216.0
199.0
198.0
195.0
218.0
212.0
191.0
196.0
208.0
155.0
147.0
165.0
185.0
177.0
179.0
202.0
206.0
228.0
157.0
57.0
55.0
55.0
54.0
54.0
54.0
54.0
55.0
55.0
54.0
55.0
55.0
54.0
55.0
55.0
55.0
55.0
55.0
56.0
54.0
0.0


50.0
50.0
51.0
51.0
49.0
51.0
51.0
51.0
51.0
51.0
48.0
63.0
153.0
138.0
141.0
173.0
169.0
169.0
178.0
192.0
207.0
224.0
214.0
203.0
203.0
223.0
205.0
189.0
195.0
225.0
192.0
164.0
179.0
194.0
167.0
181.0
207.0
201.0
240.0
134.0
53.0
58.0
55.0
55.0
54.0
55.0
55.0
55.0
54.0
54.0
54.0
55.0
54.0
55.0
57.0
56.0
55.0
55.0
55.0
54.0
0.0


50.0
52.0
51.0
51.0
51.0
51.0
51.0
52.0
50.0
52.0
51.0
49.0
114.0
154.0
139.0
133.0
127.0
140.0
155.0
177.0
194.0
205.0
211.0
224.0
221.0
221.0
219.0
198.0
195.0
183.0
178.0
193.0
178.0
168.0
175.0
178.0
206.0
202.0
243.0
96.0
53.0
61.0
55.0
56.0
56.0
56.0
57.0
56.0
55.0
57.0
57.0
55.0
56.0
56.0
56.0
56.0
56.0
55.0
53.0
54.0
0.0


50.0
51.0
51.0
50.0
51.0
51.0
51.0
50.0
51.0
52.0
53.0
45.0
87.0
156.0
129.0
129.0
128.0
126.0
139.0
157.0
174.0
184.0
192.0
207.0
203.0
202.0
213.0
190.0
167.0
148.0
146.0
155.0
166.0
148.0
161.0
189.0
195.0
230.0
180.0
67.0
58.0
59.0
58.0
57.0
56.0
56.0
56.0
55.0
56.0
56.0
55.0
56.0
57.0
56.0
56.0
56.0
56.0
56.0
55.0
54.0
0.0


51.0
51.0
51.0
51.0
51.0
51.0
51.0
51.0
51.0
51.0
54.0
47.0
76.0
147.0
130.0
133.0
130.0
127.0
126.0
137.0
154.0
162.0
175.0
184.0
178.0
184.0
181.0
159.0
145.0
127.0
134.0
138.0
145.0
156.0
156.0
178.0
199.0
248.0
115.0
56.0
61.0
60.0
58.0
56.0
57.0
57.0
56.0
57.0
57.0
56.0
56.0
57.0
57.0
57.0
57.0
57.0
57.0
56.0
55.0
54.0
0.0


51.0
51.0
52.0
52.0
51.0
51.0
50.0
50.0
50.0
51.0
53.0
47.0
67.0
146.0
137.0
130.0
129.0
127.0
117.0
123.0
141.0
154.0
164.0
160.0
150.0
168.0
152.0
135.0
129.0
124.0
128.0
134.0
137.0
150.0
168.0
176.0
205.0
194.0
74.0
60.0
62.0
60.0
60.0
58.0
58.0
57.0
57.0
57.0
56.0
58.0
57.0
56.0
56.0
58.0
58.0
57.0
57.0
56.0
54.0
54.0
0.0


51.0
51.0
50.0
51.0
52.0
51.0
51.0
52.0
51.0
52.0
53.0
49.0
58.0
140.0
145.0
128.0
129.0
127.0
118.0
112.0
129.0
146.0
152.0
147.0
137.0
161.0
135.0
118.0
121.0
123.0
130.0
138.0
145.0
151.0
168.0
185.0
240.0
125.0
59.0
65.0
62.0
60.0
59.0
59.0
58.0
57.0
57.0
57.0
56.0
57.0
57.0
57.0
56.0
58.0
57.0
57.0
57.0
54.0
54.0
54.0
0.0


52.0
51.0
51.0
52.0
52.0
52.0
53.0
52.0
53.0
53.0
53.0
52.0
52.0
122.0
161.0
134.0
134.0
128.0
122.0
115.0
126.0
133.0
139.0
137.0
129.0
150.0
127.0
117.0
120.0
127.0
137.0
143.0
152.0
166.0
178.0
202.0
195.0
85.0
62.0
67.0
62.0
61.0
60.0
58.0
58.0
58.0
58.0
58.0
57.0
57.0
59.0
59.0
58.0
57.0
57.0
56.0
56.0
55.0
53.0
52.0
0.0


52.0
53.0
53.0
53.0
53.0
53.0
54.0
53.0
54.0
54.0
53.0
55.0
48.0
97.0
175.0
144.0
138.0
131.0
125.0
124.0
129.0
125.0
125.0
126.0
121.0
142.0
122.0
123.0
127.0
136.0
145.0
153.0
166.0
179.0
190.0
231.0
137.0
66.0
68.0
66.0
63.0
61.0
61.0
59.0
59.0
58.0
58.0
58.0
57.0
57.0
57.0
57.0
58.0
58.0
58.0
57.0
56.0
56.0
55.0
53.0
0.0


52.0
52.0
53.0
53.0
53.0
54.0
53.0
54.0
54.0
53.0
53.0
55.0
49.0
73.0
164.0
156.0
144.0
138.0
131.0
132.0
131.0
126.0
123.0
121.0
118.0
144.0
123.0
133.0
136.0
141.0
155.0
167.0
178.0
190.0
201.0
221.0
99.0
62.0
70.0
66.0
63.0
62.0
60.0
61.0
60.0
58.0
58.0
58.0
58.0
57.0
59.0
58.0
57.0
58.0
57.0
56.0
55.0
54.0
54.0
53.0
0.0


54.0
52.0
53.0
54.0
53.0
53.0
54.0
55.0
54.0
54.0
56.0
56.0
54.0
57.0
137.0
176.0
153.0
144.0
137.0
137.0
137.0
126.0
125.0
119.0
117.0
148.0
137.0
139.0
149.0
153.0
166.0
181.0
188.0
196.0
221.0
172.0
76.0
70.0
70.0
65.0
64.0
63.0
61.0
61.0
58.0
58.0
58.0
57.0
58.0
57.0
58.0
57.0
57.0
57.0
56.0
55.0
54.0
53.0
52.0
52.0
0.0


53.0
53.0
54.0
53.0
52.0
53.0
54.0
55.0
55.0
56.0
56.0
55.0
60.0
53.0
97.0
186.0
159.0
151.0
144.0
142.0
140.0
128.0
128.0
123.0
123.0
148.0
154.0
146.0
165.0
171.0
178.0
194.0
208.0
204.0
239.0
122.0
65.0
73.0
68.0
65.0
64.0
62.0
61.0
59.0
58.0
57.0
58.0
58.0
57.0
57.0
56.0
56.0
57.0
57.0
55.0
54.0
52.0
53.0
52.0
52.0
0.0


53.0
53.0
54.0
53.0
54.0
54.0
55.0
56.0
56.0
56.0
58.0
57.0
59.0
59.0
65.0
148.0
179.0
159.0
151.0
144.0
140.0
136.0
140.0
136.0
135.0
149.0
163.0
163.0
171.0
188.0
198.0
209.0
213.0
212.0
200.0
90.0
68.0
72.0
68.0
66.0
63.0
61.0
61.0
60.0
59.0
58.0
57.0
57.0
57.0
56.0
57.0
56.0
55.0
54.0
53.0
52.0
52.0
52.0
52.0
53.0
0.0


54.0
54.0
53.0
53.0
54.0
55.0
56.0
55.0
56.0
58.0
57.0
58.0
60.0
65.0
60.0
91.0
190.0
165.0
159.0
151.0
145.0
141.0
148.0
147.0
151.0
158.0
166.0
173.0
181.0
201.0
209.0
211.0
211.0
216.0
179.0
78.0
71.0
72.0
68.0
65.0
63.0
61.0
62.0
60.0
59.0
58.0
58.0
57.0
56.0
55.0
55.0
55.0
54.0
52.0
52.0
51.0
52.0
52.0
53.0
53.0
0.0


54.0
54.0
53.0
54.0
55.0
54.0
56.0
55.0
56.0
57.0
59.0
61.0
63.0
65.0
67.0
65.0
130.0
191.0
160.0
156.0
150.0
149.0
154.0
157.0
165.0
164.0
170.0
172.0
184.0
197.0
209.0
213.0
212.0
237.0
173.0
75.0
72.0
71.0
69.0
65.0
65.0
62.0
61.0
59.0
57.0
58.0
57.0
56.0
56.0
55.0
54.0
53.0
53.0
53.0
52.0
51.0
50.0
52.0
53.0
53.0
0.0


54.0
54.0
54.0
54.0
54.0
55.0
58.0
55.0
55.0
58.0
61.0
62.0
64.0
66.0
69.0
66.0
86.0
179.0
169.0
156.0
151.0
157.0
161.0
168.0
174.0
172.0
184.0
190.0
192.0
198.0
202.0
210.0
210.0
228.0
186.0
79.0
72.0
73.0
69.0
68.0
65.0
62.0
61.0
59.0
58.0
57.0
56.0
57.0
58.0
57.0
55.0
53.0
54.0
53.0
53.0
52.0
52.0
52.0
53.0
53.0
0.0


54.0
54.0
54.0
55.0
54.0
55.0
58.0
57.0
57.0
60.0
61.0
64.0
65.0
67.0
69.0
68.0
71.0
137.0
189.0
167.0
167.0
168.0
176.0
182.0
187.0
190.0
195.0
192.0
197.0
199.0
201.0
206.0
210.0
217.0
202.0
87.0
74.0
72.0
68.0
67.0
64.0
63.0
62.0
60.0
59.0
59.0
58.0
58.0
58.0
57.0
57.0
57.0
56.0
56.0
55.0
53.0
54.0
53.0
53.0
53.0
0.0


54.0
54.0
54.0
55.0
55.0
55.0
57.0
58.0
58.0
61.0
64.0
65.0
66.0
68.0
71.0
73.0
69.0
97.0
179.0
177.0
181.0
184.0
195.0
201.0
207.0
205.0
201.0
198.0
200.0
204.0
201.0
203.0
210.0
209.0
233.0
105.0
73.0
76.0
69.0
66.0
65.0
64.0
63.0
62.0
61.0
60.0
59.0
58.0
58.0
57.0
59.0
58.0
57.0
57.0
57.0
55.0
53.0
55.0
54.0
54.0
0.0


54.0
54.0
55.0
55.0
55.0
56.0
58.0
58.0
58.0
60.0
64.0
64.0
67.0
69.0
72.0
73.0
73.0
74.0
135.0
191.0
184.0
194.0
211.0
213.0
210.0
208.0
208.0
202.0
192.0
194.0
191.0
197.0
204.0
205.0
242.0
132.0
73.0
76.0
70.0
68.0
65.0
64.0
63.0
64.0
63.0
61.0
61.0
59.0
59.0
59.0
58.0
58.0
58.0
57.0
56.0
56.0
55.0
54.0
54.0
54.0
0.0


54.0
54.0
54.0
55.0
55.0
54.0
57.0
58.0
58.0
60.0
63.0
65.0
67.0
71.0
72.0
72.0
76.0
72.0
96.0
181.0
186.0
186.0
201.0
204.0
203.0
201.0
202.0
197.0
192.0
190.0
182.0
188.0
199.0
203.0
227.0
163.0
81.0
73.0
72.0
67.0
66.0
65.0
64.0
63.0
62.0
61.0
61.0
60.0
59.0
60.0
60.0
57.0
58.0
58.0
57.0
56.0
55.0
56.0
55.0
54.0
0.0


0.0
0.0
0.0
0.0
0.0
0.0
0.0
0.0
0.0
0.0
0.0
0.0
0.0
0.0
0.0
0.0
0.0
0.0
0.0
0.0
0.0
0.0
0.0
0.0
0.0
0.0
0.0
0.0
0.0
0.0
0.0
0.0
0.0
0.0
0.0
0.0
0.0
0.0
0.0
0.0
0.0
0.0
0.0
0.0
0.0
0.0
0.0
0.0
0.0
0.0
0.0
0.0
0.0
0.0
0.0
0.0
0.0
0.0
0.0
0.0
0.0


