48.0
48.0
49.0
49.0
49.0
50.0
50.0
51.0
51.0
51.0
51.0
52.0
52.0
49.0
51.0
50.0
61.0
83.0
52.0
51.0
53.0
54.0
53.0
52.0
52.0
52.0
52.0
52.0
53.0
55.0
0.0


48.0
49.0
50.0
49.0
49.0
49.0
50.0
51.0
51.0
51.0
51.0
52.0
52.0
68.0
58.0
45.0
90.0
157.0
61.0
48.0
53.0
52.0
49.0
51.0
52.0
51.0
48.0
48.0
51.0
54.0
0.0


49.0
49.0
51.0
50.0
49.0
49.0
49.0
50.0
51.0
51.0
52.0
50.0
57.0
138.0
88.0
42.0
105.0
170.0
64.0
48.0
50.0
68.0
80.0
51.0
52.0
51.0
48.0
49.0
50.0
53.0
0.0


49.0
49.0
50.0
50.0
49.0
49.0
49.0
51.0
50.0
51.0
53.0
49.0
63.0
161.0
90.0
46.0
120.0
169.0
65.0
47.0
49.0
111.0
145.0
54.0
50.0
51.0
48.0
49.0
51.0
54.0
0.0


49.0
50.0
50.0
49.0
50.0
49.0
49.0
48.0
50.0
50.0
52.0
47.0
74.0
166.0
90.0
53.0
143.0
165.0
61.0
45.0
57.0
136.0
135.0
50.0
49.0
51.0
49.0
51.0
53.0
54.0
0.0


49.0
50.0
50.0
49.0
49.0
50.0
48.0
58.0
52.0
48.0
51.0
45.0
79.0
190.0
87.0
59.0
158.0
155.0
58.0
44.0
78.0
172.0
120.0
47.0
51.0
51.0
52.0
52.0
53.0
53.0
0.0


49.0
50.0
50.0
49.0
49.0
49.0
48.0
121.0
84.0
42.0
50.0
44.0
80.0
203.0
80.0
68.0
189.0
139.0
52.0
48.0
104.0
196.0
94.0
44.0
52.0
51.0
51.0
52.0
53.0
53.0
0.0


49.0
49.0
49.0
49.0
49.0
49.0
46.0
125.0
130.0
43.0
48.0
43.0
86.0
203.0
83.0
91.0
219.0
138.0
48.0
65.0
134.0
179.0
71.0
46.0
52.0
51.0
51.0
52.0
52.0
52.0
0.0


49.0
48.0
49.0
49.0
49.0
50.0
43.0
102.0
190.0
59.0
44.0
44.0
98.0
224.0
100.0
97.0
180.0
120.0
44.0
103.0
174.0
165.0
57.0
49.0
52.0
51.0
51.0
51.0
52.0
51.0
0.0


49.0
48.0
49.0
49.0
49.0
50.0
44.0
74.0
187.0
88.0
42.0
46.0
93.0
176.0
109.0
103.0
184.0
99.0
53.0
125.0
187.0
128.0
48.0
52.0
51.0
50.0
51.0
51.0
51.0
51.0
0.0


49.0
49.0
49.0
49.0
49.0
49.0
48.0
53.0
141.0
145.0
53.0
44.0
93.0
175.0
108.0
122.0
220.0
78.0
74.0
145.0
186.0
77.0
47.0
53.0
50.0
50.0
50.0
50.0
50.0
51.0
0.0


49.0
49.0
49.0
49.0
49.0
49.0
50.0
44.0
105.0
176.0
74.0
41.0
91.0
161.0
109.0
134.0
175.0
71.0
110.0
181.0
146.0
53.0
53.0
52.0
50.0
49.0
49.0
50.0
51.0
52.0
0.0


48.0
49.0
49.0
48.0
49.0
48.0
50.0
45.0
70.0
130.0
104.0
51.0
99.0
145.0
127.0
119.0
106.0
97.0
129.0
188.0
102.0
48.0
56.0
51.0
49.0
50.0
49.0
50.0
51.0
52.0
0.0


49.0
49.0
49.0
49.0
49.0
48.0
49.0
48.0
56.0
113.0
114.0
77.0
111.0
162.0
176.0
150.0
109.0
120.0
125.0
181.0
81.0
50.0
55.0
50.0
49.0
48.0
48.0
49.0
51.0
51.0
0.0


48.0
48.0
49.0
49.0
48.0
48.0
49.0
51.0
49.0
99.0
101.0
86.0
119.0
155.0
178.0
202.0
153.0
125.0
137.0
180.0
72.0
54.0
55.0
50.0
49.0
48.0
48.0
48.0
50.0
51.0
0.0


48.0
48.0
49.0
49.0
48.0
49.0
49.0
51.0
50.0
86.0
101.0
102.0
132.0
149.0
174.0
191.0
207.0
130.0
133.0
153.0
63.0
58.0
55.0
52.0
50.0
50.0
49.0
50.0
50.0
51.0
0.0


48.0
49.0
49.0
48.0
49.0
50.0
50.0
53.0
49.0
81.0
118.0
115.0
140.0
151.0
149.0
175.0
198.0
175.0
151.0
146.0
65.0
56.0
54.0
52.0
51.0
50.0
50.0
51.0
51.0
52.0
0.0


49.0
49.0
49.0
49.0
50.0
50.0
52.0
55.0
51.0
72.0
126.0
111.0
133.0
158.0
145.0
149.0
177.0
192.0
181.0
164.0
71.0
55.0
55.0
52.0
51.0
51.0
51.0
51.0
51.0
51.0
0.0


49.0
49.0
50.0
49.0
50.0
50.0
52.0
55.0
53.0
67.0
118.0
106.0
129.0
150.0
139.0
119.0
150.0
176.0
182.0
189.0
72.0
55.0
55.0
51.0
51.0
51.0
51.0
51.0
50.0
49.0
0.0


50.0
50.0
50.0
50.0
50.0
51.0
52.0
56.0
56.0
64.0
119.0
107.0
118.0
134.0
119.0
99.0
133.0
177.0
194.0
176.0
66.0
56.0
54.0
52.0
51.0
50.0
50.0
51.0
50.0
49.0
0.0


51.0
51.0
51.0
50.0
51.0
52.0
53.0
56.0
58.0
60.0
118.0
115.0
114.0
117.0
113.0
116.0
135.0
173.0
240.0
158.0
62.0
58.0
53.0
52.0
51.0
50.0
50.0
50.0
50.0
50.0
0.0


51.0
51.0
51.0
51.0
52.0
52.0
52.0
55.0
60.0
56.0
104.0
139.0
112.0
108.0
121.0
130.0
148.0
180.0
242.0
142.0
59.0
58.0
53.0
51.0
50.0
48.0
48.0
47.0
49.0
50.0
0.0


52.0
53.0
52.0
51.0
52.0
53.0
53.0
55.0
60.0
58.0
81.0
146.0
122.0
114.0
135.0
150.0
171.0
196.0
251.0
112.0
58.0
59.0
52.0
50.0
48.0
46.0
46.0
47.0
49.0
50.0
0.0


53.0
53.0
52.0
52.0
52.0
53.0
55.0
55.0
58.0
64.0
66.0
124.0
145.0
138.0
146.0
169.0
193.0
213.0
227.0
85.0
60.0
59.0
54.0
51.0
50.0
48.0
48.0
48.0
50.0
51.0
0.0


52.0
52.0
52.0
52.0
52.0
52.0
55.0
55.0
59.0
67.0
65.0
96.0
174.0
161.0
161.0
179.0
204.0
216.0
245.0
98.0
64.0
63.0
58.0
56.0
55.0
53.0
53.0
52.0
53.0
54.0
0.0


52.0
52.0
52.0
52.0
52.0
53.0
54.0
57.0
59.0
66.0
69.0
73.0
147.0
210.0
184.0
189.0
205.0
211.0
250.0
133.0
66.0
66.0
61.0
60.0
59.0
57.0
56.0
57.0
57.0
56.0
0.0


52.0
52.0
52.0
52.0
52.0
52.0
53.0
56.0
59.0
65.0
72.0
71.0
97.0
192.0
183.0
184.0
193.0
207.0
227.0
181.0
75.0
65.0
63.0
60.0
60.0
59.0
58.0
58.0
58.0
58.0
0.0


52.0
52.0
53.0
52.0
52.0
53.0
55.0
57.0
60.0
66.0
72.0
76.0
84.0
154.0
168.0
173.0
177.0
194.0
204.0
242.0
99.0
66.0
68.0
65.0
63.0
62.0
61.0
61.0
60.0
61.0
0.0


52.0
52.0
52.0
53.0
53.0
55.0
58.0
60.0
62.0
67.0
73.0
79.0
83.0
138.0
166.0
165.0
171.0
182.0
196.0
242.0
142.0
72.0
74.0
71.0
68.0
65.0
64.0
64.0
63.0
63.0
0.0


52.0
53.0
53.0
54.0
53.0
55.0
58.0
62.0
64.0
68.0
73.0
80.0
82.0
128.0
168.0
159.0
165.0
174.0
193.0
216.0
194.0
87.0
74.0
75.0
70.0
65.0
64.0
64.0
66.0
68.0
0.0


0.0
0.0
0.0
0.0
0.0
0.0
0.0
0.0
0.0
0.0
0.0
0.0
0.0
0.0
0.0
0.0
0.0
0.0
0.0
0.0
0.0
0.0
0.0
0.0
0.0
0.0
0.0
0.0
0.0
0.0
0.0


