48.0
49.0
50.0
48.0
48.0
48.0
47.0
47.0
47.0
49.0
50.0
50.0
49.0
53.0
81.0
63.0
46.0
50.0
49.0
49.0
114.0
160.0
138.0
49.0
49.0
49.0
51.0
49.0
92.0
148.0
97.0
47.0
54.0
52.0
51.0
51.0
51.0
49.0
48.0
48.0
0.0


49.0
49.0
49.0
48.0
47.0
48.0
48.0
48.0
48.0
48.0
49.0
50.0
45.0
78.0
133.0
124.0
49.0
49.0
50.0
53.0
117.0
156.0
160.0
56.0
48.0
49.0
50.0
51.0
117.0
157.0
118.0
46.0
53.0
51.0
51.0
51.0
51.0
49.0
48.0
49.0
0.0


48.0
48.0
48.0
48.0
48.0
48.0
48.0
47.0
48.0
48.0
49.0
50.0
44.0
78.0
140.0
142.0
55.0
48.0
49.0
56.0
123.0
148.0
173.0
62.0
45.0
51.0
48.0
60.0
130.0
162.0
118.0
46.0
53.0
51.0
50.0
50.0
51.0
50.0
49.0
50.0
0.0


49.0
49.0
48.0
48.0
49.0
49.0
48.0
47.0
48.0
49.0
49.0
49.0
43.0
73.0
142.0
156.0
68.0
44.0
49.0
56.0
138.0
157.0
178.0
61.0
46.0
52.0
45.0
74.0
137.0
156.0
119.0
46.0
52.0
50.0
50.0
51.0
51.0
51.0
50.0
51.0
0.0


49.0
49.0
48.0
48.0
49.0
49.0
48.0
48.0
48.0
49.0
48.0
50.0
42.0
73.0
136.0
157.0
93.0
43.0
47.0
58.0
145.0
156.0
189.0
66.0
44.0
52.0
46.0
97.0
147.0
167.0
108.0
45.0
52.0
49.0
50.0
51.0
51.0
51.0
52.0
51.0
0.0


49.0
48.0
48.0
48.0
48.0
49.0
48.0
48.0
49.0
49.0
48.0
49.0
43.0
69.0
136.0
156.0
118.0
45.0
46.0
61.0
148.0
154.0
187.0
68.0
43.0
51.0
50.0
119.0
145.0
193.0
89.0
44.0
52.0
50.0
51.0
51.0
52.0
53.0
53.0
52.0
0.0


48.0
48.0
47.0
48.0
48.0
49.0
47.0
45.0
47.0
49.0
48.0
48.0
45.0
59.0
144.0
161.0
140.0
49.0
45.0
67.0
158.0
158.0
191.0
67.0
44.0
49.0
61.0
134.0
141.0
189.0
72.0
46.0
52.0
51.0
52.0
52.0
52.0
52.0
52.0
52.0
0.0


48.0
48.0
48.0
48.0
48.0
46.0
61.0
101.0
63.0
44.0
47.0
47.0
46.0
51.0
130.0
157.0
157.0
55.0
43.0
73.0
169.0
164.0
191.0
65.0
46.0
48.0
79.0
147.0
148.0
175.0
62.0
48.0
52.0
51.0
50.0
52.0
51.0
52.0
51.0
52.0
0.0


48.0
48.0
47.0
47.0
48.0
44.0
75.0
152.0
120.0
44.0
46.0
46.0
45.0
45.0
120.0
155.0
177.0
68.0
41.0
85.0
191.0
171.0
206.0
72.0
46.0
49.0
113.0
158.0
161.0
164.0
55.0
49.0
52.0
51.0
51.0
51.0
50.0
50.0
51.0
51.0
0.0


48.0
48.0
47.0
48.0
48.0
46.0
59.0
141.0
169.0
71.0
41.0
47.0
46.0
43.0
111.0
152.0
188.0
90.0
37.0
97.0
190.0
166.0
203.0
70.0
44.0
58.0
147.0
159.0
181.0
145.0
50.0
51.0
51.0
51.0
50.0
51.0
50.0
50.0
50.0
50.0
0.0


48.0
48.0
48.0
48.0
48.0
49.0
46.0
124.0
170.0
128.0
46.0
47.0
47.0
44.0
109.0
158.0
192.0
126.0
37.0
95.0
157.0
150.0
180.0
65.0
42.0
75.0
131.0
129.0
203.0
109.0
46.0
54.0
52.0
51.0
50.0
50.0
51.0
50.0
50.0
51.0
0.0


49.0
49.0
49.0
48.0
47.0
49.0
42.0
94.0
169.0
183.0
77.0
43.0
49.0
44.0
108.0
171.0
178.0
162.0
47.0
95.0
162.0
155.0
176.0
61.0
45.0
97.0
125.0
134.0
195.0
74.0
48.0
53.0
52.0
51.0
50.0
49.0
51.0
50.0
50.0
51.0
0.0


49.0
49.0
49.0
48.0
48.0
48.0
45.0
55.0
154.0
163.0
132.0
47.0
49.0
44.0
90.0
152.0
150.0
177.0
57.0
92.0
174.0
163.0
168.0
56.0
52.0
118.0
129.0
157.0
162.0
55.0
52.0
52.0
52.0
51.0
49.0
51.0
52.0
51.0
50.0
51.0
0.0


49.0
49.0
48.0
48.0
47.0
47.0
49.0
41.0
97.0
161.0
161.0
94.0
44.0
45.0
73.0
151.0
147.0
192.0
66.0
85.0
195.0
178.0
154.0
50.0
65.0
133.0
132.0
176.0
124.0
47.0
54.0
52.0
52.0
50.0
50.0
49.0
49.0
47.0
51.0
50.0
0.0


50.0
48.0
48.0
48.0
47.0
47.0
48.0
45.0
57.0
152.0
154.0
171.0
63.0
43.0
59.0
148.0
152.0
204.0
79.0
88.0
196.0
185.0
147.0
47.0
92.0
145.0
138.0
197.0
88.0
48.0
55.0
52.0
50.0
50.0
48.0
70.0
87.0
70.0
49.0
51.0
0.0


50.0
49.0
49.0
48.0
47.0
48.0
47.0
49.0
43.0
107.0
177.0
164.0
102.0
45.0
51.0
130.0
172.0
189.0
131.0
123.0
159.0
148.0
123.0
77.0
112.0
127.0
152.0
180.0
64.0
51.0
54.0
52.0
50.0
46.0
76.0
109.0
113.0
115.0
49.0
51.0
0.0


49.0
49.0
48.0
48.0
47.0
48.0
47.0
48.0
47.0
60.0
145.0
131.0
141.0
67.0
43.0
119.0
175.0
158.0
141.0
138.0
131.0
124.0
108.0
98.0
100.0
109.0
140.0
152.0
56.0
54.0
55.0
53.0
47.0
63.0
113.0
101.0
147.0
85.0
44.0
51.0
0.0


49.0
49.0
49.0
49.0
49.0
48.0
48.0
49.0
50.0
43.0
105.0
136.0
132.0
110.0
53.0
101.0
136.0
138.0
138.0
137.0
131.0
126.0
109.0
105.0
113.0
124.0
148.0
149.0
57.0
55.0
55.0
52.0
52.0
101.0
111.0
129.0
133.0
49.0
49.0
50.0
0.0


50.0
49.0
49.0
49.0
49.0
48.0
48.0
48.0
50.0
45.0
72.0
142.0
120.0
127.0
95.0
93.0
128.0
138.0
141.0
138.0
135.0
125.0
114.0
123.0
125.0
134.0
155.0
140.0
56.0
57.0
56.0
48.0
77.0
122.0
107.0
166.0
86.0
43.0
52.0
50.0
0.0


49.0
49.0
48.0
49.0
49.0
49.0
49.0
48.0
49.0
50.0
50.0
118.0
134.0
109.0
90.0
105.0
129.0
138.0
141.0
138.0
142.0
118.0
121.0
133.0
136.0
134.0
166.0
130.0
52.0
63.0
55.0
53.0
116.0
124.0
128.0
188.0
63.0
48.0
50.0
51.0
0.0


49.0
49.0
49.0
49.0
49.0
50.0
49.0
49.0
49.0
51.0
45.0
91.0
132.0
101.0
102.0
120.0
133.0
138.0
141.0
146.0
131.0
124.0
137.0
124.0
115.0
135.0
144.0
150.0
66.0
55.0
51.0
78.0
121.0
121.0
173.0
155.0
49.0
51.0
50.0
51.0
0.0


49.0
49.0
50.0
49.0
50.0
50.0
50.0
50.0
50.0
52.0
48.0
75.0
126.0
107.0
108.0
120.0
130.0
139.0
149.0
136.0
135.0
137.0
113.0
101.0
110.0
125.0
136.0
163.0
84.0
51.0
61.0
103.0
121.0
141.0
234.0
87.0
45.0
52.0
51.0
51.0
0.0


50.0
49.0
50.0
50.0
50.0
51.0
51.0
51.0
51.0
52.0
51.0
61.0
129.0
114.0
114.0
127.0
139.0
150.0
137.0
137.0
129.0
117.0
109.0
101.0
106.0
107.0
114.0
154.0
116.0
55.0
91.0
112.0
126.0
182.0
161.0
50.0
53.0
52.0
52.0
51.0
0.0


50.0
51.0
50.0
50.0
51.0
51.0
51.0
52.0
53.0
52.0
53.0
54.0
113.0
132.0
133.0
136.0
141.0
139.0
144.0
141.0
120.0
118.0
110.0
108.0
114.0
105.0
102.0
124.0
124.0
88.0
103.0
118.0
139.0
223.0
92.0
46.0
55.0
52.0
52.0
51.0
0.0


51.0
50.0
50.0
50.0
51.0
52.0
52.0
53.0
54.0
53.0
54.0
51.0
102.0
145.0
124.0
122.0
135.0
146.0
148.0
130.0
118.0
112.0
110.0
108.0
100.0
89.0
83.0
90.0
89.0
95.0
105.0
126.0
151.0
180.0
60.0
52.0
54.0
54.0
52.0
51.0
0.0


51.0
51.0
50.0
52.0
51.0
52.0
53.0
54.0
55.0
55.0
55.0
50.0
88.0
136.0
118.0
123.0
134.0
145.0
137.0
120.0
112.0
106.0
95.0
96.0
93.0
87.0
82.0
78.0
86.0
87.0
107.0
121.0
187.0
128.0
50.0
56.0
53.0
54.0
53.0
52.0
0.0


52.0
52.0
51.0
52.0
52.0
53.0
54.0
55.0
56.0
55.0
56.0
51.0
79.0
140.0
122.0
120.0
127.0
137.0
133.0
113.0
104.0
88.0
83.0
89.0
83.0
83.0
83.0
82.0
87.0
105.0
128.0
151.0
238.0
91.0
48.0
56.0
53.0
53.0
52.0
52.0
0.0


52.0
52.0
52.0
52.0
53.0
54.0
55.0
56.0
57.0
57.0
57.0
54.0
74.0
142.0
122.0
113.0
119.0
136.0
124.0
100.0
88.0
80.0
85.0
86.0
85.0
88.0
91.0
98.0
118.0
143.0
164.0
217.0
185.0
62.0
55.0
56.0
54.0
53.0
53.0
52.0
0.0


52.0
52.0
52.0
52.0
53.0
55.0
57.0
57.0
58.0
58.0
58.0
58.0
63.0
139.0
131.0
113.0
122.0
134.0
116.0
91.0
82.0
82.0
90.0
93.0
94.0
98.0
106.0
120.0
137.0
153.0
185.0
209.0
79.0
54.0
58.0
56.0
54.0
53.0
52.0
52.0
0.0


54.0
53.0
52.0
52.0
53.0
55.0
56.0
58.0
59.0
59.0
59.0
60.0
56.0
118.0
149.0
124.0
127.0
128.0
111.0
90.0
83.0
90.0
96.0
100.0
110.0
116.0
126.0
141.0
155.0
191.0
204.0
82.0
53.0
60.0
56.0
56.0
52.0
52.0
52.0
51.0
0.0


55.0
53.0
52.0
53.0
53.0
55.0
57.0
58.0
58.0
58.0
59.0
61.0
57.0
89.0
160.0
138.0
134.0
118.0
106.0
97.0
91.0
97.0
107.0
114.0
123.0
132.0
143.0
156.0
191.0
203.0
83.0
57.0
62.0
59.0
57.0
54.0
53.0
52.0
50.0
50.0
0.0


52.0
52.0
53.0
53.0
53.0
54.0
56.0
58.0
59.0
60.0
60.0
61.0
63.0
65.0
140.0
152.0
135.0
119.0
108.0
109.0
106.0
109.0
118.0
132.0
142.0
150.0
163.0
189.0
211.0
85.0
60.0
66.0
62.0
61.0
58.0
55.0
54.0
52.0
52.0
51.0
0.0


53.0
53.0
52.0
53.0
53.0
54.0
55.0
58.0
60.0
61.0
61.0
62.0
66.0
61.0
99.0
161.0
139.0
135.0
125.0
131.0
132.0
130.0
135.0
145.0
157.0
168.0
187.0
247.0
101.0
62.0
70.0
66.0
66.0
62.0
58.0
57.0
55.0
54.0
53.0
53.0
0.0


53.0
54.0
54.0
55.0
54.0
55.0
55.0
58.0
60.0
61.0
62.0
63.0
66.0
66.0
76.0
146.0
147.0
149.0
150.0
146.0
147.0
157.0
162.0
171.0
184.0
194.0
236.0
114.0
65.0
72.0
69.0
68.0
67.0
64.0
59.0
57.0
56.0
55.0
54.0
53.0
0.0


54.0
54.0
54.0
54.0
54.0
55.0
55.0
58.0
60.0
61.0
62.0
64.0
65.0
69.0
67.0
118.0
178.0
163.0
162.0
162.0
163.0
168.0
188.0
207.0
213.0
226.0
220.0
82.0
70.0
71.0
70.0
69.0
67.0
62.0
59.0
57.0
56.0
55.0
55.0
53.0
0.0


54.0
53.0
54.0
55.0
54.0
55.0
55.0
56.0
59.0
61.0
62.0
64.0
66.0
69.0
69.0
79.0
166.0
199.0
186.0
184.0
187.0
186.0
197.0
215.0
226.0
222.0
255.0
109.0
68.0
75.0
72.0
70.0
67.0
62.0
59.0
58.0
57.0
56.0
54.0
54.0
0.0


54.0
54.0
54.0
55.0
55.0
55.0
56.0
57.0
58.0
60.0
62.0
64.0
67.0
70.0
73.0
69.0
104.0
209.0
194.0
195.0
194.0
194.0
205.0
212.0
216.0
212.0
246.0
147.0
73.0
75.0
73.0
70.0
65.0
61.0
59.0
58.0
56.0
56.0
55.0
54.0
0.0


54.0
54.0
54.0
55.0
55.0
56.0
58.0
57.0
58.0
59.0
62.0
64.0
69.0
70.0
72.0
76.0
78.0
158.0
200.0
185.0
185.0
188.0
192.0
206.0
213.0
211.0
223.0
188.0
85.0
75.0
74.0
68.0
63.0
60.0
59.0
58.0
57.0
56.0
55.0
54.0
0.0


55.0
54.0
55.0
56.0
56.0
56.0
57.0
58.0
58.0
60.0
62.0
65.0
68.0
70.0
72.0
77.0
75.0
122.0
188.0
172.0
178.0
182.0
184.0
193.0
205.0
212.0
210.0
243.0
110.0
76.0
77.0
69.0
65.0
63.0
61.0
60.0
58.0
58.0
56.0
55.0
0.0


55.0
54.0
55.0
56.0
56.0
57.0
58.0
59.0
59.0
60.0
62.0
64.0
67.0
70.0
72.0
76.0
75.0
105.0
178.0
162.0
172.0
180.0
180.0
182.0
198.0
208.0
207.0
246.0
149.0
80.0
80.0
73.0
69.0
67.0
64.0
63.0
61.0
58.0
57.0
57.0
0.0


0.0
0.0
0.0
0.0
0.0
0.0
0.0
0.0
0.0
0.0
0.0
0.0
0.0
0.0
0.0
0.0
0.0
0.0
0.0
0.0
0.0
0.0
0.0
0.0
0.0
0.0
0.0
0.0
0.0
0.0
0.0
0.0
0.0
0.0
0.0
0.0
0.0
0.0
0.0
0.0
0.0


