48.0
48.0
49.0
48.0
47.0
48.0
48.0
49.0
50.0
50.0
51.0
52.0
52.0
52.0
52.0
51.0
55.0
50.0
51.0
52.0
54.0
53.0
53.0
53.0
53.0
52.0
52.0
51.0
52.0
55.0
0.0


49.0
48.0
49.0
48.0
47.0
48.0
48.0
50.0
50.0
50.0
50.0
50.0
52.0
51.0
49.0
59.0
108.0
65.0
48.0
52.0
53.0
55.0
51.0
52.0
52.0
52.0
50.0
48.0
50.0
53.0
0.0


48.0
48.0
49.0
49.0
47.0
47.0
48.0
49.0
51.0
49.0
54.0
55.0
49.0
51.0
47.0
69.0
178.0
90.0
45.0
53.0
52.0
52.0
53.0
52.0
50.0
52.0
49.0
48.0
50.0
52.0
0.0


48.0
49.0
49.0
49.0
47.0
48.0
48.0
49.0
50.0
46.0
92.0
115.0
50.0
50.0
46.0
73.0
171.0
102.0
46.0
52.0
52.0
50.0
102.0
98.0
48.0
52.0
49.0
49.0
51.0
53.0
0.0


48.0
49.0
49.0
49.0
49.0
48.0
48.0
49.0
51.0
45.0
90.0
159.0
62.0
46.0
46.0
82.0
183.0
111.0
46.0
53.0
49.0
57.0
141.0
116.0
47.0
50.0
50.0
50.0
52.0
53.0
0.0


49.0
49.0
49.0
48.0
48.0
48.0
48.0
50.0
51.0
45.0
78.0
165.0
88.0
44.0
46.0
90.0
190.0
111.0
45.0
52.0
47.0
75.0
155.0
104.0
45.0
50.0
51.0
52.0
52.0
54.0
0.0


50.0
49.0
49.0
49.0
49.0
49.0
48.0
48.0
50.0
44.0
69.0
164.0
119.0
49.0
47.0
96.0
185.0
111.0
45.0
51.0
51.0
108.0
183.0
86.0
44.0
52.0
51.0
52.0
52.0
54.0
0.0


49.0
50.0
49.0
48.0
49.0
45.0
89.0
79.0
44.0
47.0
56.0
144.0
148.0
57.0
48.0
108.0
194.0
107.0
45.0
49.0
62.0
135.0
168.0
63.0
47.0
52.0
51.0
51.0
52.0
53.0
0.0


49.0
50.0
49.0
48.0
50.0
43.0
98.0
154.0
53.0
44.0
48.0
118.0
176.0
71.0
50.0
132.0
209.0
110.0
45.0
50.0
97.0
163.0
138.0
50.0
50.0
51.0
51.0
51.0
53.0
52.0
0.0


49.0
49.0
49.0
49.0
50.0
44.0
65.0
190.0
103.0
42.0
46.0
108.0
201.0
104.0
53.0
135.0
186.0
110.0
43.0
65.0
141.0
198.0
112.0
45.0
53.0
50.0
50.0
51.0
52.0
52.0
0.0


49.0
49.0
49.0
49.0
49.0
48.0
47.0
127.0
181.0
63.0
40.0
102.0
186.0
138.0
61.0
132.0
193.0
98.0
46.0
93.0
141.0
191.0
73.0
47.0
52.0
50.0
50.0
50.0
51.0
51.0
0.0


49.0
49.0
49.0
49.0
48.0
49.0
42.0
74.0
181.0
128.0
43.0
73.0
168.0
158.0
65.0
133.0
229.0
81.0
53.0
124.0
170.0
131.0
48.0
54.0
52.0
51.0
50.0
50.0
51.0
52.0
0.0


49.0
49.0
49.0
49.0
49.0
49.0
48.0
47.0
128.0
223.0
80.0
53.0
138.0
141.0
100.0
146.0
226.0
80.0
89.0
163.0
188.0
82.0
47.0
56.0
53.0
52.0
52.0
51.0
52.0
52.0
0.0


50.0
49.0
49.0
49.0
48.0
48.0
50.0
44.0
77.0
162.0
131.0
56.0
117.0
155.0
166.0
157.0
140.0
113.0
127.0
154.0
156.0
56.0
53.0
55.0
53.0
52.0
52.0
51.0
51.0
52.0
0.0


50.0
50.0
49.0
49.0
49.0
48.0
48.0
49.0
51.0
122.0
156.0
95.0
115.0
170.0
182.0
175.0
128.0
128.0
126.0
159.0
130.0
52.0
57.0
55.0
53.0
52.0
53.0
52.0
52.0
53.0
0.0


50.0
50.0
50.0
49.0
49.0
49.0
49.0
52.0
45.0
91.0
146.0
110.0
133.0
167.0
182.0
205.0
153.0
130.0
129.0
177.0
109.0
53.0
58.0
55.0
54.0
53.0
53.0
52.0
53.0
52.0
0.0


50.0
50.0
50.0
50.0
50.0
50.0
50.0
52.0
48.0
71.0
132.0
116.0
142.0
170.0
178.0
188.0
214.0
130.0
123.0
184.0
88.0
53.0
59.0
54.0
53.0
53.0
53.0
52.0
52.0
53.0
0.0


51.0
51.0
51.0
51.0
51.0
51.0
51.0
52.0
51.0
60.0
122.0
133.0
147.0
170.0
179.0
177.0
190.0
177.0
155.0
183.0
89.0
55.0
58.0
55.0
53.0
53.0
53.0
52.0
52.0
52.0
0.0


51.0
51.0
52.0
51.0
52.0
52.0
52.0
53.0
55.0
56.0
114.0
140.0
135.0
163.0
177.0
161.0
172.0
188.0
179.0
192.0
100.0
56.0
58.0
55.0
54.0
53.0
53.0
52.0
52.0
50.0
0.0


52.0
52.0
52.0
51.0
52.0
53.0
54.0
55.0
55.0
54.0
106.0
128.0
126.0
159.0
153.0
113.0
159.0
173.0
173.0
222.0
101.0
56.0
59.0
55.0
54.0
52.0
53.0
53.0
52.0
51.0
0.0


53.0
53.0
52.0
52.0
53.0
54.0
55.0
56.0
56.0
54.0
104.0
130.0
118.0
144.0
129.0
101.0
143.0
179.0
185.0
234.0
89.0
57.0
58.0
55.0
54.0
52.0
52.0
51.0
52.0
52.0
0.0


53.0
53.0
53.0
53.0
54.0
56.0
57.0
57.0
59.0
54.0
95.0
136.0
119.0
130.0
123.0
124.0
142.0
186.0
219.0
205.0
78.0
58.0
58.0
54.0
53.0
51.0
50.0
50.0
50.0
52.0
0.0


55.0
55.0
54.0
53.0
55.0
57.0
58.0
58.0
60.0
57.0
78.0
149.0
126.0
115.0
131.0
137.0
156.0
189.0
226.0
185.0
71.0
60.0
58.0
54.0
52.0
50.0
49.0
48.0
50.0
53.0
0.0


55.0
54.0
53.0
53.0
54.0
56.0
59.0
60.0
60.0
62.0
65.0
131.0
143.0
116.0
142.0
160.0
178.0
200.0
246.0
148.0
64.0
63.0
58.0
55.0
54.0
53.0
51.0
51.0
52.0
53.0
0.0


54.0
54.0
54.0
54.0
54.0
55.0
59.0
61.0
61.0
64.0
62.0
97.0
162.0
146.0
156.0
176.0
199.0
204.0
255.0
113.0
61.0
64.0
58.0
57.0
55.0
53.0
54.0
53.0
53.0
53.0
0.0


55.0
55.0
55.0
54.0
55.0
56.0
59.0
61.0
63.0
65.0
66.0
76.0
159.0
185.0
171.0
185.0
206.0
210.0
255.0
131.0
63.0
64.0
58.0
57.0
56.0
54.0
54.0
53.0
54.0
53.0
0.0


55.0
55.0
55.0
55.0
56.0
56.0
57.0
59.0
62.0
66.0
70.0
67.0
107.0
220.0
194.0
195.0
204.0
215.0
242.0
180.0
73.0
62.0
59.0
57.0
56.0
54.0
54.0
54.0
53.0
53.0
0.0


55.0
55.0
55.0
56.0
56.0
57.0
58.0
59.0
62.0
66.0
70.0
72.0
78.0
165.0
196.0
188.0
198.0
212.0
210.0
242.0
94.0
59.0
60.0
57.0
56.0
55.0
54.0
54.0
53.0
52.0
0.0


56.0
56.0
56.0
57.0
57.0
58.0
59.0
60.0
61.0
64.0
70.0
74.0
74.0
132.0
183.0
176.0
187.0
199.0
203.0
247.0
132.0
62.0
62.0
60.0
56.0
55.0
54.0
53.0
52.0
52.0
0.0


57.0
57.0
57.0
57.0
58.0
59.0
60.0
60.0
62.0
64.0
69.0
75.0
74.0
118.0
179.0
170.0
179.0
185.0
200.0
227.0
188.0
74.0
62.0
63.0
59.0
54.0
53.0
52.0
53.0
56.0
0.0


0.0
0.0
0.0
0.0
0.0
0.0
0.0
0.0
0.0
0.0
0.0
0.0
0.0
0.0
0.0
0.0
0.0
0.0
0.0
0.0
0.0
0.0
0.0
0.0
0.0
0.0
0.0
0.0
0.0
0.0
0.0


