50.0
50.0
50.0
50.0
50.0
50.0
51.0
51.0
51.0
52.0
52.0
52.0
51.0
51.0
53.0
52.0
53.0
53.0
52.0
53.0
54.0
55.0
55.0
54.0
54.0
52.0
53.0
54.0
54.0
56.0
0.0


49.0
50.0
50.0
49.0
50.0
50.0
50.0
50.0
51.0
51.0
51.0
51.0
58.0
55.0
50.0
52.0
53.0
53.0
52.0
55.0
54.0
53.0
53.0
53.0
53.0
54.0
54.0
55.0
55.0
56.0
0.0


49.0
50.0
50.0
49.0
49.0
50.0
51.0
51.0
51.0
51.0
51.0
50.0
108.0
115.0
50.0
51.0
56.0
52.0
51.0
53.0
54.0
55.0
53.0
50.0
52.0
52.0
52.0
53.0
54.0
56.0
0.0


49.0
50.0
51.0
49.0
49.0
49.0
51.0
52.0
51.0
51.0
52.0
47.0
99.0
165.0
68.0
48.0
54.0
51.0
52.0
52.0
49.0
94.0
114.0
51.0
51.0
50.0
48.0
49.0
52.0
55.0
0.0


50.0
50.0
52.0
50.0
49.0
50.0
51.0
51.0
51.0
52.0
52.0
47.0
80.0
167.0
101.0
47.0
52.0
51.0
51.0
51.0
52.0
112.0
134.0
52.0
50.0
50.0
48.0
49.0
51.0
55.0
0.0


50.0
50.0
51.0
50.0
50.0
50.0
50.0
51.0
51.0
51.0
53.0
47.0
69.0
163.0
129.0
52.0
51.0
51.0
52.0
49.0
64.0
133.0
117.0
49.0
51.0
49.0
49.0
50.0
52.0
54.0
0.0


50.0
51.0
51.0
51.0
51.0
50.0
50.0
51.0
52.0
51.0
52.0
48.0
61.0
142.0
151.0
63.0
48.0
50.0
53.0
49.0
85.0
163.0
101.0
45.0
52.0
50.0
50.0
51.0
54.0
55.0
0.0


50.0
51.0
51.0
51.0
51.0
51.0
50.0
51.0
51.0
51.0
52.0
50.0
55.0
123.0
171.0
80.0
45.0
52.0
50.0
55.0
106.0
162.0
76.0
46.0
52.0
51.0
52.0
52.0
53.0
54.0
0.0


50.0
51.0
51.0
51.0
51.0
51.0
51.0
52.0
51.0
51.0
50.0
50.0
51.0
111.0
188.0
103.0
45.0
53.0
48.0
81.0
142.0
151.0
59.0
51.0
52.0
52.0
52.0
52.0
53.0
53.0
0.0


51.0
50.0
50.0
51.0
51.0
51.0
52.0
52.0
50.0
50.0
49.0
49.0
49.0
108.0
172.0
128.0
50.0
49.0
54.0
110.0
175.0
131.0
50.0
54.0
52.0
51.0
52.0
52.0
53.0
53.0
0.0


50.0
50.0
50.0
51.0
51.0
51.0
51.0
51.0
50.0
51.0
50.0
52.0
44.0
95.0
177.0
140.0
56.0
48.0
74.0
122.0
170.0
86.0
49.0
54.0
52.0
50.0
51.0
52.0
52.0
52.0
0.0


50.0
50.0
50.0
51.0
51.0
52.0
52.0
52.0
52.0
51.0
52.0
52.0
62.0
89.0
187.0
158.0
59.0
48.0
102.0
154.0
141.0
56.0
55.0
54.0
51.0
51.0
52.0
52.0
51.0
51.0
0.0


50.0
51.0
51.0
51.0
51.0
51.0
52.0
53.0
52.0
53.0
49.0
72.0
174.0
151.0
155.0
204.0
75.0
71.0
151.0
184.0
96.0
51.0
58.0
53.0
52.0
51.0
51.0
51.0
51.0
51.0
0.0


51.0
51.0
50.0
50.0
50.0
51.0
52.0
52.0
53.0
54.0
48.0
83.0
161.0
148.0
147.0
141.0
128.0
123.0
136.0
161.0
70.0
56.0
57.0
53.0
52.0
51.0
50.0
51.0
51.0
51.0
0.0


51.0
50.0
50.0
50.0
50.0
51.0
51.0
52.0
52.0
54.0
46.0
79.0
165.0
137.0
146.0
128.0
141.0
114.0
134.0
143.0
62.0
60.0
55.0
52.0
51.0
50.0
49.0
50.0
51.0
51.0
0.0


50.0
50.0
51.0
51.0
51.0
50.0
51.0
52.0
53.0
50.0
68.0
143.0
185.0
154.0
154.0
180.0
191.0
137.0
162.0
130.0
59.0
60.0
54.0
51.0
50.0
49.0
49.0
49.0
51.0
51.0
0.0


50.0
50.0
50.0
51.0
51.0
50.0
50.0
53.0
52.0
52.0
130.0
186.0
155.0
192.0
205.0
185.0
228.0
181.0
161.0
122.0
59.0
59.0
54.0
51.0
49.0
49.0
49.0
50.0
51.0
51.0
0.0


50.0
50.0
50.0
50.0
50.0
50.0
51.0
53.0
48.0
72.0
180.0
176.0
151.0
173.0
200.0
182.0
215.0
213.0
188.0
133.0
63.0
61.0
54.0
52.0
51.0
50.0
50.0
51.0
51.0
51.0
0.0


50.0
51.0
50.0
50.0
51.0
51.0
51.0
53.0
48.0
69.0
165.0
196.0
187.0
180.0
199.0
183.0
201.0
220.0
212.0
160.0
66.0
57.0
54.0
52.0
51.0
51.0
51.0
51.0
51.0
52.0
0.0


51.0
51.0
51.0
51.0
51.0
52.0
52.0
52.0
51.0
57.0
129.0
170.0
192.0
205.0
192.0
188.0
188.0
197.0
220.0
184.0
68.0
57.0
55.0
52.0
52.0
51.0
51.0
51.0
52.0
51.0
0.0


52.0
52.0
52.0
51.0
52.0
52.0
52.0
52.0
52.0
56.0
125.0
143.0
155.0
193.0
178.0
172.0
158.0
175.0
214.0
184.0
69.0
56.0
55.0
52.0
51.0
51.0
51.0
51.0
50.0
48.0
0.0


52.0
53.0
52.0
52.0
52.0
53.0
53.0
52.0
52.0
54.0
122.0
137.0
134.0
170.0
175.0
155.0
136.0
157.0
224.0
177.0
68.0
58.0
56.0
54.0
53.0
53.0
53.0
52.0
50.0
49.0
0.0


53.0
53.0
53.0
53.0
53.0
53.0
54.0
54.0
54.0
50.0
104.0
151.0
133.0
141.0
152.0
142.0
140.0
162.0
233.0
158.0
64.0
62.0
59.0
57.0
56.0
55.0
55.0
54.0
53.0
54.0
0.0


53.0
53.0
53.0
53.0
54.0
54.0
54.0
55.0
55.0
52.0
77.0
159.0
141.0
128.0
145.0
152.0
162.0
186.0
245.0
125.0
64.0
65.0
60.0
58.0
57.0
56.0
56.0
55.0
56.0
57.0
0.0


54.0
55.0
54.0
54.0
54.0
55.0
55.0
55.0
56.0
59.0
61.0
120.0
160.0
143.0
155.0
175.0
193.0
207.0
241.0
99.0
66.0
67.0
61.0
59.0
57.0
55.0
55.0
56.0
57.0
59.0
0.0


55.0
54.0
53.0
53.0
54.0
55.0
55.0
56.0
57.0
62.0
65.0
82.0
166.0
176.0
173.0
186.0
209.0
211.0
249.0
110.0
67.0
68.0
63.0
60.0
60.0
59.0
58.0
58.0
59.0
60.0
0.0


55.0
54.0
54.0
54.0
54.0
55.0
57.0
57.0
58.0
63.0
69.0
70.0
116.0
217.0
201.0
197.0
198.0
206.0
249.0
140.0
69.0
69.0
65.0
64.0
63.0
62.0
62.0
62.0
62.0
62.0
0.0


54.0
54.0
54.0
54.0
55.0
55.0
57.0
58.0
59.0
64.0
69.0
74.0
86.0
170.0
191.0
187.0
184.0
192.0
227.0
182.0
78.0
69.0
67.0
66.0
65.0
63.0
63.0
64.0
64.0
64.0
0.0


54.0
54.0
55.0
55.0
55.0
55.0
57.0
58.0
59.0
64.0
70.0
76.0
85.0
148.0
166.0
164.0
171.0
178.0
202.0
235.0
95.0
67.0
69.0
67.0
66.0
65.0
64.0
64.0
65.0
64.0
0.0


54.0
55.0
55.0
55.0
55.0
55.0
56.0
58.0
59.0
64.0
70.0
77.0
81.0
136.0
167.0
159.0
164.0
170.0
191.0
244.0
129.0
69.0
72.0
69.0
68.0
66.0
66.0
66.0
65.0
65.0
0.0


0.0
0.0
0.0
0.0
0.0
0.0
0.0
0.0
0.0
0.0
0.0
0.0
0.0
0.0
0.0
0.0
0.0
0.0
0.0
0.0
0.0
0.0
0.0
0.0
0.0
0.0
0.0
0.0
0.0
0.0
0.0


