50.0
48.0
49.0
50.0
49.0
49.0
50.0
51.0
52.0
51.0
51.0
51.0
51.0
52.0
50.0
64.0
105.0
74.0
49.0
46.0
83.0
141.0
162.0
66.0
47.0
52.0
52.0
52.0
53.0
49.0
51.0
51.0
51.0
52.0
50.0
48.0
48.0
48.0
50.0
51.0
0.0


50.0
50.0
48.0
50.0
49.0
50.0
50.0
50.0
51.0
50.0
51.0
50.0
51.0
53.0
48.0
92.0
145.0
115.0
47.0
47.0
93.0
148.0
173.0
67.0
47.0
51.0
52.0
49.0
73.0
93.0
55.0
52.0
52.0
51.0
51.0
48.0
47.0
49.0
50.0
51.0
0.0


50.0
50.0
48.0
49.0
49.0
49.0
50.0
50.0
50.0
50.0
51.0
52.0
51.0
53.0
48.0
101.0
162.0
113.0
46.0
50.0
106.0
141.0
178.0
74.0
45.0
51.0
50.0
56.0
119.0
159.0
82.0
47.0
52.0
52.0
49.0
47.0
48.0
50.0
49.0
52.0
0.0


49.0
49.0
49.0
49.0
49.0
49.0
49.0
50.0
50.0
50.0
51.0
51.0
51.0
51.0
52.0
114.0
160.0
118.0
45.0
54.0
125.0
148.0
175.0
67.0
46.0
52.0
46.0
69.0
142.0
169.0
83.0
46.0
51.0
50.0
50.0
48.0
49.0
51.0
51.0
52.0
0.0


50.0
49.0
50.0
49.0
48.0
49.0
49.0
51.0
51.0
50.0
50.0
51.0
51.0
49.0
60.0
122.0
150.0
125.0
45.0
62.0
143.0
153.0
175.0
62.0
47.0
52.0
47.0
93.0
142.0
176.0
74.0
46.0
51.0
50.0
51.0
49.0
50.0
51.0
52.0
54.0
0.0


49.0
49.0
49.0
50.0
49.0
49.0
48.0
46.0
49.0
49.0
49.0
49.0
50.0
48.0
61.0
133.0
161.0
127.0
43.0
71.0
147.0
150.0
169.0
60.0
47.0
50.0
53.0
120.0
141.0
172.0
67.0
46.0
51.0
51.0
51.0
51.0
51.0
52.0
53.0
53.0
0.0


49.0
49.0
48.0
50.0
50.0
47.0
53.0
86.0
59.0
46.0
49.0
49.0
49.0
47.0
63.0
140.0
169.0
124.0
37.0
81.0
155.0
162.0
154.0
53.0
51.0
47.0
71.0
148.0
156.0
156.0
55.0
49.0
52.0
51.0
51.0
52.0
52.0
51.0
52.0
53.0
0.0


49.0
49.0
49.0
48.0
50.0
45.0
69.0
156.0
106.0
43.0
49.0
48.0
49.0
45.0
64.0
140.0
172.0
119.0
35.0
99.0
159.0
174.0
137.0
48.0
53.0
46.0
97.0
143.0
182.0
125.0
46.0
51.0
50.0
51.0
51.0
51.0
52.0
53.0
52.0
53.0
0.0


49.0
49.0
49.0
49.0
49.0
46.0
66.0
155.0
146.0
51.0
46.0
47.0
48.0
44.0
68.0
141.0
175.0
117.0
39.0
124.0
166.0
188.0
128.0
47.0
52.0
58.0
124.0
141.0
203.0
90.0
45.0
51.0
50.0
51.0
51.0
51.0
51.0
52.0
52.0
53.0
0.0


49.0
50.0
49.0
49.0
49.0
47.0
58.0
148.0
184.0
76.0
42.0
47.0
47.0
44.0
74.0
145.0
175.0
122.0
50.0
149.0
160.0
201.0
125.0
49.0
50.0
87.0
142.0
151.0
197.0
70.0
47.0
51.0
51.0
51.0
51.0
51.0
51.0
52.0
52.0
52.0
0.0


50.0
49.0
49.0
49.0
49.0
48.0
51.0
136.0
190.0
115.0
42.0
47.0
48.0
43.0
84.0
165.0
186.0
136.0
62.0
133.0
134.0
195.0
98.0
45.0
58.0
134.0
156.0
170.0
172.0
56.0
50.0
51.0
51.0
52.0
50.0
51.0
51.0
50.0
52.0
52.0
0.0


49.0
49.0
48.0
49.0
48.0
50.0
44.0
107.0
179.0
147.0
53.0
46.0
48.0
43.0
85.0
149.0
170.0
137.0
69.0
133.0
136.0
195.0
85.0
43.0
79.0
144.0
154.0
208.0
137.0
47.0
52.0
51.0
51.0
51.0
50.0
50.0
51.0
51.0
51.0
51.0
0.0


49.0
49.0
49.0
48.0
48.0
50.0
46.0
74.0
154.0
162.0
84.0
43.0
49.0
44.0
82.0
128.0
155.0
135.0
80.0
142.0
147.0
188.0
72.0
49.0
106.0
135.0
148.0
225.0
86.0
46.0
53.0
50.0
51.0
50.0
50.0
50.0
51.0
51.0
50.0
51.0
0.0


49.0
49.0
49.0
49.0
49.0
49.0
48.0
54.0
136.0
156.0
139.0
52.0
49.0
45.0
83.0
135.0
164.0
127.0
83.0
162.0
167.0
165.0
58.0
66.0
126.0
139.0
177.0
158.0
53.0
52.0
52.0
51.0
50.0
50.0
50.0
50.0
50.0
50.0
50.0
51.0
0.0


48.0
49.0
49.0
49.0
49.0
49.0
50.0
43.0
109.0
167.0
176.0
74.0
46.0
46.0
82.0
142.0
175.0
122.0
94.0
165.0
184.0
140.0
48.0
86.0
145.0
147.0
211.0
104.0
46.0
54.0
52.0
51.0
50.0
49.0
49.0
49.0
49.0
50.0
50.0
51.0
0.0


49.0
49.0
48.0
49.0
49.0
49.0
50.0
45.0
75.0
151.0
134.0
101.0
48.0
48.0
79.0
123.0
150.0
118.0
107.0
152.0
159.0
116.0
61.0
130.0
160.0
159.0
191.0
66.0
50.0
55.0
52.0
51.0
50.0
50.0
49.0
49.0
49.0
50.0
51.0
52.0
0.0


48.0
48.0
48.0
49.0
49.0
49.0
49.0
49.0
53.0
116.0
114.0
128.0
67.0
44.0
92.0
133.0
139.0
126.0
114.0
119.0
107.0
94.0
102.0
129.0
140.0
198.0
135.0
50.0
56.0
54.0
53.0
50.0
49.0
50.0
49.0
49.0
49.0
50.0
51.0
51.0
0.0


48.0
48.0
49.0
48.0
48.0
49.0
49.0
50.0
47.0
102.0
118.0
117.0
100.0
61.0
103.0
158.0
149.0
164.0
160.0
117.0
112.0
104.0
115.0
119.0
128.0
202.0
102.0
48.0
56.0
54.0
53.0
51.0
49.0
49.0
49.0
48.0
48.0
50.0
51.0
50.0
0.0


49.0
49.0
49.0
49.0
48.0
49.0
49.0
51.0
46.0
76.0
122.0
107.0
97.0
77.0
99.0
148.0
158.0
172.0
199.0
169.0
116.0
121.0
130.0
133.0
144.0
222.0
89.0
50.0
57.0
54.0
52.0
49.0
49.0
48.0
48.0
49.0
48.0
49.0
50.0
51.0
0.0


49.0
49.0
48.0
48.0
48.0
49.0
50.0
51.0
49.0
60.0
124.0
102.0
82.0
86.0
116.0
133.0
165.0
175.0
177.0
202.0
168.0
125.0
130.0
125.0
152.0
201.0
78.0
54.0
56.0
53.0
52.0
50.0
49.0
49.0
47.0
48.0
48.0
48.0
50.0
50.0
0.0


49.0
49.0
48.0
48.0
48.0
49.0
50.0
52.0
51.0
57.0
107.0
96.0
94.0
105.0
127.0
136.0
152.0
180.0
186.0
191.0
215.0
150.0
123.0
136.0
154.0
169.0
65.0
56.0
62.0
54.0
52.0
51.0
50.0
50.0
50.0
49.0
49.0
50.0
50.0
50.0
0.0


49.0
48.0
48.0
49.0
49.0
49.0
50.0
51.0
52.0
52.0
104.0
104.0
96.0
109.0
128.0
143.0
153.0
163.0
185.0
186.0
199.0
202.0
120.0
121.0
157.0
145.0
62.0
58.0
59.0
55.0
53.0
52.0
50.0
51.0
50.0
49.0
49.0
51.0
51.0
50.0
0.0


48.0
48.0
49.0
50.0
49.0
50.0
51.0
52.0
53.0
50.0
98.0
113.0
108.0
122.0
138.0
154.0
148.0
144.0
165.0
186.0
187.0
203.0
172.0
156.0
155.0
150.0
64.0
60.0
56.0
54.0
53.0
52.0
51.0
50.0
50.0
50.0
51.0
51.0
51.0
51.0
0.0


49.0
49.0
50.0
50.0
50.0
51.0
52.0
53.0
55.0
50.0
86.0
132.0
118.0
117.0
131.0
145.0
155.0
153.0
134.0
167.0
181.0
183.0
199.0
177.0
149.0
167.0
69.0
57.0
57.0
54.0
53.0
52.0
51.0
50.0
51.0
50.0
51.0
51.0
51.0
51.0
0.0


49.0
49.0
50.0
50.0
50.0
51.0
54.0
54.0
55.0
51.0
77.0
128.0
106.0
107.0
128.0
149.0
160.0
150.0
139.0
145.0
168.0
178.0
182.0
189.0
178.0
180.0
76.0
57.0
57.0
55.0
53.0
52.0
51.0
51.0
51.0
50.0
51.0
51.0
50.0
50.0
0.0


49.0
50.0
50.0
50.0
50.0
50.0
53.0
55.0
55.0
53.0
71.0
123.0
110.0
107.0
125.0
145.0
148.0
138.0
133.0
117.0
150.0
169.0
177.0
179.0
189.0
195.0
76.0
56.0
57.0
54.0
52.0
51.0
51.0
50.0
51.0
51.0
51.0
51.0
50.0
49.0
0.0


49.0
50.0
50.0
51.0
51.0
51.0
53.0
55.0
57.0
55.0
67.0
124.0
113.0
105.0
118.0
134.0
141.0
127.0
118.0
91.0
131.0
168.0
172.0
173.0
200.0
184.0
70.0
57.0
57.0
54.0
52.0
51.0
51.0
51.0
51.0
51.0
51.0
51.0
50.0
48.0
0.0


50.0
50.0
50.0
51.0
51.0
52.0
54.0
56.0
59.0
57.0
62.0
123.0
116.0
104.0
112.0
130.0
125.0
114.0
110.0
102.0
124.0
163.0
183.0
189.0
225.0
162.0
64.0
59.0
56.0
54.0
52.0
52.0
51.0
50.0
50.0
50.0
51.0
50.0
50.0
49.0
0.0


51.0
50.0
51.0
51.0
52.0
52.0
54.0
56.0
58.0
59.0
57.0
118.0
126.0
107.0
114.0
124.0
111.0
116.0
114.0
117.0
132.0
149.0
184.0
206.0
238.0
149.0
62.0
61.0
57.0
54.0
52.0
52.0
52.0
51.0
49.0
50.0
51.0
50.0
50.0
50.0
0.0


51.0
51.0
51.0
52.0
52.0
51.0
53.0
56.0
59.0
61.0
56.0
101.0
141.0
118.0
114.0
114.0
108.0
120.0
120.0
124.0
140.0
158.0
185.0
201.0
243.0
132.0
59.0
61.0
57.0
54.0
52.0
51.0
51.0
50.0
49.0
49.0
48.0
48.0
49.0
49.0
0.0


50.0
51.0
51.0
53.0
52.0
52.0
54.0
55.0
57.0
61.0
57.0
81.0
147.0
130.0
120.0
107.0
109.0
122.0
129.0
137.0
149.0
171.0
200.0
202.0
245.0
114.0
59.0
61.0
57.0
53.0
52.0
50.0
50.0
48.0
47.0
48.0
47.0
47.0
48.0
49.0
0.0


51.0
51.0
52.0
52.0
53.0
53.0
54.0
55.0
58.0
60.0
62.0
64.0
131.0
140.0
126.0
111.0
113.0
134.0
140.0
152.0
166.0
185.0
207.0
207.0
242.0
90.0
60.0
61.0
57.0
52.0
51.0
49.0
48.0
47.0
46.0
47.0
46.0
47.0
49.0
49.0
0.0


51.0
52.0
51.0
52.0
53.0
54.0
54.0
55.0
59.0
61.0
65.0
62.0
99.0
149.0
137.0
133.0
129.0
141.0
152.0
165.0
181.0
199.0
211.0
230.0
173.0
67.0
64.0
61.0
58.0
53.0
51.0
50.0
49.0
48.0
48.0
47.0
47.0
47.0
49.0
50.0
0.0


52.0
52.0
52.0
52.0
53.0
55.0
55.0
55.0
57.0
61.0
66.0
66.0
75.0
139.0
142.0
146.0
149.0
144.0
157.0
181.0
195.0
209.0
209.0
245.0
146.0
66.0
67.0
61.0
58.0
55.0
53.0
52.0
51.0
51.0
49.0
50.0
49.0
49.0
50.0
51.0
0.0


52.0
52.0
52.0
51.0
52.0
55.0
55.0
55.0
58.0
62.0
67.0
69.0
67.0
115.0
169.0
158.0
158.0
161.0
165.0
185.0
203.0
214.0
217.0
244.0
175.0
76.0
68.0
65.0
61.0
59.0
57.0
55.0
55.0
54.0
53.0
53.0
52.0
52.0
52.0
53.0
0.0


52.0
51.0
52.0
53.0
52.0
54.0
56.0
56.0
59.0
62.0
67.0
69.0
69.0
81.0
169.0
193.0
184.0
178.0
181.0
186.0
198.0
215.0
222.0
219.0
225.0
94.0
69.0
67.0
64.0
61.0
60.0
59.0
57.0
57.0
55.0
55.0
55.0
55.0
56.0
56.0
0.0


52.0
52.0
52.0
53.0
53.0
52.0
56.0
57.0
58.0
62.0
67.0
68.0
73.0
71.0
109.0
203.0
190.0
192.0
191.0
192.0
203.0
212.0
216.0
211.0
243.0
127.0
67.0
68.0
65.0
62.0
60.0
59.0
59.0
59.0
57.0
57.0
57.0
58.0
58.0
56.0
0.0


52.0
53.0
52.0
52.0
52.0
52.0
55.0
56.0
59.0
62.0
66.0
71.0
73.0
75.0
80.0
158.0
193.0
183.0
182.0
185.0
190.0
205.0
212.0
210.0
227.0
172.0
75.0
67.0
66.0
64.0
61.0
60.0
61.0
59.0
58.0
58.0
58.0
58.0
58.0
57.0
0.0


52.0
52.0
52.0
53.0
53.0
54.0
56.0
56.0
59.0
62.0
67.0
71.0
72.0
77.0
76.0
121.0
184.0
169.0
173.0
179.0
179.0
188.0
205.0
209.0
210.0
229.0
95.0
67.0
68.0
65.0
64.0
62.0
61.0
61.0
60.0
60.0
59.0
59.0
59.0
59.0
0.0


52.0
52.0
52.0
52.0
54.0
55.0
56.0
58.0
60.0
64.0
68.0
71.0
74.0
78.0
78.0
107.0
171.0
158.0
166.0
175.0
175.0
177.0
197.0
204.0
204.0
245.0
128.0
70.0
73.0
69.0
68.0
66.0
65.0
63.0
63.0
63.0
62.0
62.0
61.0
60.0
0.0


0.0
0.0
0.0
0.0
0.0
0.0
0.0
0.0
0.0
0.0
0.0
0.0
0.0
0.0
0.0
0.0
0.0
0.0
0.0
0.0
0.0
0.0
0.0
0.0
0.0
0.0
0.0
0.0
0.0
0.0
0.0
0.0
0.0
0.0
0.0
0.0
0.0
0.0
0.0
0.0
0.0


