49.0
49.0
49.0
49.0
49.0
49.0
49.0
50.0
50.0
51.0
50.0
50.0
51.0
52.0
52.0
52.0
53.0
53.0
54.0
52.0
53.0
53.0
51.0
58.0
117.0
139.0
134.0
53.0
52.0
52.0
52.0
52.0
52.0
51.0
51.0
50.0
49.0
50.0
52.0
53.0
0.0


49.0
49.0
50.0
50.0
50.0
50.0
50.0
50.0
51.0
50.0
50.0
51.0
50.0
52.0
51.0
52.0
52.0
51.0
52.0
52.0
52.0
51.0
48.0
60.0
124.0
139.0
147.0
58.0
50.0
52.0
51.0
51.0
51.0
51.0
51.0
50.0
50.0
51.0
52.0
53.0
0.0


49.0
49.0
49.0
50.0
50.0
49.0
49.0
50.0
50.0
49.0
50.0
51.0
50.0
51.0
51.0
52.0
52.0
51.0
51.0
52.0
52.0
52.0
47.0
63.0
134.0
147.0
156.0
57.0
50.0
52.0
51.0
50.0
50.0
51.0
51.0
52.0
51.0
52.0
53.0
54.0
0.0


49.0
49.0
49.0
49.0
50.0
50.0
50.0
51.0
52.0
49.0
50.0
51.0
50.0
50.0
51.0
51.0
50.0
50.0
52.0
51.0
51.0
52.0
47.0
67.0
133.0
149.0
157.0
57.0
51.0
51.0
50.0
50.0
51.0
50.0
52.0
52.0
52.0
52.0
52.0
53.0
0.0


49.0
49.0
49.0
49.0
49.0
50.0
50.0
52.0
51.0
50.0
50.0
51.0
50.0
50.0
50.0
50.0
50.0
50.0
50.0
50.0
50.0
50.0
46.0
70.0
135.0
150.0
158.0
57.0
50.0
51.0
50.0
51.0
51.0
51.0
52.0
52.0
52.0
52.0
53.0
53.0
0.0


49.0
49.0
48.0
49.0
49.0
50.0
51.0
52.0
51.0
49.0
50.0
51.0
49.0
49.0
50.0
50.0
50.0
49.0
50.0
49.0
49.0
50.0
45.0
78.0
142.0
155.0
164.0
58.0
49.0
52.0
51.0
51.0
51.0
51.0
51.0
51.0
52.0
52.0
53.0
53.0
0.0


49.0
49.0
48.0
48.0
49.0
49.0
50.0
51.0
50.0
49.0
49.0
49.0
48.0
49.0
48.0
49.0
50.0
49.0
49.0
50.0
50.0
52.0
46.0
92.0
161.0
160.0
167.0
59.0
49.0
52.0
51.0
51.0
51.0
52.0
51.0
52.0
52.0
51.0
52.0
52.0
0.0


49.0
49.0
49.0
49.0
49.0
50.0
50.0
50.0
50.0
50.0
49.0
48.0
49.0
49.0
49.0
50.0
50.0
50.0
50.0
51.0
51.0
51.0
47.0
104.0
157.0
158.0
166.0
57.0
50.0
52.0
50.0
51.0
51.0
51.0
51.0
51.0
51.0
51.0
52.0
51.0
0.0


49.0
49.0
50.0
49.0
49.0
50.0
50.0
50.0
51.0
50.0
49.0
49.0
49.0
49.0
50.0
50.0
50.0
50.0
51.0
51.0
51.0
50.0
50.0
99.0
120.0
148.0
143.0
51.0
52.0
51.0
51.0
51.0
51.0
51.0
50.0
51.0
51.0
51.0
52.0
52.0
0.0


49.0
49.0
49.0
49.0
50.0
50.0
50.0
51.0
52.0
50.0
50.0
50.0
49.0
50.0
50.0
50.0
51.0
50.0
50.0
50.0
50.0
49.0
53.0
105.0
119.0
163.0
125.0
48.0
52.0
52.0
51.0
51.0
50.0
51.0
51.0
51.0
50.0
51.0
52.0
52.0
0.0


50.0
49.0
49.0
49.0
49.0
50.0
49.0
50.0
50.0
50.0
50.0
51.0
50.0
50.0
50.0
51.0
51.0
51.0
52.0
50.0
50.0
49.0
59.0
115.0
128.0
174.0
113.0
48.0
54.0
51.0
51.0
51.0
51.0
50.0
50.0
51.0
50.0
51.0
51.0
52.0
0.0


50.0
49.0
49.0
49.0
49.0
49.0
50.0
49.0
49.0
50.0
51.0
50.0
51.0
51.0
50.0
51.0
51.0
51.0
45.0
46.0
50.0
49.0
63.0
125.0
132.0
178.0
102.0
46.0
54.0
51.0
51.0
50.0
50.0
50.0
50.0
50.0
50.0
51.0
51.0
52.0
0.0


50.0
50.0
49.0
49.0
49.0
49.0
50.0
50.0
50.0
50.0
51.0
51.0
50.0
51.0
51.0
51.0
49.0
48.0
72.0
75.0
52.0
47.0
70.0
137.0
137.0
181.0
89.0
46.0
53.0
52.0
51.0
50.0
50.0
50.0
50.0
50.0
50.0
51.0
52.0
52.0
0.0


49.0
49.0
49.0
49.0
49.0
49.0
49.0
49.0
50.0
50.0
51.0
51.0
50.0
50.0
51.0
52.0
47.0
94.0
181.0
193.0
115.0
40.0
88.0
135.0
134.0
182.0
82.0
49.0
54.0
52.0
51.0
50.0
50.0
50.0
49.0
50.0
49.0
51.0
52.0
52.0
0.0


49.0
49.0
49.0
49.0
49.0
49.0
49.0
49.0
50.0
50.0
50.0
50.0
51.0
51.0
48.0
47.0
44.0
131.0
159.0
154.0
187.0
101.0
97.0
122.0
118.0
165.0
88.0
49.0
56.0
52.0
51.0
49.0
49.0
50.0
49.0
50.0
50.0
50.0
52.0
52.0
0.0


49.0
49.0
49.0
49.0
49.0
49.0
49.0
50.0
50.0
50.0
49.0
51.0
49.0
44.0
65.0
118.0
100.0
121.0
157.0
151.0
171.0
116.0
116.0
133.0
117.0
171.0
95.0
49.0
57.0
53.0
51.0
50.0
48.0
49.0
49.0
50.0
50.0
50.0
51.0
52.0
0.0


49.0
49.0
49.0
48.0
49.0
49.0
49.0
51.0
51.0
49.0
51.0
46.0
56.0
55.0
131.0
182.0
181.0
167.0
140.0
150.0
139.0
113.0
165.0
151.0
122.0
172.0
96.0
50.0
56.0
52.0
51.0
50.0
48.0
49.0
49.0
50.0
50.0
51.0
51.0
52.0
0.0


49.0
49.0
49.0
49.0
49.0
50.0
50.0
50.0
50.0
50.0
46.0
75.0
144.0
153.0
158.0
152.0
150.0
166.0
142.0
143.0
146.0
170.0
187.0
183.0
144.0
161.0
93.0
50.0
61.0
54.0
51.0
51.0
50.0
50.0
50.0
50.0
50.0
51.0
51.0
51.0
0.0


49.0
50.0
49.0
50.0
49.0
49.0
49.0
49.0
49.0
48.0
52.0
149.0
163.0
151.0
163.0
142.0
144.0
163.0
151.0
150.0
157.0
179.0
204.0
226.0
176.0
166.0
92.0
50.0
57.0
53.0
51.0
51.0
50.0
50.0
50.0
51.0
51.0
51.0
51.0
52.0
0.0


49.0
50.0
49.0
50.0
50.0
50.0
50.0
49.0
51.0
44.0
77.0
174.0
150.0
139.0
153.0
144.0
137.0
156.0
164.0
164.0
170.0
178.0
217.0
221.0
202.0
187.0
96.0
52.0
56.0
53.0
52.0
51.0
50.0
51.0
51.0
51.0
51.0
51.0
51.0
51.0
0.0


50.0
50.0
50.0
50.0
50.0
50.0
50.0
50.0
50.0
43.0
93.0
189.0
159.0
138.0
142.0
152.0
139.0
157.0
172.0
160.0
170.0
185.0
211.0
223.0
213.0
195.0
96.0
52.0
56.0
53.0
52.0
52.0
51.0
52.0
51.0
51.0
52.0
51.0
52.0
51.0
0.0


50.0
51.0
51.0
51.0
51.0
50.0
50.0
49.0
51.0
44.0
79.0
181.0
183.0
161.0
145.0
163.0
155.0
159.0
171.0
157.0
170.0
196.0
207.0
225.0
221.0
219.0
102.0
52.0
57.0
53.0
53.0
52.0
51.0
51.0
51.0
51.0
51.0
51.0
51.0
51.0
0.0


50.0
50.0
50.0
51.0
51.0
51.0
51.0
50.0
50.0
47.0
61.0
149.0
182.0
195.0
169.0
186.0
174.0
160.0
179.0
147.0
124.0
197.0
220.0
219.0
218.0
245.0
103.0
51.0
58.0
54.0
52.0
52.0
52.0
52.0
52.0
52.0
51.0
50.0
51.0
51.0
0.0


50.0
51.0
51.0
51.0
51.0
50.0
50.0
50.0
51.0
48.0
55.0
128.0
142.0
163.0
184.0
204.0
189.0
168.0
202.0
120.0
86.0
158.0
217.0
216.0
214.0
253.0
117.0
52.0
57.0
54.0
53.0
52.0
52.0
51.0
51.0
51.0
51.0
51.0
51.0
50.0
0.0


51.0
51.0
51.0
51.0
51.0
51.0
50.0
50.0
51.0
49.0
53.0
119.0
133.0
143.0
177.0
194.0
179.0
181.0
172.0
114.0
87.0
144.0
210.0
210.0
212.0
249.0
149.0
57.0
58.0
53.0
52.0
52.0
51.0
51.0
52.0
51.0
52.0
51.0
50.0
50.0
0.0


51.0
51.0
51.0
51.0
52.0
51.0
51.0
51.0
51.0
49.0
53.0
119.0
129.0
133.0
154.0
178.0
176.0
178.0
136.0
133.0
132.0
181.0
205.0
207.0
208.0
249.0
141.0
57.0
58.0
54.0
53.0
52.0
52.0
51.0
51.0
52.0
51.0
51.0
50.0
50.0
0.0


52.0
51.0
51.0
52.0
52.0
52.0
52.0
52.0
52.0
52.0
51.0
117.0
129.0
121.0
139.0
168.0
182.0
170.0
139.0
145.0
220.0
190.0
192.0
209.0
205.0
251.0
119.0
55.0
58.0
54.0
52.0
52.0
51.0
51.0
50.0
51.0
51.0
49.0
49.0
50.0
0.0


52.0
52.0
52.0
51.0
52.0
52.0
53.0
52.0
53.0
53.0
49.0
104.0
135.0
120.0
133.0
150.0
159.0
161.0
155.0
141.0
173.0
175.0
180.0
206.0
208.0
249.0
101.0
55.0
58.0
54.0
52.0
52.0
50.0
50.0
49.0
49.0
49.0
48.0
50.0
50.0
0.0


52.0
52.0
52.0
52.0
52.0
53.0
53.0
52.0
53.0
55.0
48.0
82.0
147.0
127.0
131.0
135.0
141.0
158.0
152.0
158.0
165.0
169.0
182.0
204.0
212.0
243.0
87.0
57.0
59.0
55.0
52.0
51.0
49.0
49.0
48.0
48.0
48.0
48.0
50.0
50.0
0.0


51.0
52.0
52.0
51.0
52.0
53.0
54.0
53.0
54.0
56.0
54.0
61.0
139.0
137.0
130.0
125.0
129.0
156.0
147.0
152.0
164.0
176.0
192.0
210.0
228.0
186.0
70.0
60.0
59.0
55.0
52.0
51.0
50.0
49.0
49.0
48.0
49.0
50.0
50.0
50.0
0.0


52.0
52.0
51.0
52.0
54.0
53.0
55.0
55.0
56.0
56.0
57.0
52.0
100.0
154.0
130.0
130.0
129.0
156.0
153.0
157.0
173.0
185.0
203.0
206.0
252.0
123.0
60.0
63.0
59.0
57.0
54.0
54.0
52.0
51.0
51.0
50.0
51.0
50.0
52.0
51.0
0.0


52.0
52.0
52.0
52.0
54.0
54.0
55.0
56.0
56.0
56.0
58.0
58.0
66.0
141.0
141.0
139.0
139.0
153.0
162.0
172.0
184.0
199.0
209.0
209.0
245.0
90.0
61.0
64.0
59.0
57.0
55.0
54.0
54.0
53.0
52.0
52.0
52.0
52.0
52.0
53.0
0.0


53.0
53.0
54.0
53.0
54.0
54.0
56.0
56.0
56.0
56.0
59.0
63.0
58.0
99.0
161.0
144.0
152.0
160.0
166.0
177.0
197.0
207.0
215.0
212.0
249.0
104.0
62.0
64.0
61.0
58.0
56.0
55.0
54.0
53.0
53.0
53.0
53.0
52.0
52.0
53.0
0.0


53.0
53.0
53.0
53.0
54.0
54.0
56.0
56.0
56.0
57.0
61.0
63.0
64.0
68.0
147.0
179.0
171.0
181.0
185.0
181.0
192.0
207.0
221.0
217.0
250.0
144.0
66.0
66.0
62.0
60.0
58.0
56.0
55.0
56.0
55.0
55.0
55.0
54.0
54.0
53.0
0.0


53.0
54.0
53.0
54.0
53.0
53.0
56.0
56.0
57.0
58.0
62.0
65.0
67.0
66.0
86.0
190.0
196.0
195.0
195.0
196.0
198.0
209.0
217.0
217.0
224.0
195.0
80.0
65.0
64.0
61.0
59.0
57.0
57.0
58.0
55.0
55.0
55.0
55.0
56.0
55.0
0.0


54.0
54.0
54.0
54.0
54.0
55.0
55.0
56.0
58.0
59.0
64.0
66.0
67.0
70.0
67.0
127.0
210.0
189.0
195.0
195.0
197.0
206.0
214.0
214.0
208.0
242.0
106.0
62.0
65.0
61.0
59.0
58.0
58.0
57.0
56.0
55.0
55.0
55.0
54.0
54.0
0.0


55.0
54.0
55.0
55.0
55.0
55.0
55.0
57.0
58.0
61.0
65.0
66.0
67.0
71.0
70.0
93.0
188.0
183.0
185.0
192.0
190.0
197.0
209.0
211.0
208.0
243.0
145.0
65.0
66.0
62.0
60.0
59.0
58.0
56.0
56.0
56.0
56.0
55.0
55.0
53.0
0.0


55.0
55.0
54.0
54.0
56.0
55.0
57.0
57.0
59.0
61.0
64.0
66.0
68.0
71.0
74.0
81.0
156.0
175.0
175.0
184.0
188.0
188.0
200.0
209.0
210.0
219.0
204.0
80.0
64.0
64.0
62.0
61.0
60.0
58.0
55.0
55.0
55.0
56.0
54.0
53.0
0.0


54.0
55.0
55.0
55.0
55.0
56.0
58.0
58.0
59.0
61.0
64.0
67.0
68.0
71.0
76.0
78.0
138.0
176.0
169.0
176.0
182.0
182.0
193.0
204.0
207.0
206.0
248.0
119.0
63.0
64.0
62.0
62.0
61.0
56.0
55.0
55.0
54.0
54.0
54.0
54.0
0.0


55.0
55.0
55.0
55.0
56.0
56.0
57.0
58.0
58.0
61.0
64.0
67.0
69.0
72.0
76.0
75.0
123.0
174.0
166.0
171.0
176.0
177.0
184.0
198.0
205.0
209.0
241.0
167.0
68.0
64.0
63.0
62.0
62.0
57.0
55.0
54.0
54.0
53.0
54.0
54.0
0.0


0.0
0.0
0.0
0.0
0.0
0.0
0.0
0.0
0.0
0.0
0.0
0.0
0.0
0.0
0.0
0.0
0.0
0.0
0.0
0.0
0.0
0.0
0.0
0.0
0.0
0.0
0.0
0.0
0.0
0.0
0.0
0.0
0.0
0.0
0.0
0.0
0.0
0.0
0.0
0.0
0.0


