48.0
48.0
48.0
48.0
48.0
49.0
49.0
50.0
50.0
50.0
50.0
50.0
51.0
49.0
53.0
48.0
49.0
48.0
56.0
122.0
153.0
109.0
43.0
51.0
50.0
51.0
50.0
57.0
54.0
50.0
52.0
52.0
52.0
49.0
47.0
48.0
48.0
49.0
51.0
54.0
0.0


48.0
47.0
48.0
48.0
48.0
49.0
49.0
50.0
50.0
50.0
51.0
50.0
48.0
61.0
108.0
80.0
46.0
49.0
58.0
133.0
179.0
113.0
43.0
50.0
50.0
49.0
58.0
107.0
114.0
55.0
51.0
51.0
52.0
49.0
48.0
48.0
49.0
50.0
52.0
54.0
0.0


48.0
47.0
49.0
49.0
48.0
49.0
49.0
50.0
50.0
50.0
50.0
51.0
45.0
85.0
143.0
138.0
52.0
47.0
67.0
138.0
168.0
131.0
46.0
50.0
50.0
45.0
76.0
137.0
158.0
70.0
48.0
52.0
52.0
51.0
49.0
48.0
50.0
51.0
52.0
53.0
0.0


48.0
49.0
49.0
48.0
49.0
50.0
49.0
49.0
49.0
49.0
49.0
51.0
44.0
89.0
162.0
140.0
50.0
45.0
76.0
144.0
165.0
133.0
47.0
49.0
49.0
45.0
92.0
148.0
163.0
65.0
48.0
51.0
51.0
51.0
49.0
49.0
50.0
52.0
53.0
53.0
0.0


47.0
48.0
50.0
49.0
49.0
49.0
50.0
49.0
49.0
49.0
49.0
50.0
45.0
99.0
161.0
153.0
55.0
42.0
87.0
165.0
175.0
127.0
44.0
49.0
48.0
51.0
113.0
142.0
167.0
63.0
47.0
51.0
51.0
51.0
50.0
50.0
51.0
52.0
53.0
53.0
0.0


48.0
47.0
49.0
49.0
48.0
49.0
51.0
49.0
48.0
49.0
48.0
48.0
47.0
112.0
149.0
167.0
61.0
41.0
99.0
162.0
175.0
130.0
45.0
50.0
46.0
64.0
136.0
146.0
159.0
57.0
47.0
49.0
51.0
51.0
52.0
51.0
51.0
52.0
52.0
53.0
0.0


49.0
47.0
49.0
48.0
48.0
48.0
48.0
49.0
48.0
49.0
48.0
47.0
45.0
113.0
154.0
178.0
64.0
41.0
115.0
162.0
184.0
121.0
43.0
51.0
44.0
87.0
149.0
167.0
138.0
48.0
50.0
49.0
50.0
50.0
51.0
51.0
51.0
52.0
52.0
53.0
0.0


48.0
48.0
48.0
48.0
47.0
54.0
67.0
47.0
47.0
47.0
46.0
47.0
43.0
114.0
164.0
186.0
65.0
40.0
133.0
164.0
196.0
110.0
42.0
50.0
49.0
109.0
141.0
190.0
110.0
44.0
51.0
49.0
50.0
50.0
51.0
51.0
51.0
52.0
52.0
52.0
0.0


48.0
48.0
47.0
48.0
44.0
74.0
149.0
85.0
43.0
47.0
46.0
46.0
43.0
113.0
164.0
192.0
65.0
47.0
156.0
167.0
204.0
100.0
43.0
48.0
61.0
133.0
141.0
201.0
86.0
45.0
50.0
49.0
49.0
50.0
50.0
50.0
51.0
51.0
51.0
51.0
0.0


48.0
48.0
47.0
49.0
43.0
78.0
171.0
133.0
45.0
45.0
45.0
45.0
44.0
115.0
162.0
204.0
69.0
59.0
190.0
173.0
219.0
101.0
45.0
48.0
93.0
148.0
153.0
196.0
68.0
46.0
51.0
49.0
50.0
49.0
50.0
50.0
50.0
50.0
51.0
51.0
0.0


47.0
48.0
48.0
48.0
44.0
66.0
169.0
182.0
65.0
41.0
46.0
45.0
45.0
121.0
161.0
216.0
77.0
67.0
188.0
155.0
211.0
88.0
43.0
54.0
135.0
163.0
167.0
176.0
57.0
48.0
50.0
50.0
50.0
50.0
50.0
51.0
50.0
51.0
51.0
51.0
0.0


48.0
47.0
47.0
48.0
46.0
60.0
157.0
201.0
106.0
41.0
47.0
44.0
50.0
134.0
173.0
232.0
90.0
72.0
167.0
141.0
194.0
76.0
42.0
73.0
139.0
144.0
192.0
138.0
47.0
52.0
49.0
50.0
50.0
50.0
50.0
50.0
50.0
51.0
52.0
52.0
0.0


48.0
48.0
48.0
47.0
48.0
46.0
127.0
203.0
150.0
49.0
45.0
46.0
50.0
131.0
163.0
209.0
100.0
78.0
172.0
148.0
185.0
70.0
46.0
97.0
131.0
135.0
203.0
89.0
46.0
53.0
50.0
50.0
50.0
49.0
49.0
49.0
49.0
51.0
52.0
52.0
0.0


48.0
48.0
48.0
47.0
48.0
42.0
86.0
177.0
176.0
84.0
42.0
48.0
47.0
117.0
141.0
183.0
107.0
84.0
179.0
159.0
172.0
58.0
55.0
121.0
135.0
157.0
175.0
58.0
51.0
50.0
47.0
51.0
50.0
49.0
49.0
49.0
49.0
50.0
51.0
52.0
0.0


48.0
48.0
48.0
47.0
48.0
45.0
56.0
153.0
168.0
152.0
53.0
47.0
45.0
112.0
145.0
185.0
106.0
89.0
190.0
176.0
151.0
48.0
69.0
139.0
138.0
181.0
129.0
47.0
52.0
55.0
89.0
101.0
61.0
47.0
49.0
49.0
49.0
50.0
50.0
52.0
0.0


48.0
48.0
48.0
47.0
47.0
48.0
43.0
118.0
176.0
198.0
80.0
44.0
45.0
106.0
158.0
193.0
113.0
108.0
176.0
183.0
132.0
46.0
99.0
154.0
144.0
203.0
85.0
47.0
51.0
97.0
115.0
128.0
72.0
45.0
49.0
49.0
50.0
51.0
50.0
52.0
0.0


48.0
47.0
47.0
48.0
47.0
48.0
42.0
74.0
173.0
155.0
119.0
49.0
45.0
103.0
173.0
180.0
136.0
120.0
145.0
139.0
110.0
79.0
119.0
135.0
162.0
175.0
59.0
48.0
64.0
121.0
117.0
151.0
59.0
46.0
50.0
49.0
50.0
50.0
50.0
51.0
0.0


48.0
48.0
48.0
47.0
47.0
47.0
47.0
47.0
122.0
129.0
147.0
76.0
40.0
110.0
155.0
140.0
118.0
128.0
127.0
117.0
102.0
102.0
105.0
114.0
158.0
140.0
50.0
49.0
88.0
130.0
144.0
126.0
45.0
49.0
48.0
49.0
49.0
50.0
50.0
51.0
0.0


48.0
48.0
48.0
48.0
48.0
48.0
50.0
44.0
99.0
138.0
131.0
117.0
61.0
97.0
123.0
124.0
129.0
135.0
129.0
122.0
104.0
112.0
121.0
131.0
169.0
130.0
47.0
53.0
114.0
123.0
161.0
116.0
41.0
49.0
49.0
49.0
49.0
50.0
50.0
51.0
0.0


49.0
49.0
48.0
48.0
48.0
49.0
50.0
45.0
69.0
138.0
123.0
124.0
90.0
92.0
126.0
130.0
136.0
139.0
138.0
118.0
119.0
130.0
136.0
139.0
177.0
118.0
48.0
68.0
138.0
127.0
179.0
132.0
44.0
50.0
49.0
49.0
49.0
50.0
51.0
51.0
0.0


48.0
48.0
48.0
48.0
48.0
48.0
49.0
49.0
52.0
124.0
128.0
100.0
88.0
112.0
130.0
136.0
139.0
146.0
137.0
114.0
130.0
139.0
136.0
139.0
202.0
97.0
44.0
84.0
139.0
137.0
212.0
124.0
45.0
51.0
49.0
49.0
49.0
50.0
50.0
51.0
0.0


48.0
48.0
49.0
49.0
50.0
49.0
49.0
51.0
48.0
106.0
120.0
103.0
108.0
125.0
134.0
138.0
145.0
146.0
124.0
132.0
138.0
114.0
116.0
130.0
152.0
118.0
49.0
100.0
134.0
149.0
236.0
82.0
44.0
51.0
50.0
50.0
50.0
50.0
50.0
51.0
0.0


49.0
49.0
49.0
49.0
50.0
50.0
50.0
51.0
46.0
91.0
125.0
108.0
114.0
126.0
133.0
145.0
145.0
132.0
136.0
130.0
106.0
100.0
111.0
123.0
141.0
129.0
65.0
118.0
136.0
173.0
192.0
58.0
50.0
51.0
50.0
50.0
50.0
50.0
50.0
50.0
0.0


49.0
50.0
50.0
50.0
49.0
50.0
50.0
51.0
47.0
77.0
133.0
114.0
125.0
133.0
144.0
143.0
133.0
136.0
123.0
119.0
107.0
98.0
100.0
106.0
134.0
148.0
95.0
121.0
135.0
189.0
143.0
49.0
53.0
52.0
51.0
51.0
51.0
50.0
49.0
49.0
0.0


50.0
50.0
51.0
50.0
50.0
50.0
51.0
51.0
49.0
65.0
133.0
129.0
133.0
133.0
138.0
136.0
145.0
131.0
118.0
120.0
106.0
103.0
91.0
88.0
117.0
114.0
98.0
120.0
138.0
204.0
109.0
47.0
54.0
51.0
52.0
51.0
51.0
50.0
49.0
48.0
0.0


51.0
50.0
51.0
51.0
51.0
51.0
53.0
53.0
51.0
56.0
128.0
130.0
119.0
122.0
137.0
146.0
141.0
123.0
114.0
111.0
101.0
94.0
90.0
87.0
92.0
95.0
100.0
121.0
139.0
213.0
92.0
47.0
54.0
52.0
51.0
51.0
50.0
50.0
47.0
47.0
0.0


51.0
50.0
52.0
52.0
52.0
53.0
53.0
54.0
54.0
53.0
114.0
128.0
119.0
124.0
137.0
142.0
132.0
115.0
112.0
96.0
90.0
91.0
87.0
83.0
82.0
90.0
97.0
124.0
149.0
235.0
82.0
49.0
53.0
52.0
51.0
51.0
50.0
49.0
48.0
48.0
0.0


50.0
51.0
52.0
52.0
52.0
54.0
55.0
55.0
56.0
53.0
109.0
135.0
120.0
119.0
128.0
136.0
126.0
108.0
99.0
84.0
89.0
87.0
87.0
87.0
89.0
102.0
128.0
152.0
186.0
205.0
65.0
54.0
54.0
51.0
52.0
51.0
50.0
50.0
49.0
49.0
0.0


51.0
51.0
52.0
52.0
54.0
55.0
56.0
56.0
58.0
53.0
103.0
141.0
118.0
112.0
124.0
136.0
113.0
95.0
86.0
85.0
91.0
91.0
95.0
99.0
108.0
129.0
155.0
169.0
246.0
110.0
51.0
57.0
52.0
51.0
50.0
49.0
50.0
50.0
50.0
50.0
0.0


51.0
51.0
52.0
53.0
55.0
57.0
57.0
57.0
59.0
54.0
87.0
153.0
121.0
115.0
126.0
130.0
106.0
88.0
86.0
91.0
97.0
99.0
106.0
113.0
128.0
144.0
158.0
218.0
139.0
54.0
57.0
55.0
51.0
50.0
50.0
48.0
48.0
49.0
49.0
51.0
0.0


52.0
53.0
52.0
53.0
56.0
57.0
57.0
58.0
59.0
57.0
70.0
153.0
133.0
127.0
127.0
126.0
104.0
92.0
91.0
100.0
103.0
115.0
126.0
133.0
147.0
160.0
207.0
166.0
63.0
57.0
56.0
53.0
52.0
50.0
50.0
49.0
49.0
49.0
50.0
51.0
0.0


52.0
52.0
53.0
54.0
57.0
57.0
58.0
59.0
60.0
62.0
58.0
128.0
150.0
139.0
129.0
119.0
105.0
101.0
97.0
109.0
119.0
128.0
138.0
149.0
162.0
192.0
197.0
75.0
59.0
59.0
56.0
54.0
53.0
50.0
49.0
49.0
49.0
50.0
50.0
51.0
0.0


52.0
52.0
53.0
54.0
56.0
58.0
59.0
60.0
61.0
64.0
58.0
90.0
163.0
143.0
131.0
119.0
112.0
114.0
112.0
117.0
130.0
146.0
155.0
169.0
187.0
244.0
95.0
62.0
65.0
59.0
58.0
55.0
54.0
53.0
51.0
50.0
51.0
51.0
51.0
51.0
0.0


53.0
53.0
54.0
53.0
56.0
58.0
59.0
61.0
62.0
64.0
63.0
66.0
136.0
149.0
141.0
133.0
133.0
136.0
136.0
136.0
144.0
159.0
174.0
185.0
247.0
126.0
64.0
70.0
64.0
61.0
59.0
56.0
54.0
53.0
52.0
51.0
52.0
52.0
52.0
52.0
0.0


53.0
52.0
53.0
53.0
56.0
58.0
59.0
61.0
62.0
64.0
66.0
62.0
101.0
157.0
147.0
151.0
154.0
145.0
151.0
162.0
172.0
185.0
196.0
241.0
149.0
70.0
73.0
70.0
64.0
60.0
59.0
57.0
55.0
53.0
53.0
51.0
52.0
52.0
50.0
51.0
0.0


53.0
53.0
54.0
54.0
55.0
58.0
58.0
60.0
63.0
64.0
66.0
67.0
77.0
159.0
167.0
168.0
163.0
164.0
162.0
174.0
194.0
210.0
212.0
253.0
150.0
72.0
73.0
69.0
63.0
60.0
58.0
56.0
56.0
53.0
53.0
53.0
53.0
52.0
50.0
51.0
0.0


53.0
53.0
54.0
54.0
55.0
56.0
58.0
60.0
63.0
65.0
68.0
71.0
68.0
106.0
206.0
191.0
187.0
184.0
188.0
189.0
200.0
215.0
222.0
231.0
203.0
86.0
72.0
70.0
64.0
59.0
59.0
56.0
54.0
54.0
53.0
53.0
52.0
52.0
51.0
51.0
0.0


54.0
54.0
54.0
55.0
56.0
56.0
58.0
60.0
62.0
66.0
69.0
70.0
72.0
72.0
146.0
212.0
194.0
197.0
195.0
197.0
205.0
214.0
216.0
210.0
244.0
109.0
71.0
69.0
63.0
61.0
58.0
56.0
54.0
54.0
54.0
53.0
51.0
52.0
51.0
51.0
0.0


55.0
55.0
55.0
55.0
56.0
56.0
58.0
61.0
63.0
66.0
69.0
71.0
73.0
72.0
99.0
202.0
190.0
187.0
186.0
187.0
193.0
206.0
213.0
207.0
243.0
142.0
74.0
70.0
63.0
60.0
59.0
56.0
55.0
54.0
53.0
53.0
52.0
52.0
50.0
51.0
0.0


55.0
54.0
57.0
57.0
58.0
58.0
59.0
61.0
63.0
65.0
68.0
70.0
73.0
76.0
83.0
162.0
178.0
173.0
179.0
182.0
184.0
194.0
207.0
210.0
225.0
187.0
81.0
68.0
64.0
61.0
59.0
57.0
56.0
54.0
53.0
53.0
52.0
50.0
49.0
53.0
0.0


0.0
0.0
0.0
0.0
0.0
0.0
0.0
0.0
0.0
0.0
0.0
0.0
0.0
0.0
0.0
0.0
0.0
0.0
0.0
0.0
0.0
0.0
0.0
0.0
0.0
0.0
0.0
0.0
0.0
0.0
0.0
0.0
0.0
0.0
0.0
0.0
0.0
0.0
0.0
0.0
0.0


