48.0
49.0
49.0
49.0
49.0
51.0
50.0
51.0
51.0
51.0
51.0
51.0
52.0
52.0
52.0
52.0
53.0
50.0
63.0
114.0
92.0
50.0
51.0
51.0
52.0
54.0
53.0
53.0
53.0
52.0
53.0
52.0
51.0
50.0
50.0
51.0
51.0
52.0
54.0
56.0
0.0


50.0
48.0
50.0
50.0
50.0
51.0
51.0
51.0
50.0
50.0
51.0
52.0
53.0
51.0
52.0
51.0
52.0
46.0
84.0
139.0
146.0
57.0
49.0
51.0
52.0
52.0
54.0
52.0
53.0
51.0
52.0
52.0
51.0
49.0
49.0
48.0
49.0
51.0
53.0
56.0
0.0


49.0
49.0
50.0
50.0
50.0
51.0
51.0
51.0
51.0
50.0
50.0
49.0
49.0
51.0
51.0
51.0
52.0
47.0
90.0
144.0
147.0
55.0
50.0
51.0
52.0
51.0
55.0
61.0
50.0
51.0
52.0
51.0
51.0
50.0
48.0
48.0
49.0
51.0
53.0
56.0
0.0


49.0
50.0
49.0
50.0
49.0
50.0
51.0
52.0
51.0
51.0
83.0
103.0
58.0
49.0
51.0
51.0
51.0
51.0
102.0
137.0
157.0
60.0
48.0
51.0
52.0
48.0
75.0
137.0
88.0
49.0
52.0
51.0
51.0
49.0
48.0
49.0
50.0
50.0
52.0
55.0
0.0


50.0
49.0
50.0
49.0
50.0
50.0
50.0
51.0
49.0
54.0
117.0
156.0
88.0
45.0
52.0
51.0
51.0
54.0
112.0
137.0
162.0
62.0
47.0
50.0
52.0
49.0
102.0
156.0
124.0
49.0
52.0
50.0
50.0
49.0
48.0
49.0
51.0
52.0
53.0
56.0
0.0


50.0
49.0
50.0
50.0
50.0
50.0
50.0
50.0
50.0
49.0
113.0
158.0
104.0
45.0
53.0
51.0
49.0
61.0
136.0
150.0
157.0
57.0
49.0
51.0
49.0
56.0
118.0
156.0
112.0
46.0
52.0
51.0
51.0
50.0
49.0
50.0
51.0
53.0
54.0
55.0
0.0


51.0
50.0
50.0
50.0
50.0
50.0
50.0
50.0
50.0
48.0
108.0
152.0
131.0
50.0
51.0
52.0
48.0
70.0
142.0
148.0
151.0
52.0
51.0
53.0
47.0
75.0
122.0
159.0
106.0
45.0
51.0
51.0
51.0
51.0
51.0
52.0
52.0
53.0
54.0
54.0
0.0


51.0
51.0
51.0
50.0
49.0
50.0
50.0
49.0
49.0
48.0
107.0
137.0
157.0
64.0
47.0
53.0
47.0
83.0
143.0
152.0
139.0
50.0
51.0
51.0
48.0
103.0
133.0
172.0
90.0
44.0
51.0
51.0
51.0
51.0
52.0
51.0
52.0
54.0
54.0
55.0
0.0


50.0
50.0
51.0
50.0
49.0
49.0
51.0
49.0
50.0
45.0
100.0
145.0
178.0
83.0
45.0
52.0
47.0
96.0
147.0
162.0
127.0
46.0
51.0
47.0
59.0
127.0
140.0
182.0
69.0
47.0
52.0
51.0
52.0
53.0
53.0
52.0
52.0
54.0
54.0
55.0
0.0


50.0
49.0
51.0
50.0
49.0
50.0
51.0
49.0
50.0
43.0
82.0
156.0
175.0
99.0
44.0
51.0
48.0
112.0
149.0
173.0
112.0
46.0
53.0
46.0
81.0
128.0
153.0
151.0
52.0
50.0
50.0
50.0
52.0
53.0
52.0
52.0
52.0
54.0
54.0
53.0
0.0


50.0
50.0
50.0
50.0
50.0
52.0
49.0
48.0
49.0
43.0
70.0
148.0
170.0
118.0
46.0
51.0
56.0
139.0
157.0
192.0
102.0
45.0
53.0
53.0
110.0
128.0
177.0
117.0
46.0
53.0
51.0
51.0
52.0
50.0
51.0
53.0
52.0
53.0
52.0
52.0
0.0


50.0
50.0
50.0
50.0
51.0
51.0
50.0
49.0
49.0
45.0
64.0
142.0
160.0
145.0
53.0
48.0
68.0
161.0
152.0
201.0
97.0
47.0
51.0
81.0
134.0
140.0
198.0
89.0
47.0
54.0
52.0
51.0
51.0
50.0
51.0
51.0
51.0
52.0
52.0
52.0
0.0


50.0
50.0
49.0
50.0
50.0
50.0
50.0
50.0
50.0
46.0
59.0
136.0
149.0
172.0
67.0
44.0
80.0
147.0
137.0
191.0
81.0
48.0
56.0
122.0
158.0
161.0
191.0
68.0
50.0
54.0
52.0
51.0
52.0
52.0
51.0
50.0
52.0
51.0
51.0
52.0
0.0


50.0
50.0
50.0
50.0
51.0
50.0
50.0
50.0
50.0
48.0
58.0
138.0
153.0
208.0
94.0
43.0
89.0
148.0
143.0
179.0
70.0
49.0
75.0
125.0
141.0
186.0
154.0
51.0
54.0
53.0
53.0
52.0
52.0
51.0
52.0
51.0
51.0
51.0
51.0
52.0
0.0


50.0
50.0
50.0
51.0
51.0
51.0
51.0
51.0
51.0
49.0
55.0
136.0
153.0
184.0
121.0
45.0
94.0
154.0
152.0
162.0
60.0
52.0
98.0
123.0
139.0
207.0
92.0
48.0
56.0
54.0
52.0
52.0
52.0
50.0
52.0
51.0
52.0
52.0
50.0
51.0
0.0


50.0
50.0
49.0
50.0
50.0
51.0
52.0
52.0
51.0
50.0
50.0
118.0
144.0
165.0
140.0
48.0
96.0
169.0
171.0
139.0
50.0
64.0
120.0
131.0
166.0
167.0
56.0
53.0
55.0
54.0
52.0
52.0
52.0
50.0
51.0
51.0
51.0
52.0
51.0
51.0
0.0


49.0
49.0
49.0
50.0
50.0
50.0
51.0
51.0
51.0
53.0
40.0
93.0
165.0
164.0
165.0
54.0
103.0
167.0
185.0
118.0
45.0
82.0
143.0
141.0
193.0
110.0
48.0
56.0
54.0
53.0
52.0
51.0
51.0
50.0
50.0
50.0
51.0
52.0
52.0
52.0
0.0


50.0
49.0
49.0
50.0
50.0
50.0
50.0
51.0
52.0
50.0
70.0
126.0
171.0
172.0
192.0
90.0
125.0
162.0
170.0
100.0
56.0
124.0
163.0
156.0
187.0
70.0
51.0
56.0
55.0
54.0
52.0
51.0
50.0
50.0
50.0
49.0
50.0
51.0
52.0
52.0
0.0


49.0
48.0
50.0
49.0
49.0
50.0
51.0
52.0
50.0
58.0
151.0
154.0
161.0
193.0
124.0
133.0
141.0
134.0
123.0
99.0
100.0
133.0
142.0
187.0
140.0
53.0
56.0
56.0
55.0
53.0
52.0
51.0
50.0
49.0
50.0
51.0
51.0
51.0
52.0
52.0
0.0


50.0
49.0
49.0
50.0
49.0
51.0
51.0
53.0
47.0
77.0
158.0
133.0
152.0
160.0
122.0
146.0
153.0
133.0
123.0
110.0
114.0
126.0
129.0
189.0
105.0
51.0
58.0
56.0
53.0
52.0
50.0
50.0
50.0
49.0
50.0
50.0
50.0
52.0
52.0
52.0
0.0


50.0
49.0
49.0
48.0
49.0
50.0
51.0
52.0
48.0
100.0
169.0
139.0
147.0
161.0
158.0
169.0
170.0
166.0
121.0
124.0
132.0
135.0
142.0
207.0
86.0
54.0
59.0
56.0
53.0
51.0
49.0
49.0
49.0
48.0
49.0
49.0
50.0
52.0
52.0
52.0
0.0


49.0
48.0
49.0
49.0
49.0
50.0
51.0
52.0
49.0
116.0
165.0
166.0
145.0
160.0
181.0
170.0
187.0
218.0
161.0
133.0
142.0
131.0
147.0
189.0
77.0
57.0
60.0
55.0
53.0
52.0
49.0
49.0
49.0
49.0
49.0
49.0
50.0
52.0
51.0
52.0
0.0


49.0
49.0
49.0
49.0
49.0
50.0
51.0
50.0
58.0
133.0
177.0
207.0
164.0
149.0
162.0
180.0
191.0
198.0
214.0
157.0
138.0
141.0
153.0
172.0
69.0
59.0
63.0
58.0
54.0
53.0
51.0
50.0
51.0
50.0
50.0
51.0
52.0
52.0
52.0
53.0
0.0


49.0
49.0
49.0
49.0
49.0
49.0
52.0
48.0
69.0
149.0
162.0
185.0
195.0
140.0
101.0
162.0
201.0
205.0
206.0
208.0
130.0
115.0
156.0
157.0
69.0
60.0
61.0
59.0
54.0
53.0
53.0
52.0
52.0
52.0
52.0
51.0
51.0
52.0
52.0
52.0
0.0


49.0
48.0
49.0
49.0
50.0
49.0
51.0
47.0
74.0
153.0
143.0
160.0
202.0
163.0
109.0
133.0
200.0
200.0
200.0
226.0
165.0
147.0
163.0
162.0
74.0
60.0
58.0
57.0
55.0
52.0
53.0
53.0
51.0
51.0
52.0
52.0
52.0
53.0
52.0
52.0
0.0


49.0
49.0
50.0
49.0
50.0
50.0
51.0
49.0
67.0
140.0
133.0
161.0
185.0
192.0
176.0
176.0
171.0
192.0
204.0
203.0
212.0
187.0
144.0
182.0
88.0
58.0
60.0
58.0
55.0
53.0
52.0
51.0
52.0
51.0
52.0
53.0
52.0
52.0
52.0
52.0
0.0


50.0
50.0
49.0
50.0
50.0
50.0
51.0
51.0
58.0
128.0
142.0
146.0
154.0
174.0
178.0
183.0
156.0
156.0
192.0
196.0
197.0
197.0
170.0
196.0
100.0
57.0
59.0
57.0
54.0
53.0
53.0
51.0
52.0
52.0
52.0
53.0
52.0
52.0
52.0
51.0
0.0


50.0
49.0
50.0
50.0
49.0
49.0
51.0
52.0
54.0
117.0
129.0
125.0
141.0
166.0
176.0
174.0
148.0
152.0
169.0
184.0
192.0
195.0
189.0
221.0
106.0
57.0
59.0
57.0
54.0
52.0
52.0
52.0
52.0
51.0
52.0
52.0
53.0
51.0
48.0
48.0
0.0


50.0
50.0
51.0
52.0
51.0
50.0
51.0
52.0
52.0
109.0
131.0
126.0
132.0
151.0
168.0
170.0
152.0
139.0
144.0
171.0
185.0
186.0
183.0
235.0
103.0
56.0
60.0
57.0
54.0
53.0
52.0
52.0
53.0
51.0
52.0
52.0
51.0
50.0
48.0
47.0
0.0


50.0
50.0
51.0
52.0
52.0
52.0
52.0
53.0
51.0
107.0
134.0
123.0
122.0
138.0
158.0
152.0
139.0
124.0
115.0
157.0
188.0
182.0
186.0
229.0
93.0
58.0
60.0
57.0
54.0
52.0
52.0
51.0
51.0
51.0
51.0
51.0
51.0
50.0
50.0
50.0
0.0


51.0
51.0
52.0
52.0
51.0
53.0
53.0
54.0
49.0
99.0
141.0
122.0
116.0
133.0
148.0
133.0
133.0
119.0
120.0
142.0
181.0
203.0
207.0
220.0
89.0
59.0
60.0
56.0
54.0
52.0
52.0
52.0
52.0
51.0
52.0
51.0
50.0
50.0
49.0
50.0
0.0


51.0
52.0
52.0
52.0
53.0
53.0
53.0
54.0
50.0
85.0
150.0
125.0
122.0
127.0
132.0
129.0
135.0
121.0
129.0
145.0
170.0
203.0
213.0
208.0
80.0
60.0
59.0
56.0
54.0
53.0
51.0
51.0
51.0
50.0
50.0
49.0
49.0
49.0
50.0
51.0
0.0


51.0
52.0
52.0
52.0
53.0
53.0
53.0
54.0
53.0
68.0
148.0
135.0
132.0
124.0
117.0
129.0
134.0
129.0
137.0
153.0
178.0
203.0
213.0
195.0
75.0
61.0
59.0
56.0
54.0
52.0
51.0
50.0
49.0
47.0
47.0
47.0
48.0
51.0
50.0
51.0
0.0


52.0
52.0
53.0
53.0
53.0
53.0
54.0
54.0
57.0
57.0
123.0
148.0
137.0
125.0
111.0
126.0
140.0
142.0
153.0
168.0
190.0
209.0
229.0
161.0
66.0
64.0
59.0
56.0
53.0
52.0
51.0
50.0
49.0
48.0
48.0
48.0
49.0
50.0
52.0
52.0
0.0


52.0
51.0
53.0
53.0
54.0
54.0
54.0
56.0
58.0
58.0
84.0
157.0
141.0
138.0
123.0
130.0
152.0
155.0
170.0
185.0
204.0
207.0
245.0
123.0
63.0
68.0
62.0
59.0
55.0
54.0
53.0
51.0
51.0
50.0
50.0
50.0
51.0
52.0
53.0
53.0
0.0


52.0
52.0
52.0
54.0
55.0
54.0
55.0
56.0
58.0
63.0
63.0
124.0
153.0
147.0
145.0
142.0
158.0
171.0
186.0
199.0
212.0
209.0
244.0
98.0
65.0
69.0
62.0
60.0
57.0
56.0
55.0
54.0
52.0
52.0
53.0
52.0
52.0
53.0
52.0
55.0
0.0


52.0
52.0
52.0
53.0
54.0
55.0
56.0
57.0
61.0
66.0
63.0
85.0
160.0
153.0
159.0
160.0
165.0
179.0
200.0
210.0
218.0
211.0
250.0
110.0
66.0
68.0
63.0
60.0
58.0
57.0
56.0
56.0
55.0
54.0
54.0
54.0
54.0
54.0
54.0
55.0
0.0


52.0
52.0
52.0
52.0
55.0
56.0
56.0
58.0
63.0
66.0
68.0
66.0
127.0
194.0
180.0
183.0
186.0
187.0
196.0
206.0
220.0
216.0
247.0
145.0
69.0
68.0
64.0
63.0
60.0
58.0
58.0
57.0
56.0
55.0
56.0
56.0
56.0
56.0
56.0
57.0
0.0


52.0
53.0
53.0
53.0
55.0
56.0
57.0
58.0
62.0
67.0
69.0
69.0
79.0
166.0
204.0
198.0
194.0
194.0
198.0
204.0
214.0
215.0
225.0
190.0
81.0
68.0
67.0
64.0
62.0
60.0
59.0
59.0
58.0
58.0
58.0
58.0
58.0
58.0
57.0
58.0
0.0


53.0
52.0
53.0
53.0
55.0
56.0
57.0
60.0
63.0
66.0
69.0
73.0
71.0
107.0
199.0
193.0
193.0
192.0
192.0
196.0
208.0
213.0
209.0
241.0
106.0
67.0
69.0
66.0
64.0
62.0
60.0
60.0
60.0
60.0
59.0
60.0
59.0
59.0
59.0
60.0
0.0


0.0
0.0
0.0
0.0
0.0
0.0
0.0
0.0
0.0
0.0
0.0
0.0
0.0
0.0
0.0
0.0
0.0
0.0
0.0
0.0
0.0
0.0
0.0
0.0
0.0
0.0
0.0
0.0
0.0
0.0
0.0
0.0
0.0
0.0
0.0
0.0
0.0
0.0
0.0
0.0
0.0


