49.0
49.0
48.0
48.0
48.0
48.0
49.0
49.0
50.0
50.0
50.0
49.0
48.0
55.0
107.0
136.0
74.0
44.0
51.0
49.0
50.0
50.0
50.0
49.0
50.0
51.0
51.0
74.0
75.0
51.0
50.0
51.0
52.0
51.0
51.0
49.0
47.0
47.0
48.0
49.0
0.0


49.0
50.0
49.0
48.0
48.0
49.0
49.0
49.0
49.0
50.0
50.0
50.0
47.0
56.0
127.0
149.0
119.0
44.0
50.0
50.0
49.0
49.0
49.0
49.0
50.0
46.0
66.0
128.0
142.0
62.0
48.0
52.0
52.0
51.0
50.0
49.0
47.0
47.0
48.0
49.0
0.0


49.0
49.0
48.0
48.0
49.0
49.0
49.0
49.0
49.0
49.0
50.0
50.0
50.0
46.0
113.0
153.0
161.0
61.0
46.0
50.0
49.0
49.0
49.0
50.0
51.0
46.0
77.0
132.0
150.0
67.0
47.0
52.0
51.0
51.0
50.0
48.0
47.0
48.0
49.0
49.0
0.0


49.0
49.0
49.0
48.0
48.0
48.0
49.0
49.0
50.0
49.0
49.0
50.0
50.0
44.0
97.0
148.0
169.0
98.0
44.0
51.0
49.0
49.0
48.0
49.0
51.0
49.0
90.0
129.0
155.0
66.0
48.0
51.0
50.0
51.0
51.0
49.0
48.0
48.0
50.0
51.0
0.0


49.0
48.0
49.0
49.0
49.0
48.0
49.0
49.0
50.0
50.0
49.0
49.0
50.0
45.0
80.0
152.0
161.0
131.0
47.0
49.0
48.0
49.0
48.0
49.0
51.0
52.0
108.0
128.0
159.0
67.0
47.0
51.0
49.0
50.0
51.0
49.0
49.0
49.0
50.0
53.0
0.0


49.0
48.0
48.0
49.0
50.0
49.0
49.0
49.0
49.0
49.0
49.0
49.0
50.0
46.0
66.0
162.0
157.0
166.0
59.0
46.0
49.0
49.0
48.0
49.0
48.0
60.0
129.0
137.0
159.0
60.0
48.0
50.0
49.0
50.0
51.0
51.0
50.0
50.0
51.0
53.0
0.0


49.0
49.0
48.0
48.0
49.0
49.0
49.0
49.0
51.0
49.0
49.0
49.0
49.0
46.0
55.0
142.0
149.0
183.0
81.0
42.0
49.0
48.0
48.0
50.0
47.0
75.0
133.0
149.0
147.0
51.0
50.0
50.0
50.0
50.0
51.0
52.0
51.0
52.0
52.0
52.0
0.0


48.0
48.0
49.0
48.0
49.0
49.0
49.0
50.0
51.0
49.0
49.0
49.0
48.0
47.0
47.0
122.0
157.0
183.0
106.0
41.0
48.0
47.0
49.0
50.0
47.0
92.0
133.0
164.0
125.0
46.0
51.0
49.0
50.0
51.0
51.0
51.0
51.0
51.0
52.0
52.0
0.0


48.0
48.0
48.0
48.0
49.0
49.0
50.0
51.0
50.0
49.0
49.0
49.0
48.0
48.0
43.0
106.0
165.0
171.0
137.0
46.0
47.0
46.0
49.0
48.0
53.0
114.0
134.0
178.0
106.0
44.0
52.0
50.0
50.0
50.0
52.0
51.0
51.0
51.0
51.0
51.0
0.0


48.0
49.0
48.0
48.0
48.0
49.0
50.0
50.0
49.0
49.0
48.0
48.0
47.0
48.0
42.0
88.0
170.0
168.0
174.0
62.0
44.0
47.0
49.0
45.0
70.0
144.0
140.0
191.0
93.0
44.0
52.0
50.0
50.0
51.0
51.0
51.0
51.0
51.0
51.0
52.0
0.0


48.0
48.0
48.0
48.0
49.0
49.0
49.0
50.0
49.0
49.0
48.0
47.0
47.0
48.0
43.0
77.0
176.0
168.0
205.0
84.0
43.0
49.0
49.0
43.0
96.0
159.0
147.0
206.0
80.0
46.0
52.0
50.0
50.0
50.0
51.0
51.0
51.0
51.0
51.0
52.0
0.0


49.0
49.0
48.0
49.0
49.0
49.0
49.0
50.0
50.0
49.0
49.0
48.0
49.0
50.0
44.0
69.0
161.0
154.0
183.0
105.0
43.0
49.0
47.0
50.0
107.0
121.0
154.0
185.0
61.0
50.0
51.0
49.0
51.0
50.0
50.0
50.0
50.0
51.0
52.0
51.0
0.0


49.0
50.0
49.0
49.0
49.0
49.0
50.0
50.0
50.0
50.0
49.0
49.0
49.0
50.0
48.0
56.0
135.0
147.0
174.0
125.0
45.0
49.0
44.0
66.0
113.0
120.0
177.0
132.0
47.0
54.0
51.0
50.0
50.0
50.0
50.0
50.0
50.0
50.0
52.0
52.0
0.0


49.0
49.0
49.0
49.0
49.0
49.0
49.0
50.0
51.0
51.0
49.0
50.0
49.0
50.0
52.0
47.0
114.0
161.0
169.0
144.0
51.0
49.0
45.0
83.0
121.0
133.0
200.0
93.0
46.0
54.0
52.0
50.0
50.0
49.0
50.0
50.0
50.0
52.0
52.0
52.0
0.0


49.0
49.0
48.0
48.0
49.0
49.0
49.0
50.0
50.0
50.0
50.0
50.0
51.0
46.0
49.0
39.0
85.0
177.0
167.0
169.0
60.0
49.0
49.0
108.0
129.0
142.0
187.0
68.0
49.0
54.0
52.0
51.0
49.0
50.0
50.0
50.0
51.0
51.0
52.0
52.0
0.0


49.0
49.0
48.0
48.0
49.0
49.0
49.0
49.0
50.0
50.0
50.0
52.0
47.0
72.0
130.0
91.0
55.0
123.0
137.0
194.0
79.0
41.0
70.0
140.0
132.0
160.0
149.0
51.0
52.0
54.0
52.0
51.0
50.0
50.0
50.0
50.0
51.0
52.0
52.0
52.0
0.0


49.0
48.0
49.0
49.0
49.0
49.0
48.0
48.0
50.0
50.0
50.0
50.0
52.0
142.0
161.0
175.0
88.0
108.0
143.0
157.0
110.0
66.0
107.0
125.0
131.0
188.0
108.0
47.0
56.0
53.0
52.0
52.0
50.0
50.0
50.0
50.0
50.0
51.0
51.0
52.0
0.0


49.0
49.0
49.0
48.0
49.0
49.0
48.0
48.0
49.0
50.0
49.0
49.0
53.0
132.0
143.0
145.0
152.0
149.0
162.0
158.0
118.0
99.0
101.0
98.0
115.0
180.0
87.0
48.0
56.0
53.0
52.0
51.0
50.0
50.0
50.0
49.0
51.0
51.0
51.0
51.0
0.0


48.0
49.0
49.0
48.0
49.0
49.0
49.0
49.0
49.0
50.0
50.0
51.0
46.0
103.0
149.0
139.0
157.0
164.0
170.0
190.0
174.0
101.0
103.0
109.0
125.0
185.0
83.0
50.0
56.0
54.0
52.0
51.0
50.0
50.0
50.0
50.0
51.0
52.0
52.0
52.0
0.0


49.0
49.0
49.0
49.0
49.0
49.0
49.0
50.0
50.0
50.0
50.0
52.0
43.0
72.0
150.0
142.0
165.0
169.0
171.0
193.0
212.0
158.0
114.0
117.0
141.0
190.0
80.0
52.0
57.0
53.0
51.0
51.0
52.0
50.0
50.0
50.0
51.0
51.0
51.0
51.0
0.0


49.0
49.0
49.0
49.0
49.0
49.0
49.0
50.0
50.0
50.0
51.0
48.0
67.0
115.0
157.0
150.0
165.0
181.0
180.0
192.0
198.0
211.0
141.0
134.0
149.0
172.0
70.0
53.0
60.0
57.0
51.0
52.0
51.0
51.0
51.0
50.0
51.0
51.0
51.0
51.0
0.0


49.0
49.0
49.0
49.0
49.0
48.0
50.0
49.0
50.0
51.0
44.0
81.0
169.0
173.0
177.0
145.0
146.0
181.0
189.0
194.0
202.0
219.0
181.0
131.0
142.0
165.0
66.0
55.0
57.0
55.0
52.0
52.0
50.0
51.0
50.0
50.0
50.0
50.0
50.0
50.0
0.0


49.0
49.0
49.0
49.0
49.0
49.0
49.0
50.0
50.0
49.0
51.0
138.0
178.0
159.0
179.0
161.0
127.0
151.0
194.0
194.0
197.0
206.0
214.0
136.0
141.0
164.0
72.0
55.0
57.0
53.0
52.0
51.0
50.0
51.0
50.0
50.0
50.0
51.0
50.0
51.0
0.0


50.0
49.0
50.0
49.0
50.0
49.0
50.0
49.0
51.0
45.0
69.0
171.0
167.0
153.0
162.0
196.0
101.0
96.0
174.0
186.0
198.0
201.0
209.0
194.0
142.0
173.0
81.0
55.0
57.0
54.0
52.0
52.0
51.0
50.0
50.0
50.0
51.0
51.0
51.0
50.0
0.0


50.0
50.0
50.0
50.0
50.0
50.0
50.0
50.0
51.0
47.0
63.0
167.0
180.0
161.0
155.0
192.0
124.0
89.0
140.0
171.0
186.0
194.0
198.0
205.0
167.0
185.0
98.0
55.0
58.0
55.0
51.0
52.0
51.0
51.0
50.0
51.0
50.0
51.0
51.0
52.0
0.0


50.0
50.0
50.0
50.0
50.0
51.0
50.0
50.0
50.0
50.0
51.0
123.0
171.0
185.0
170.0
191.0
160.0
121.0
161.0
177.0
175.0
182.0
190.0
196.0
193.0
217.0
109.0
54.0
57.0
54.0
53.0
51.0
51.0
51.0
51.0
50.0
51.0
50.0
50.0
50.0
0.0


50.0
51.0
51.0
51.0
50.0
51.0
51.0
50.0
50.0
52.0
47.0
104.0
159.0
173.0
183.0
190.0
225.0
220.0
192.0
164.0
158.0
173.0
184.0
186.0
184.0
237.0
116.0
53.0
59.0
54.0
53.0
51.0
51.0
50.0
50.0
51.0
50.0
50.0
50.0
49.0
0.0


51.0
51.0
51.0
51.0
51.0
51.0
51.0
51.0
51.0
53.0
48.0
105.0
135.0
143.0
170.0
196.0
213.0
201.0
188.0
154.0
133.0
167.0
184.0
180.0
186.0
243.0
110.0
55.0
58.0
55.0
52.0
52.0
51.0
50.0
50.0
50.0
50.0
50.0
50.0
49.0
0.0


51.0
51.0
50.0
51.0
52.0
51.0
52.0
52.0
52.0
52.0
48.0
102.0
137.0
132.0
151.0
179.0
186.0
167.0
176.0
158.0
132.0
152.0
179.0
193.0
201.0
245.0
104.0
55.0
58.0
54.0
52.0
51.0
51.0
51.0
50.0
50.0
50.0
50.0
50.0
50.0
0.0


51.0
51.0
51.0
51.0
52.0
52.0
53.0
53.0
52.0
54.0
50.0
98.0
136.0
122.0
134.0
165.0
178.0
166.0
171.0
159.0
142.0
147.0
169.0
202.0
207.0
243.0
94.0
56.0
58.0
54.0
52.0
51.0
51.0
51.0
51.0
51.0
50.0
50.0
49.0
49.0
0.0


52.0
52.0
51.0
52.0
53.0
53.0
53.0
54.0
53.0
55.0
49.0
86.0
139.0
119.0
129.0
147.0
161.0
162.0
167.0
148.0
140.0
156.0
173.0
198.0
210.0
232.0
87.0
57.0
57.0
55.0
52.0
51.0
51.0
50.0
49.0
49.0
49.0
49.0
48.0
50.0
0.0


53.0
52.0
52.0
52.0
53.0
53.0
54.0
54.0
53.0
55.0
52.0
71.0
142.0
125.0
129.0
133.0
138.0
154.0
150.0
140.0
150.0
161.0
182.0
207.0
210.0
213.0
80.0
58.0
58.0
55.0
51.0
50.0
51.0
49.0
48.0
48.0
48.0
48.0
48.0
51.0
0.0


52.0
52.0
52.0
53.0
53.0
54.0
54.0
54.0
55.0
55.0
56.0
57.0
125.0
138.0
130.0
124.0
122.0
146.0
147.0
148.0
161.0
175.0
192.0
205.0
224.0
178.0
68.0
61.0
58.0
56.0
52.0
51.0
51.0
50.0
49.0
48.0
48.0
48.0
49.0
50.0
0.0


52.0
52.0
52.0
53.0
53.0
53.0
55.0
56.0
56.0
56.0
58.0
55.0
88.0
153.0
131.0
130.0
121.0
142.0
153.0
158.0
172.0
184.0
203.0
206.0
247.0
132.0
61.0
64.0
58.0
57.0
54.0
52.0
52.0
51.0
51.0
50.0
50.0
49.0
50.0
50.0
0.0


53.0
52.0
53.0
53.0
53.0
54.0
56.0
56.0
56.0
57.0
58.0
62.0
62.0
129.0
145.0
140.0
136.0
142.0
158.0
169.0
184.0
200.0
210.0
205.0
249.0
118.0
60.0
63.0
59.0
57.0
54.0
54.0
52.0
52.0
51.0
50.0
50.0
50.0
51.0
50.0
0.0


53.0
53.0
53.0
53.0
54.0
54.0
56.0
57.0
57.0
57.0
60.0
64.0
62.0
82.0
154.0
145.0
149.0
151.0
160.0
175.0
192.0
203.0
212.0
211.0
245.0
150.0
66.0
63.0
59.0
58.0
54.0
53.0
52.0
52.0
51.0
51.0
52.0
51.0
50.0
50.0
0.0


53.0
53.0
53.0
54.0
54.0
54.0
55.0
58.0
58.0
58.0
61.0
65.0
68.0
64.0
116.0
187.0
163.0
167.0
179.0
181.0
187.0
200.0
216.0
220.0
218.0
208.0
84.0
61.0
61.0
58.0
56.0
56.0
54.0
53.0
54.0
53.0
51.0
52.0
52.0
51.0
0.0


53.0
54.0
53.0
53.0
53.0
54.0
56.0
57.0
57.0
58.0
63.0
66.0
67.0
69.0
73.0
147.0
205.0
187.0
190.0
191.0
194.0
202.0
215.0
218.0
210.0
244.0
117.0
61.0
64.0
59.0
58.0
57.0
55.0
55.0
55.0
55.0
54.0
54.0
54.0
54.0
0.0


54.0
54.0
54.0
54.0
54.0
55.0
56.0
56.0
56.0
60.0
63.0
67.0
67.0
70.0
69.0
90.0
194.0
192.0
194.0
194.0
194.0
203.0
211.0
213.0
210.0
227.0
162.0
67.0
65.0
62.0
59.0
57.0
56.0
57.0
56.0
55.0
55.0
54.0
54.0
54.0
0.0


54.0
54.0
55.0
55.0
55.0
55.0
55.0
57.0
58.0
61.0
64.0
67.0
68.0
72.0
77.0
75.0
140.0
202.0
184.0
186.0
188.0
193.0
206.0
209.0
210.0
208.0
225.0
86.0
62.0
64.0
61.0
59.0
58.0
57.0
56.0
56.0
56.0
56.0
55.0
54.0
0.0


0.0
0.0
0.0
0.0
0.0
0.0
0.0
0.0
0.0
0.0
0.0
0.0
0.0
0.0
0.0
0.0
0.0
0.0
0.0
0.0
0.0
0.0
0.0
0.0
0.0
0.0
0.0
0.0
0.0
0.0
0.0
0.0
0.0
0.0
0.0
0.0
0.0
0.0
0.0
0.0
0.0


