48.0
48.0
50.0
50.0
50.0
51.0
52.0
52.0
52.0
52.0
52.0
52.0
51.0
51.0
50.0
49.0
53.0
48.0
89.0
134.0
136.0
53.0
50.0
51.0
52.0
52.0
49.0
55.0
52.0
51.0
52.0
52.0
52.0
51.0
51.0
49.0
49.0
50.0
52.0
54.0
0.0


50.0
48.0
49.0
49.0
50.0
51.0
52.0
52.0
51.0
52.0
52.0
52.0
52.0
52.0
80.0
70.0
49.0
48.0
99.0
155.0
153.0
55.0
49.0
51.0
51.0
51.0
81.0
85.0
50.0
52.0
51.0
52.0
52.0
50.0
49.0
48.0
48.0
49.0
51.0
53.0
0.0


51.0
49.0
49.0
49.0
49.0
50.0
50.0
51.0
51.0
52.0
52.0
52.0
48.0
72.0
130.0
131.0
53.0
48.0
109.0
157.0
170.0
61.0
48.0
52.0
47.0
69.0
132.0
148.0
65.0
50.0
52.0
51.0
52.0
50.0
48.0
48.0
48.0
49.0
51.0
54.0
0.0


50.0
48.0
49.0
49.0
49.0
50.0
50.0
50.0
52.0
52.0
51.0
53.0
46.0
83.0
150.0
147.0
53.0
49.0
117.0
149.0
178.0
67.0
46.0
51.0
45.0
83.0
149.0
164.0
69.0
49.0
53.0
51.0
52.0
50.0
48.0
48.0
50.0
51.0
51.0
55.0
0.0


49.0
49.0
49.0
49.0
49.0
50.0
50.0
51.0
52.0
52.0
51.0
52.0
47.0
93.0
164.0
157.0
54.0
52.0
136.0
157.0
177.0
65.0
46.0
52.0
49.0
103.0
148.0
169.0
67.0
49.0
52.0
50.0
51.0
51.0
50.0
49.0
50.0
52.0
52.0
55.0
0.0


49.0
49.0
50.0
49.0
49.0
50.0
50.0
51.0
50.0
51.0
51.0
52.0
49.0
106.0
153.0
167.0
56.0
55.0
147.0
154.0
184.0
66.0
47.0
50.0
57.0
125.0
143.0
169.0
64.0
50.0
51.0
50.0
52.0
52.0
51.0
51.0
51.0
53.0
54.0
55.0
0.0


49.0
49.0
52.0
50.0
49.0
50.0
48.0
48.0
50.0
50.0
49.0
51.0
48.0
113.0
155.0
176.0
55.0
61.0
153.0
153.0
179.0
65.0
49.0
47.0
70.0
149.0
156.0
158.0
56.0
52.0
50.0
50.0
51.0
53.0
52.0
52.0
52.0
53.0
53.0
55.0
0.0


50.0
49.0
50.0
50.0
49.0
47.0
67.0
75.0
47.0
50.0
50.0
50.0
47.0
117.0
169.0
186.0
55.0
69.0
166.0
160.0
175.0
61.0
50.0
47.0
90.0
147.0
175.0
134.0
47.0
52.0
50.0
51.0
50.0
52.0
53.0
53.0
52.0
53.0
54.0
55.0
0.0


51.0
50.0
49.0
49.0
50.0
48.0
105.0
158.0
62.0
45.0
49.0
48.0
46.0
116.0
168.0
188.0
55.0
80.0
177.0
167.0
166.0
56.0
50.0
52.0
113.0
143.0
194.0
109.0
46.0
52.0
50.0
51.0
52.0
52.0
52.0
52.0
52.0
53.0
54.0
54.0
0.0


50.0
49.0
50.0
49.0
50.0
47.0
112.0
200.0
86.0
41.0
48.0
46.0
47.0
118.0
167.0
199.0
56.0
94.0
198.0
172.0
174.0
58.0
46.0
66.0
140.0
148.0
207.0
93.0
46.0
52.0
50.0
51.0
52.0
52.0
52.0
52.0
51.0
52.0
53.0
54.0
0.0


50.0
49.0
50.0
49.0
51.0
45.0
109.0
219.0
122.0
44.0
48.0
46.0
48.0
122.0
165.0
208.0
67.0
107.0
178.0
171.0
168.0
56.0
45.0
98.0
169.0
156.0
209.0
79.0
47.0
53.0
50.0
50.0
51.0
51.0
52.0
51.0
51.0
52.0
53.0
54.0
0.0


50.0
49.0
49.0
49.0
51.0
43.0
100.0
195.0
165.0
54.0
45.0
47.0
49.0
132.0
178.0
229.0
87.0
103.0
139.0
167.0
141.0
50.0
56.0
122.0
158.0
169.0
188.0
63.0
50.0
52.0
51.0
51.0
51.0
51.0
51.0
51.0
51.0
52.0
53.0
54.0
0.0


50.0
50.0
49.0
49.0
51.0
44.0
75.0
179.0
182.0
73.0
43.0
49.0
49.0
128.0
161.0
204.0
93.0
109.0
142.0
177.0
132.0
47.0
71.0
128.0
130.0
183.0
139.0
50.0
53.0
51.0
51.0
52.0
50.0
51.0
51.0
51.0
51.0
52.0
54.0
55.0
0.0


50.0
49.0
49.0
49.0
50.0
49.0
58.0
145.0
172.0
114.0
44.0
50.0
52.0
114.0
133.0
184.0
97.0
114.0
151.0
190.0
117.0
45.0
95.0
134.0
141.0
209.0
94.0
48.0
55.0
51.0
50.0
52.0
50.0
51.0
51.0
51.0
52.0
51.0
52.0
54.0
0.0


50.0
49.0
50.0
49.0
49.0
52.0
47.0
117.0
166.0
170.0
67.0
47.0
52.0
116.0
139.0
185.0
96.0
121.0
166.0
201.0
98.0
50.0
116.0
141.0
156.0
188.0
65.0
51.0
52.0
53.0
56.0
51.0
50.0
50.0
51.0
52.0
52.0
51.0
52.0
54.0
0.0


49.0
48.0
49.0
49.0
48.0
51.0
43.0
88.0
177.0
189.0
91.0
45.0
54.0
118.0
150.0
184.0
100.0
130.0
162.0
204.0
81.0
60.0
140.0
142.0
176.0
143.0
51.0
52.0
60.0
100.0
108.0
60.0
49.0
50.0
51.0
51.0
52.0
51.0
51.0
54.0
0.0


49.0
48.0
48.0
48.0
49.0
49.0
46.0
64.0
145.0
138.0
114.0
51.0
54.0
120.0
164.0
163.0
108.0
124.0
144.0
147.0
83.0
94.0
143.0
147.0
211.0
98.0
48.0
52.0
100.0
116.0
132.0
65.0
48.0
51.0
50.0
51.0
52.0
51.0
52.0
53.0
0.0


49.0
49.0
49.0
48.0
47.0
48.0
50.0
51.0
109.0
114.0
133.0
67.0
52.0
127.0
137.0
109.0
100.0
119.0
116.0
103.0
97.0
104.0
111.0
136.0
193.0
75.0
48.0
66.0
121.0
131.0
147.0
53.0
50.0
51.0
50.0
51.0
52.0
52.0
52.0
52.0
0.0


49.0
48.0
49.0
48.0
48.0
49.0
51.0
48.0
100.0
117.0
123.0
95.0
66.0
104.0
107.0
108.0
119.0
125.0
121.0
109.0
102.0
113.0
121.0
139.0
178.0
71.0
47.0
90.0
133.0
160.0
117.0
44.0
51.0
50.0
51.0
51.0
51.0
52.0
52.0
53.0
0.0


50.0
48.0
49.0
49.0
48.0
50.0
52.0
47.0
82.0
118.0
112.0
105.0
81.0
99.0
116.0
120.0
130.0
131.0
127.0
111.0
122.0
127.0
136.0
150.0
172.0
67.0
53.0
113.0
131.0
178.0
121.0
45.0
51.0
50.0
51.0
51.0
51.0
51.0
52.0
54.0
0.0


49.0
49.0
49.0
50.0
49.0
49.0
51.0
48.0
70.0
127.0
101.0
85.0
90.0
113.0
122.0
130.0
131.0
142.0
120.0
119.0
133.0
140.0
135.0
162.0
155.0
58.0
61.0
136.0
137.0
198.0
146.0
47.0
52.0
49.0
51.0
51.0
52.0
52.0
51.0
53.0
0.0


50.0
49.0
48.0
49.0
49.0
49.0
52.0
49.0
66.0
112.0
93.0
95.0
108.0
123.0
128.0
133.0
142.0
133.0
119.0
139.0
134.0
121.0
131.0
151.0
156.0
58.0
77.0
140.0
145.0
233.0
124.0
45.0
52.0
50.0
51.0
51.0
52.0
52.0
52.0
52.0
0.0


49.0
48.0
49.0
50.0
49.0
49.0
51.0
50.0
61.0
112.0
98.0
102.0
111.0
123.0
133.0
140.0
133.0
127.0
135.0
124.0
104.0
107.0
119.0
124.0
158.0
75.0
97.0
143.0
161.0
241.0
79.0
46.0
52.0
51.0
51.0
51.0
51.0
52.0
53.0
53.0
0.0


49.0
48.0
49.0
50.0
50.0
51.0
52.0
52.0
56.0
112.0
107.0
110.0
122.0
134.0
138.0
128.0
126.0
126.0
118.0
117.0
103.0
100.0
107.0
124.0
157.0
108.0
115.0
139.0
181.0
191.0
58.0
50.0
52.0
51.0
51.0
51.0
51.0
52.0
52.0
53.0
0.0


50.0
50.0
49.0
50.0
51.0
51.0
54.0
55.0
52.0
105.0
130.0
122.0
121.0
126.0
126.0
132.0
135.0
114.0
119.0
118.0
105.0
99.0
86.0
105.0
134.0
114.0
125.0
141.0
199.0
146.0
51.0
54.0
52.0
51.0
51.0
52.0
51.0
51.0
52.0
52.0
0.0


50.0
50.0
50.0
51.0
51.0
53.0
54.0
57.0
51.0
93.0
130.0
108.0
109.0
122.0
133.0
136.0
124.0
112.0
114.0
110.0
101.0
92.0
88.0
100.0
111.0
110.0
126.0
142.0
216.0
117.0
49.0
56.0
52.0
51.0
51.0
51.0
52.0
51.0
52.0
52.0
0.0


50.0
49.0
50.0
50.0
51.0
53.0
55.0
56.0
52.0
80.0
127.0
112.0
108.0
120.0
133.0
126.0
115.0
110.0
109.0
95.0
97.0
93.0
88.0
91.0
100.0
104.0
126.0
146.0
235.0
104.0
48.0
55.0
52.0
52.0
52.0
52.0
52.0
51.0
50.0
49.0
0.0


51.0
50.0
50.0
51.0
52.0
54.0
55.0
57.0
53.0
74.0
130.0
114.0
107.0
115.0
126.0
124.0
112.0
103.0
98.0
92.0
94.0
91.0
91.0
92.0
102.0
121.0
143.0
171.0
243.0
91.0
50.0
54.0
53.0
53.0
52.0
52.0
52.0
51.0
49.0
48.0
0.0


50.0
51.0
51.0
52.0
52.0
54.0
55.0
58.0
56.0
69.0
130.0
119.0
108.0
111.0
124.0
122.0
103.0
94.0
93.0
95.0
93.0
93.0
100.0
105.0
126.0
154.0
171.0
230.0
172.0
59.0
55.0
54.0
53.0
51.0
51.0
52.0
52.0
51.0
50.0
49.0
0.0


51.0
52.0
52.0
52.0
53.0
54.0
56.0
57.0
59.0
60.0
124.0
129.0
113.0
115.0
121.0
118.0
95.0
95.0
94.0
98.0
99.0
101.0
108.0
121.0
139.0
160.0
186.0
221.0
77.0
54.0
58.0
54.0
52.0
51.0
52.0
52.0
52.0
51.0
50.0
51.0
0.0


52.0
52.0
52.0
53.0
53.0
55.0
57.0
58.0
61.0
56.0
107.0
145.0
122.0
120.0
117.0
114.0
98.0
99.0
102.0
105.0
112.0
121.0
128.0
142.0
158.0
182.0
241.0
93.0
53.0
60.0
56.0
54.0
52.0
51.0
52.0
50.0
50.0
50.0
50.0
52.0
0.0


52.0
52.0
53.0
53.0
53.0
55.0
56.0
59.0
61.0
58.0
82.0
152.0
132.0
125.0
114.0
108.0
105.0
106.0
112.0
118.0
126.0
135.0
145.0
159.0
177.0
244.0
112.0
58.0
62.0
59.0
55.0
52.0
52.0
50.0
50.0
49.0
49.0
49.0
50.0
51.0
0.0


52.0
53.0
52.0
53.0
54.0
55.0
56.0
59.0
61.0
63.0
63.0
130.0
145.0
129.0
119.0
109.0
116.0
119.0
121.0
128.0
141.0
152.0
165.0
179.0
243.0
141.0
62.0
65.0
60.0
57.0
55.0
53.0
51.0
49.0
49.0
49.0
50.0
50.0
50.0
51.0
0.0


52.0
52.0
53.0
53.0
55.0
55.0
56.0
59.0
61.0
65.0
62.0
92.0
154.0
139.0
137.0
127.0
132.0
137.0
138.0
143.0
154.0
169.0
182.0
220.0
179.0
76.0
68.0
67.0
61.0
58.0
55.0
53.0
52.0
50.0
50.0
50.0
50.0
51.0
51.0
52.0
0.0


53.0
52.0
53.0
53.0
54.0
56.0
56.0
59.0
63.0
66.0
68.0
70.0
133.0
148.0
144.0
145.0
145.0
149.0
159.0
168.0
180.0
194.0
203.0
246.0
98.0
68.0
72.0
66.0
62.0
59.0
56.0
55.0
53.0
53.0
52.0
51.0
51.0
51.0
51.0
51.0
0.0


53.0
52.0
53.0
53.0
54.0
56.0
56.0
59.0
64.0
67.0
70.0
68.0
97.0
176.0
160.0
160.0
162.0
163.0
166.0
183.0
204.0
216.0
216.0
253.0
105.0
71.0
72.0
68.0
63.0
60.0
58.0
55.0
55.0
53.0
53.0
51.0
51.0
51.0
52.0
52.0
0.0


53.0
53.0
53.0
54.0
54.0
56.0
56.0
60.0
63.0
68.0
70.0
73.0
71.0
137.0
205.0
185.0
183.0
183.0
184.0
189.0
206.0
222.0
217.0
255.0
142.0
74.0
76.0
69.0
64.0
63.0
60.0
58.0
55.0
54.0
54.0
52.0
53.0
52.0
53.0
53.0
0.0


53.0
52.0
53.0
54.0
53.0
55.0
57.0
59.0
62.0
66.0
69.0
72.0
72.0
85.0
178.0
195.0
190.0
191.0
190.0
196.0
207.0
216.0
214.0
226.0
184.0
85.0
76.0
71.0
66.0
64.0
62.0
61.0
59.0
57.0
56.0
55.0
55.0
55.0
54.0
54.0
0.0


53.0
53.0
53.0
53.0
53.0
56.0
58.0
59.0
62.0
67.0
71.0
73.0
77.0
75.0
126.0
202.0
181.0
182.0
182.0
183.0
194.0
210.0
212.0
210.0
230.0
105.0
76.0
74.0
70.0
68.0
64.0
62.0
62.0
59.0
59.0
59.0
58.0
59.0
57.0
57.0
0.0


53.0
53.0
53.0
54.0
54.0
55.0
56.0
60.0
63.0
67.0
72.0
73.0
77.0
78.0
99.0
176.0
169.0
172.0
178.0
177.0
183.0
196.0
209.0
208.0
245.0
136.0
78.0
77.0
71.0
70.0
68.0
67.0
64.0
64.0
63.0
62.0
62.0
62.0
61.0
61.0
0.0


0.0
0.0
0.0
0.0
0.0
0.0
0.0
0.0
0.0
0.0
0.0
0.0
0.0
0.0
0.0
0.0
0.0
0.0
0.0
0.0
0.0
0.0
0.0
0.0
0.0
0.0
0.0
0.0
0.0
0.0
0.0
0.0
0.0
0.0
0.0
0.0
0.0
0.0
0.0
0.0
0.0


