49.0
48.0
49.0
49.0
49.0
49.0
50.0
49.0
50.0
51.0
51.0
51.0
52.0
50.0
52.0
52.0
51.0
55.0
54.0
51.0
53.0
53.0
52.0
53.0
53.0
53.0
53.0
54.0
54.0
56.0
0.0


49.0
49.0
49.0
50.0
49.0
49.0
49.0
50.0
52.0
52.0
49.0
58.0
112.0
73.0
48.0
53.0
51.0
54.0
52.0
51.0
54.0
54.0
52.0
52.0
52.0
52.0
51.0
50.0
49.0
52.0
0.0


50.0
49.0
50.0
51.0
50.0
49.0
50.0
51.0
51.0
52.0
48.0
58.0
150.0
118.0
49.0
52.0
51.0
51.0
52.0
49.0
99.0
104.0
51.0
52.0
52.0
52.0
50.0
48.0
49.0
51.0
0.0


50.0
50.0
50.0
51.0
50.0
49.0
50.0
50.0
50.0
51.0
50.0
52.0
120.0
155.0
64.0
48.0
52.0
52.0
50.0
53.0
123.0
128.0
51.0
52.0
52.0
51.0
50.0
48.0
50.0
52.0
0.0


50.0
50.0
50.0
51.0
50.0
50.0
50.0
50.0
50.0
50.0
50.0
48.0
108.0
183.0
84.0
45.0
52.0
52.0
49.0
63.0
133.0
120.0
50.0
51.0
51.0
51.0
51.0
50.0
51.0
54.0
0.0


50.0
49.0
50.0
51.0
50.0
51.0
51.0
50.0
50.0
50.0
51.0
46.0
94.0
180.0
107.0
46.0
52.0
52.0
47.0
79.0
161.0
113.0
48.0
51.0
50.0
51.0
52.0
52.0
52.0
53.0
0.0


49.0
50.0
50.0
50.0
50.0
50.0
51.0
50.0
50.0
50.0
51.0
45.0
81.0
170.0
130.0
51.0
49.0
51.0
49.0
94.0
175.0
95.0
45.0
52.0
51.0
51.0
52.0
52.0
53.0
53.0
0.0


50.0
51.0
50.0
50.0
50.0
50.0
50.0
51.0
51.0
49.0
50.0
44.0
69.0
160.0
160.0
60.0
46.0
50.0
60.0
122.0
172.0
80.0
47.0
53.0
51.0
52.0
52.0
52.0
52.0
53.0
0.0


50.0
50.0
50.0
49.0
50.0
50.0
50.0
51.0
50.0
49.0
50.0
47.0
67.0
154.0
185.0
78.0
46.0
47.0
83.0
158.0
175.0
68.0
49.0
52.0
51.0
51.0
51.0
51.0
52.0
52.0
0.0


50.0
50.0
50.0
50.0
50.0
50.0
50.0
50.0
51.0
51.0
52.0
45.0
54.0
134.0
181.0
93.0
45.0
52.0
97.0
153.0
148.0
54.0
53.0
52.0
51.0
51.0
51.0
51.0
52.0
52.0
0.0


49.0
50.0
50.0
50.0
50.0
50.0
50.0
52.0
52.0
52.0
49.0
79.0
106.0
128.0
190.0
106.0
45.0
61.0
115.0
174.0
103.0
47.0
55.0
51.0
51.0
51.0
51.0
51.0
52.0
51.0
0.0


49.0
49.0
50.0
50.0
49.0
50.0
50.0
51.0
52.0
52.0
52.0
130.0
176.0
161.0
199.0
128.0
43.0
82.0
151.0
173.0
74.0
51.0
56.0
52.0
51.0
51.0
51.0
51.0
52.0
52.0
0.0


49.0
50.0
50.0
49.0
49.0
49.0
50.0
50.0
52.0
51.0
51.0
113.0
145.0
155.0
163.0
145.0
82.0
118.0
158.0
147.0
57.0
55.0
54.0
52.0
52.0
51.0
51.0
51.0
52.0
53.0
0.0


49.0
50.0
50.0
50.0
49.0
49.0
50.0
50.0
51.0
53.0
43.0
99.0
165.0
134.0
124.0
143.0
127.0
117.0
139.0
129.0
55.0
58.0
54.0
52.0
51.0
50.0
50.0
51.0
51.0
52.0
0.0


49.0
49.0
50.0
50.0
49.0
49.0
49.0
50.0
52.0
49.0
62.0
125.0
171.0
154.0
161.0
169.0
139.0
124.0
164.0
124.0
54.0
59.0
53.0
50.0
49.0
49.0
50.0
50.0
50.0
52.0
0.0


50.0
49.0
49.0
49.0
49.0
49.0
49.0
50.0
49.0
57.0
153.0
174.0
167.0
168.0
173.0
205.0
196.0
140.0
160.0
115.0
54.0
59.0
55.0
51.0
51.0
50.0
50.0
51.0
52.0
52.0
0.0


50.0
49.0
49.0
49.0
49.0
49.0
49.0
51.0
45.0
88.0
192.0
143.0
176.0
148.0
154.0
209.0
228.0
167.0
153.0
121.0
56.0
58.0
55.0
53.0
52.0
51.0
52.0
52.0
53.0
53.0
0.0


50.0
49.0
50.0
50.0
49.0
50.0
49.0
51.0
45.0
102.0
209.0
161.0
162.0
172.0
163.0
187.0
211.0
218.0
177.0
141.0
63.0
56.0
55.0
53.0
52.0
52.0
52.0
53.0
53.0
53.0
0.0


51.0
50.0
50.0
49.0
49.0
50.0
50.0
51.0
46.0
75.0
172.0
193.0
186.0
215.0
189.0
169.0
195.0
205.0
209.0
175.0
69.0
55.0
55.0
53.0
52.0
52.0
52.0
53.0
53.0
52.0
0.0


51.0
50.0
50.0
50.0
50.0
50.0
50.0
50.0
48.0
59.0
140.0
162.0
192.0
185.0
171.0
173.0
168.0
189.0
210.0
186.0
70.0
54.0
55.0
53.0
52.0
52.0
53.0
52.0
52.0
51.0
0.0


51.0
50.0
51.0
51.0
50.0
50.0
50.0
51.0
49.0
58.0
131.0
139.0
158.0
182.0
171.0
159.0
137.0
176.0
215.0
184.0
69.0
55.0
55.0
53.0
53.0
52.0
52.0
52.0
52.0
51.0
0.0


52.0
51.0
51.0
51.0
51.0
51.0
51.0
51.0
51.0
53.0
123.0
136.0
137.0
166.0
163.0
140.0
131.0
163.0
224.0
184.0
68.0
55.0
54.0
52.0
52.0
52.0
51.0
51.0
51.0
51.0
0.0


51.0
51.0
51.0
51.0
51.0
51.0
51.0
52.0
53.0
49.0
101.0
149.0
131.0
134.0
147.0
138.0
146.0
173.0
237.0
167.0
63.0
56.0
54.0
52.0
51.0
49.0
48.0
48.0
49.0
51.0
0.0


52.0
53.0
53.0
52.0
51.0
52.0
52.0
53.0
54.0
52.0
72.0
149.0
138.0
123.0
143.0
156.0
170.0
192.0
247.0
129.0
59.0
59.0
55.0
52.0
50.0
49.0
48.0
48.0
49.0
51.0
0.0


53.0
53.0
52.0
52.0
51.0
52.0
53.0
54.0
55.0
58.0
58.0
103.0
160.0
140.0
149.0
172.0
195.0
204.0
250.0
123.0
62.0
63.0
58.0
55.0
54.0
53.0
53.0
53.0
53.0
54.0
0.0


53.0
52.0
52.0
52.0
52.0
52.0
53.0
54.0
56.0
60.0
66.0
69.0
141.0
182.0
171.0
185.0
200.0
209.0
247.0
167.0
71.0
64.0
61.0
59.0
58.0
57.0
56.0
56.0
56.0
56.0
0.0


53.0
52.0
51.0
52.0
52.0
52.0
52.0
55.0
57.0
61.0
68.0
69.0
88.0
185.0
206.0
194.0
196.0
207.0
216.0
227.0
91.0
62.0
63.0
59.0
59.0
58.0
56.0
57.0
57.0
57.0
0.0


53.0
52.0
52.0
52.0
53.0
52.0
53.0
55.0
57.0
62.0
67.0
74.0
73.0
128.0
203.0
182.0
186.0
195.0
200.0
246.0
124.0
61.0
64.0
61.0
60.0
59.0
57.0
57.0
58.0
58.0
0.0


52.0
52.0
52.0
52.0
53.0
53.0
54.0
55.0
59.0
62.0
68.0
74.0
75.0
109.0
173.0
165.0
175.0
178.0
195.0
226.0
174.0
71.0
65.0
63.0
61.0
59.0
58.0
58.0
58.0
58.0
0.0


53.0
52.0
52.0
52.0
53.0
53.0
55.0
56.0
58.0
61.0
67.0
74.0
76.0
101.0
165.0
161.0
166.0
170.0
188.0
201.0
243.0
95.0
62.0
67.0
64.0
59.0
57.0
58.0
58.0
59.0
0.0


0.0
0.0
0.0
0.0
0.0
0.0
0.0
0.0
0.0
0.0
0.0
0.0
0.0
0.0
0.0
0.0
0.0
0.0
0.0
0.0
0.0
0.0
0.0
0.0
0.0
0.0
0.0
0.0
0.0
0.0
0.0


