48.0
47.0
47.0
47.0
47.0
48.0
48.0
48.0
49.0
49.0
50.0
51.0
51.0
50.0
50.0
51.0
49.0
45.0
46.0
52.0
51.0
50.0
50.0
51.0
49.0
49.0
53.0
50.0
52.0
121.0
133.0
135.0
178.0
74.0
43.0
54.0
50.0
50.0
51.0
52.0
52.0
52.0
53.0
52.0
52.0
49.0
48.0
52.0
52.0
51.0
51.0
51.0
51.0
51.0
50.0
49.0
48.0
48.0
49.0
50.0
0.0


48.0
47.0
47.0
47.0
47.0
48.0
47.0
49.0
49.0
48.0
49.0
50.0
51.0
50.0
52.0
49.0
52.0
73.0
69.0
49.0
49.0
51.0
50.0
51.0
48.0
49.0
52.0
48.0
54.0
122.0
141.0
144.0
190.0
82.0
44.0
53.0
51.0
51.0
51.0
52.0
52.0
52.0
52.0
52.0
50.0
56.0
63.0
51.0
50.0
52.0
51.0
51.0
51.0
51.0
50.0
48.0
47.0
49.0
49.0
51.0
0.0


48.0
48.0
46.0
47.0
48.0
47.0
47.0
49.0
49.0
49.0
49.0
49.0
50.0
50.0
49.0
47.0
86.0
109.0
136.0
96.0
46.0
50.0
50.0
49.0
49.0
49.0
52.0
47.0
60.0
125.0
138.0
145.0
194.0
95.0
45.0
52.0
50.0
51.0
51.0
52.0
52.0
52.0
53.0
50.0
59.0
99.0
124.0
105.0
51.0
51.0
52.0
51.0
51.0
51.0
50.0
48.0
48.0
50.0
48.0
51.0
0.0


49.0
47.0
48.0
48.0
49.0
48.0
48.0
48.0
49.0
49.0
50.0
50.0
49.0
50.0
49.0
53.0
115.0
111.0
127.0
147.0
55.0
47.0
50.0
50.0
49.0
49.0
51.0
46.0
66.0
132.0
131.0
142.0
189.0
113.0
45.0
53.0
52.0
51.0
51.0
52.0
50.0
51.0
55.0
47.0
84.0
116.0
120.0
165.0
79.0
46.0
54.0
50.0
51.0
51.0
50.0
49.0
49.0
48.0
50.0
52.0
0.0


50.0
48.0
49.0
48.0
48.0
49.0
48.0
48.0
48.0
49.0
50.0
50.0
49.0
49.0
51.0
46.0
106.0
134.0
125.0
165.0
68.0
45.0
51.0
49.0
48.0
48.0
51.0
47.0
70.0
132.0
134.0
144.0
181.0
126.0
48.0
53.0
53.0
51.0
51.0
51.0
50.0
51.0
51.0
50.0
103.0
130.0
132.0
175.0
88.0
45.0
52.0
50.0
50.0
50.0
49.0
50.0
49.0
49.0
51.0
52.0
0.0


49.0
49.0
48.0
49.0
48.0
47.0
48.0
48.0
49.0
49.0
50.0
50.0
49.0
49.0
51.0
42.0
91.0
146.0
128.0
172.0
92.0
44.0
52.0
49.0
48.0
48.0
51.0
47.0
74.0
135.0
137.0
146.0
185.0
124.0
48.0
51.0
51.0
51.0
51.0
51.0
51.0
52.0
47.0
57.0
118.0
131.0
140.0
177.0
76.0
44.0
52.0
50.0
49.0
49.0
49.0
50.0
50.0
50.0
51.0
52.0
0.0


49.0
48.0
49.0
49.0
47.0
48.0
48.0
48.0
49.0
49.0
49.0
50.0
50.0
49.0
51.0
44.0
80.0
149.0
128.0
152.0
133.0
48.0
47.0
49.0
48.0
47.0
51.0
46.0
80.0
157.0
152.0
153.0
200.0
122.0
47.0
52.0
52.0
50.0
51.0
50.0
51.0
52.0
46.0
76.0
123.0
123.0
148.0
170.0
67.0
45.0
52.0
49.0
49.0
50.0
50.0
50.0
50.0
50.0
50.0
51.0
0.0


48.0
48.0
49.0
48.0
49.0
48.0
47.0
48.0
49.0
50.0
49.0
48.0
49.0
48.0
51.0
44.0
73.0
147.0
129.0
136.0
167.0
66.0
43.0
50.0
47.0
47.0
52.0
46.0
86.0
156.0
146.0
152.0
197.0
126.0
46.0
51.0
52.0
49.0
51.0
52.0
52.0
51.0
49.0
97.0
119.0
127.0
153.0
164.0
64.0
47.0
50.0
49.0
49.0
50.0
50.0
51.0
51.0
51.0
52.0
52.0
0.0


48.0
48.0
48.0
49.0
49.0
48.0
47.0
48.0
48.0
49.0
50.0
48.0
49.0
48.0
50.0
44.0
69.0
143.0
126.0
135.0
175.0
96.0
41.0
51.0
48.0
49.0
51.0
47.0
94.0
151.0
140.0
148.0
186.0
131.0
47.0
50.0
51.0
50.0
50.0
51.0
53.0
48.0
62.0
112.0
121.0
134.0
159.0
153.0
56.0
47.0
51.0
50.0
50.0
49.0
50.0
51.0
52.0
52.0
52.0
52.0
0.0


50.0
49.0
48.0
49.0
49.0
49.0
47.0
49.0
50.0
49.0
48.0
49.0
48.0
49.0
50.0
45.0
60.0
137.0
123.0
135.0
165.0
129.0
46.0
51.0
49.0
50.0
50.0
48.0
101.0
146.0
140.0
149.0
189.0
127.0
47.0
51.0
51.0
50.0
50.0
52.0
52.0
46.0
86.0
135.0
129.0
136.0
167.0
134.0
49.0
49.0
51.0
49.0
50.0
50.0
50.0
52.0
52.0
52.0
52.0
52.0
0.0


49.0
49.0
49.0
49.0
48.0
49.0
49.0
47.0
51.0
52.0
47.0
49.0
48.0
49.0
50.0
48.0
49.0
128.0
144.0
145.0
166.0
163.0
56.0
47.0
52.0
51.0
49.0
50.0
109.0
148.0
144.0
152.0
191.0
125.0
46.0
50.0
51.0
49.0
50.0
51.0
49.0
49.0
114.0
138.0
141.0
152.0
198.0
105.0
42.0
51.0
51.0
50.0
50.0
50.0
50.0
51.0
51.0
51.0
53.0
52.0
0.0


48.0
49.0
49.0
49.0
49.0
48.0
48.0
56.0
51.0
46.0
49.0
49.0
47.0
48.0
48.0
49.0
43.0
103.0
165.0
139.0
154.0
183.0
75.0
42.0
54.0
52.0
50.0
52.0
116.0
146.0
146.0
156.0
192.0
123.0
45.0
48.0
50.0
50.0
50.0
52.0
47.0
67.0
129.0
127.0
143.0
167.0
203.0
75.0
44.0
53.0
50.0
51.0
50.0
50.0
51.0
51.0
51.0
51.0
52.0
52.0
0.0


47.0
48.0
48.0
49.0
50.0
45.0
69.0
108.0
110.0
59.0
44.0
50.0
47.0
48.0
47.0
49.0
42.0
79.0
163.0
138.0
149.0
181.0
98.0
44.0
53.0
52.0
49.0
55.0
129.0
145.0
149.0
156.0
196.0
117.0
45.0
50.0
50.0
50.0
51.0
53.0
45.0
92.0
129.0
135.0
152.0
181.0
161.0
53.0
48.0
51.0
51.0
51.0
50.0
51.0
51.0
51.0
51.0
52.0
51.0
52.0
0.0


48.0
49.0
48.0
48.0
48.0
45.0
93.0
117.0
145.0
115.0
45.0
48.0
49.0
47.0
47.0
49.0
45.0
65.0
149.0
138.0
148.0
178.0
123.0
46.0
52.0
54.0
48.0
63.0
138.0
145.0
155.0
157.0
206.0
112.0
43.0
51.0
50.0
50.0
51.0
48.0
58.0
117.0
123.0
140.0
156.0
206.0
119.0
43.0
52.0
50.0
50.0
52.0
51.0
50.0
52.0
51.0
51.0
51.0
51.0
52.0
0.0


48.0
48.0
48.0
48.0
50.0
42.0
88.0
146.0
129.0
167.0
70.0
42.0
49.0
46.0
47.0
47.0
45.0
55.0
134.0
142.0
145.0
168.0
154.0
56.0
46.0
56.0
48.0
72.0
150.0
152.0
167.0
164.0
206.0
117.0
46.0
52.0
50.0
50.0
51.0
46.0
87.0
128.0
129.0
145.0
159.0
211.0
90.0
43.0
52.0
49.0
51.0
51.0
50.0
49.0
51.0
50.0
51.0
51.0
52.0
53.0
0.0


49.0
49.0
48.0
48.0
49.0
44.0
57.0
146.0
139.0
162.0
127.0
44.0
48.0
46.0
45.0
47.0
45.0
48.0
122.0
147.0
141.0
156.0
179.0
79.0
45.0
56.0
47.0
88.0
172.0
155.0
169.0
169.0
228.0
120.0
46.0
51.0
50.0
51.0
49.0
60.0
117.0
127.0
146.0
155.0
169.0
193.0
66.0
45.0
52.0
51.0
51.0
50.0
51.0
50.0
51.0
51.0
50.0
51.0
52.0
52.0
0.0


49.0
49.0
48.0
48.0
49.0
50.0
43.0
115.0
162.0
140.0
178.0
84.0
41.0
48.0
46.0
47.0
47.0
44.0
109.0
149.0
141.0
154.0
180.0
108.0
47.0
53.0
47.0
98.0
167.0
152.0
166.0
168.0
229.0
118.0
47.0
53.0
51.0
52.0
44.0
94.0
146.0
148.0
150.0
157.0
192.0
158.0
49.0
51.0
52.0
51.0
52.0
51.0
51.0
51.0
50.0
51.0
51.0
52.0
52.0
53.0
0.0


48.0
48.0
49.0
48.0
48.0
50.0
42.0
84.0
178.0
143.0
158.0
158.0
55.0
43.0
49.0
47.0
48.0
44.0
98.0
155.0
140.0
159.0
176.0
152.0
56.0
50.0
51.0
101.0
150.0
137.0
155.0
157.0
206.0
112.0
46.0
53.0
53.0
49.0
56.0
123.0
151.0
157.0
163.0
165.0
217.0
124.0
44.0
53.0
51.0
52.0
50.0
50.0
51.0
51.0
50.0
49.0
51.0
51.0
52.0
54.0
0.0


49.0
48.0
49.0
48.0
48.0
49.0
44.0
59.0
162.0
152.0
147.0
189.0
106.0
40.0
50.0
47.0
48.0
43.0
92.0
158.0
144.0
172.0
174.0
215.0
80.0
48.0
51.0
101.0
156.0
135.0
151.0
158.0
213.0
100.0
47.0
56.0
54.0
49.0
83.0
126.0
140.0
153.0
170.0
181.0
237.0
85.0
43.0
53.0
51.0
51.0
50.0
50.0
50.0
50.0
50.0
51.0
51.0
50.0
51.0
51.0
0.0


49.0
49.0
49.0
48.0
48.0
48.0
48.0
43.0
111.0
177.0
154.0
175.0
163.0
60.0
43.0
51.0
50.0
42.0
81.0
174.0
156.0
168.0
162.0
200.0
115.0
49.0
49.0
99.0
165.0
140.0
156.0
163.0
206.0
91.0
48.0
57.0
52.0
56.0
108.0
126.0
129.0
145.0
167.0
208.0
176.0
54.0
51.0
52.0
51.0
51.0
51.0
51.0
50.0
49.0
50.0
51.0
50.0
52.0
50.0
50.0
0.0


48.0
49.0
49.0
48.0
47.0
47.0
49.0
42.0
63.0
172.0
165.0
148.0
170.0
113.0
41.0
48.0
51.0
42.0
66.0
158.0
143.0
150.0
153.0
172.0
142.0
56.0
48.0
99.0
170.0
148.0
163.0
170.0
201.0
78.0
48.0
58.0
51.0
76.0
125.0
121.0
135.0
150.0
163.0
234.0
97.0
44.0
54.0
52.0
52.0
51.0
51.0
51.0
50.0
50.0
50.0
50.0
50.0
50.0
51.0
51.0
0.0


49.0
48.0
48.0
48.0
47.0
47.0
49.0
48.0
42.0
108.0
173.0
148.0
150.0
170.0
80.0
42.0
51.0
44.0
51.0
131.0
144.0
139.0
152.0
164.0
167.0
64.0
46.0
93.0
179.0
152.0
165.0
179.0
190.0
69.0
48.0
59.0
54.0
101.0
128.0
127.0
148.0
158.0
196.0
174.0
57.0
50.0
53.0
53.0
53.0
51.0
52.0
52.0
51.0
51.0
50.0
50.0
50.0
50.0
50.0
51.0
0.0


49.0
48.0
48.0
48.0
48.0
47.0
48.0
51.0
42.0
65.0
159.0
155.0
148.0
156.0
163.0
62.0
44.0
50.0
41.0
105.0
163.0
143.0
160.0
167.0
193.0
76.0
46.0
86.0
197.0
171.0
179.0
199.0
173.0
61.0
51.0
55.0
64.0
126.0
128.0
141.0
154.0
159.0
233.0
108.0
44.0
53.0
54.0
54.0
53.0
53.0
53.0
52.0
52.0
51.0
51.0
50.0
51.0
50.0
50.0
52.0
0.0


49.0
48.0
48.0
48.0
48.0
47.0
47.0
47.0
50.0
43.0
112.0
171.0
152.0
151.0
184.0
125.0
44.0
50.0
41.0
79.0
166.0
157.0
160.0
141.0
210.0
95.0
46.0
81.0
190.0
177.0
182.0
204.0
161.0
58.0
54.0
50.0
88.0
143.0
140.0
151.0
152.0
177.0
196.0
68.0
46.0
54.0
54.0
54.0
53.0
54.0
52.0
52.0
51.0
51.0
51.0
52.0
52.0
50.0
51.0
52.0
0.0


49.0
48.0
48.0
49.0
49.0
47.0
47.0
48.0
51.0
42.0
65.0
166.0
155.0
172.0
172.0
180.0
73.0
42.0
46.0
58.0
157.0
154.0
112.0
120.0
165.0
128.0
46.0
95.0
197.0
182.0
182.0
210.0
160.0
58.0
51.0
62.0
125.0
152.0
148.0
150.0
155.0
228.0
132.0
46.0
52.0
54.0
53.0
54.0
54.0
54.0
53.0
52.0
52.0
52.0
51.0
52.0
52.0
50.0
52.0
52.0
0.0


48.0
49.0
49.0
49.0
48.0
48.0
47.0
48.0
48.0
50.0
43.0
119.0
180.0
168.0
166.0
157.0
124.0
48.0
48.0
46.0
131.0
131.0
111.0
137.0
134.0
161.0
107.0
139.0
177.0
181.0
175.0
172.0
157.0
71.0
61.0
116.0
160.0
161.0
159.0
159.0
174.0
227.0
82.0
45.0
55.0
53.0
54.0
55.0
54.0
53.0
52.0
54.0
52.0
52.0
51.0
50.0
51.0
52.0
52.0
51.0
0.0


49.0
48.0
48.0
48.0
47.0
48.0
49.0
48.0
48.0
51.0
44.0
68.0
173.0
155.0
149.0
143.0
160.0
81.0
43.0
44.0
103.0
140.0
134.0
141.0
142.0
158.0
165.0
152.0
157.0
151.0
149.0
136.0
118.0
102.0
107.0
132.0
138.0
147.0
160.0
171.0
204.0
158.0
51.0
52.0
54.0
54.0
54.0
54.0
53.0
53.0
52.0
53.0
52.0
52.0
52.0
52.0
51.0
51.0
51.0
52.0
0.0


49.0
48.0
49.0
48.0
47.0
48.0
48.0
48.0
50.0
49.0
50.0
44.0
110.0
153.0
136.0
142.0
148.0
133.0
55.0
39.0
96.0
166.0
148.0
154.0
155.0
158.0
161.0
161.0
150.0
147.0
141.0
139.0
124.0
108.0
120.0
126.0
125.0
129.0
142.0
168.0
232.0
108.0
44.0
57.0
53.0
54.0
54.0
55.0
54.0
54.0
52.0
53.0
52.0
52.0
52.0
51.0
52.0
52.0
51.0
52.0
0.0


47.0
48.0
49.0
49.0
47.0
48.0
49.0
49.0
49.0
50.0
52.0
45.0
68.0
153.0
137.0
140.0
137.0
159.0
89.0
36.0
88.0
145.0
153.0
159.0
161.0
157.0
189.0
198.0
153.0
140.0
141.0
140.0
121.0
115.0
129.0
127.0
123.0
129.0
142.0
164.0
229.0
81.0
48.0
58.0
54.0
56.0
56.0
54.0
54.0
54.0
52.0
52.0
53.0
53.0
53.0
53.0
52.0
52.0
51.0
52.0
0.0


48.0
49.0
49.0
48.0
46.0
48.0
48.0
48.0
50.0
49.0
50.0
51.0
49.0
119.0
153.0
136.0
137.0
147.0
125.0
80.0
94.0
127.0
154.0
155.0
161.0
177.0
201.0
197.0
184.0
146.0
140.0
125.0
117.0
131.0
136.0
126.0
138.0
136.0
151.0
175.0
191.0
66.0
51.0
58.0
55.0
56.0
56.0
56.0
54.0
54.0
53.0
53.0
52.0
52.0
53.0
53.0
52.0
52.0
51.0
52.0
0.0


49.0
49.0
49.0
48.0
48.0
48.0
47.0
49.0
49.0
49.0
50.0
52.0
45.0
81.0
158.0
139.0
136.0
136.0
125.0
102.0
100.0
127.0
154.0
162.0
167.0
179.0
185.0
183.0
198.0
191.0
130.0
120.0
136.0
142.0
126.0
135.0
137.0
139.0
168.0
188.0
171.0
63.0
56.0
57.0
56.0
56.0
56.0
55.0
55.0
53.0
54.0
53.0
53.0
53.0
53.0
52.0
52.0
53.0
54.0
51.0
0.0


49.0
49.0
49.0
49.0
48.0
48.0
48.0
48.0
49.0
51.0
50.0
52.0
47.0
58.0
136.0
149.0
137.0
131.0
111.0
98.0
110.0
133.0
152.0
163.0
172.0
178.0
180.0
184.0
190.0
217.0
152.0
119.0
138.0
128.0
132.0
137.0
114.0
150.0
157.0
206.0
142.0
57.0
69.0
57.0
56.0
57.0
57.0
54.0
54.0
54.0
53.0
54.0
53.0
52.0
53.0
53.0
52.0
52.0
52.0
52.0
0.0


48.0
48.0
49.0
50.0
49.0
49.0
49.0
48.0
50.0
51.0
50.0
51.0
50.0
45.0
106.0
166.0
136.0
116.0
111.0
114.0
121.0
142.0
157.0
161.0
171.0
185.0
191.0
195.0
194.0
196.0
207.0
141.0
126.0
133.0
140.0
118.0
143.0
147.0
147.0
235.0
112.0
48.0
60.0
57.0
57.0
56.0
56.0
55.0
55.0
54.0
55.0
54.0
53.0
52.0
53.0
53.0
52.0
51.0
52.0
53.0
0.0


49.0
49.0
49.0
50.0
50.0
49.0
49.0
50.0
50.0
50.0
51.0
50.0
53.0
46.0
84.0
147.0
121.0
118.0
121.0
116.0
127.0
146.0
160.0
165.0
166.0
179.0
184.0
188.0
196.0
199.0
205.0
201.0
145.0
137.0
122.0
137.0
147.0
146.0
175.0
232.0
86.0
53.0
60.0
58.0
58.0
57.0
56.0
54.0
54.0
53.0
53.0
54.0
54.0
53.0
53.0
53.0
53.0
51.0
53.0
53.0
0.0


49.0
50.0
51.0
50.0
51.0
50.0
49.0
50.0
50.0
51.0
52.0
51.0
54.0
49.0
71.0
130.0
123.0
119.0
120.0
121.0
128.0
143.0
158.0
167.0
169.0
172.0
178.0
179.0
183.0
195.0
197.0
216.0
172.0
105.0
111.0
115.0
128.0
167.0
157.0
190.0
76.0
55.0
60.0
59.0
58.0
56.0
55.0
55.0
54.0
53.0
54.0
54.0
52.0
52.0
52.0
52.0
52.0
52.0
53.0
53.0
0.0


50.0
50.0
49.0
51.0
51.0
50.0
50.0
50.0
50.0
51.0
52.0
52.0
54.0
49.0
60.0
131.0
135.0
121.0
119.0
124.0
132.0
145.0
154.0
165.0
183.0
176.0
176.0
184.0
181.0
188.0
195.0
197.0
206.0
134.0
105.0
133.0
167.0
159.0
151.0
198.0
72.0
56.0
61.0
59.0
58.0
56.0
56.0
54.0
54.0
54.0
53.0
53.0
53.0
54.0
54.0
53.0
52.0
53.0
53.0
53.0
0.0


52.0
51.0
51.0
51.0
51.0
50.0
51.0
50.0
52.0
52.0
52.0
51.0
53.0
55.0
49.0
108.0
144.0
121.0
124.0
128.0
136.0
146.0
156.0
177.0
182.0
176.0
174.0
178.0
183.0
182.0
188.0
190.0
196.0
196.0
154.0
163.0
166.0
155.0
164.0
200.0
72.0
59.0
61.0
60.0
58.0
57.0
57.0
55.0
55.0
54.0
52.0
52.0
54.0
53.0
53.0
52.0
52.0
52.0
52.0
52.0
0.0


52.0
50.0
52.0
52.0
51.0
51.0
52.0
51.0
52.0
52.0
52.0
53.0
54.0
58.0
49.0
81.0
142.0
124.0
128.0
137.0
148.0
155.0
165.0
167.0
166.0
177.0
186.0
173.0
172.0
176.0
178.0
184.0
187.0
189.0
188.0
168.0
166.0
161.0
167.0
204.0
79.0
59.0
63.0
60.0
58.0
56.0
55.0
56.0
55.0
54.0
53.0
53.0
53.0
52.0
52.0
53.0
53.0
52.0
53.0
52.0
0.0


52.0
51.0
52.0
52.0
52.0
52.0
52.0
53.0
52.0
51.0
52.0
53.0
54.0
57.0
53.0
71.0
137.0
135.0
143.0
146.0
144.0
140.0
145.0
153.0
168.0
180.0
188.0
168.0
162.0
174.0
173.0
177.0
182.0
184.0
186.0
188.0
178.0
161.0
167.0
215.0
89.0
60.0
64.0
59.0
57.0
56.0
56.0
55.0
54.0
54.0
53.0
54.0
53.0
53.0
53.0
54.0
53.0
52.0
52.0
52.0
0.0


52.0
51.0
52.0
52.0
52.0
53.0
51.0
52.0
53.0
53.0
54.0
54.0
55.0
58.0
55.0
66.0
139.0
142.0
136.0
127.0
122.0
134.0
147.0
156.0
170.0
180.0
178.0
158.0
152.0
164.0
174.0
176.0
178.0
181.0
186.0
183.0
180.0
166.0
163.0
220.0
95.0
59.0
65.0
59.0
57.0
57.0
56.0
55.0
55.0
54.0
53.0
54.0
52.0
53.0
54.0
53.0
52.0
52.0
51.0
52.0
0.0


51.0
51.0
52.0
53.0
52.0
52.0
52.0
53.0
53.0
55.0
55.0
55.0
55.0
56.0
55.0
64.0
132.0
128.0
123.0
124.0
123.0
136.0
148.0
160.0
168.0
171.0
169.0
150.0
134.0
143.0
162.0
175.0
174.0
177.0
180.0
183.0
185.0
185.0
168.0
230.0
99.0
58.0
67.0
60.0
58.0
58.0
56.0
55.0
54.0
53.0
54.0
52.0
52.0
52.0
52.0
52.0
53.0
53.0
52.0
52.0
0.0


51.0
51.0
52.0
54.0
53.0
53.0
55.0
55.0
54.0
54.0
55.0
55.0
55.0
56.0
55.0
60.0
125.0
128.0
124.0
123.0
121.0
129.0
145.0
154.0
158.0
165.0
157.0
133.0
103.0
136.0
153.0
168.0
174.0
174.0
176.0
179.0
183.0
192.0
180.0
235.0
99.0
58.0
64.0
60.0
58.0
56.0
56.0
55.0
54.0
53.0
54.0
52.0
51.0
52.0
52.0
52.0
53.0
53.0
53.0
52.0
0.0


52.0
52.0
52.0
53.0
53.0
53.0
54.0
55.0
55.0
53.0
55.0
56.0
56.0
56.0
56.0
58.0
120.0
133.0
126.0
123.0
121.0
125.0
137.0
146.0
157.0
162.0
139.0
120.0
82.0
112.0
155.0
163.0
172.0
169.0
169.0
172.0
186.0
202.0
188.0
234.0
91.0
61.0
65.0
60.0
58.0
57.0
56.0
55.0
55.0
54.0
53.0
53.0
53.0
53.0
53.0
53.0
52.0
52.0
52.0
52.0
0.0


52.0
51.0
53.0
54.0
54.0
53.0
54.0
56.0
55.0
56.0
56.0
56.0
55.0
56.0
55.0
58.0
121.0
136.0
125.0
123.0
119.0
120.0
131.0
138.0
155.0
151.0
127.0
115.0
91.0
99.0
136.0
170.0
175.0
167.0
164.0
172.0
199.0
208.0
197.0
203.0
79.0
62.0
64.0
58.0
59.0
57.0
55.0
55.0
54.0
54.0
54.0
53.0
52.0
53.0
53.0
52.0
53.0
52.0
51.0
53.0
0.0


53.0
52.0
53.0
54.0
54.0
55.0
54.0
55.0
56.0
55.0
56.0
57.0
55.0
57.0
59.0
56.0
113.0
139.0
125.0
122.0
115.0
118.0
130.0
137.0
151.0
126.0
126.0
112.0
104.0
109.0
131.0
154.0
179.0
183.0
180.0
192.0
215.0
202.0
215.0
176.0
70.0
65.0
63.0
59.0
59.0
56.0
56.0
55.0
54.0
54.0
54.0
53.0
51.0
52.0
52.0
52.0
50.0
51.0
51.0
52.0
0.0


54.0
54.0
53.0
55.0
56.0
55.0
55.0
57.0
57.0
56.0
57.0
57.0
57.0
57.0
61.0
53.0
99.0
151.0
128.0
123.0
112.0
118.0
129.0
139.0
141.0
111.0
128.0
116.0
116.0
124.0
130.0
149.0
168.0
195.0
199.0
212.0
218.0
198.0
234.0
156.0
64.0
64.0
61.0
59.0
59.0
57.0
56.0
55.0
54.0
53.0
53.0
52.0
50.0
51.0
51.0
52.0
50.0
49.0
50.0
51.0
0.0


53.0
54.0
53.0
55.0
56.0
56.0
56.0
57.0
57.0
57.0
58.0
57.0
58.0
57.0
59.0
56.0
86.0
157.0
129.0
123.0
115.0
124.0
127.0
134.0
125.0
115.0
137.0
119.0
121.0
129.0
137.0
145.0
168.0
189.0
209.0
214.0
217.0
197.0
246.0
139.0
62.0
65.0
62.0
59.0
59.0
57.0
56.0
55.0
53.0
53.0
52.0
52.0
51.0
50.0
49.0
49.0
49.0
49.0
50.0
51.0
0.0


53.0
54.0
54.0
56.0
56.0
56.0
57.0
57.0
57.0
58.0
58.0
57.0
59.0
57.0
59.0
58.0
71.0
150.0
136.0
127.0
122.0
127.0
121.0
130.0
118.0
123.0
140.0
123.0
126.0
131.0
146.0
154.0
167.0
186.0
200.0
215.0
217.0
198.0
255.0
117.0
61.0
66.0
62.0
60.0
58.0
56.0
57.0
56.0
53.0
52.0
51.0
52.0
50.0
49.0
50.0
50.0
49.0
48.0
50.0
50.0
0.0


54.0
54.0
54.0
56.0
57.0
58.0
58.0
59.0
59.0
58.0
57.0
58.0
58.0
60.0
60.0
60.0
60.0
130.0
153.0
134.0
132.0
128.0
118.0
124.0
112.0
130.0
137.0
128.0
133.0
137.0
145.0
161.0
177.0
187.0
203.0
213.0
213.0
202.0
254.0
102.0
60.0
67.0
62.0
61.0
60.0
57.0
56.0
55.0
52.0
52.0
52.0
51.0
49.0
50.0
50.0
49.0
49.0
47.0
49.0
50.0
0.0


54.0
54.0
54.0
55.0
57.0
57.0
58.0
59.0
59.0
58.0
59.0
59.0
59.0
61.0
61.0
62.0
59.0
102.0
163.0
136.0
143.0
132.0
116.0
118.0
107.0
132.0
137.0
138.0
140.0
147.0
154.0
163.0
182.0
202.0
210.0
215.0
210.0
207.0
243.0
91.0
62.0
67.0
63.0
61.0
60.0
57.0
55.0
54.0
52.0
53.0
51.0
51.0
50.0
50.0
50.0
50.0
49.0
49.0
49.0
51.0
0.0


54.0
54.0
55.0
56.0
57.0
58.0
58.0
59.0
59.0
60.0
60.0
60.0
60.0
61.0
63.0
64.0
63.0
77.0
156.0
145.0
147.0
133.0
118.0
117.0
105.0
139.0
142.0
145.0
148.0
160.0
166.0
175.0
191.0
202.0
210.0
213.0
206.0
222.0
200.0
76.0
63.0
66.0
62.0
61.0
59.0
57.0
56.0
55.0
53.0
54.0
54.0
53.0
52.0
51.0
51.0
49.0
49.0
50.0
50.0
51.0
0.0


53.0
54.0
54.0
55.0
56.0
58.0
59.0
60.0
59.0
60.0
61.0
60.0
61.0
61.0
64.0
65.0
64.0
63.0
124.0
158.0
144.0
136.0
130.0
119.0
110.0
143.0
150.0
151.0
162.0
167.0
175.0
184.0
198.0
207.0
212.0
215.0
202.0
252.0
147.0
67.0
68.0
65.0
63.0
61.0
60.0
58.0
57.0
56.0
54.0
55.0
54.0
54.0
53.0
52.0
53.0
51.0
52.0
51.0
52.0
53.0
0.0


54.0
53.0
53.0
54.0
55.0
56.0
58.0
60.0
60.0
61.0
61.0
60.0
61.0
62.0
63.0
65.0
66.0
61.0
89.0
160.0
144.0
143.0
146.0
130.0
127.0
145.0
159.0
156.0
167.0
174.0
182.0
195.0
204.0
212.0
219.0
214.0
206.0
255.0
107.0
62.0
70.0
65.0
65.0
62.0
60.0
58.0
57.0
57.0
56.0
55.0
54.0
55.0
53.0
53.0
53.0
53.0
53.0
53.0
53.0
54.0
0.0


53.0
53.0
55.0
54.0
55.0
56.0
58.0
60.0
60.0
60.0
61.0
61.0
62.0
63.0
64.0
64.0
67.0
64.0
71.0
142.0
151.0
146.0
154.0
142.0
150.0
150.0
162.0
165.0
173.0
182.0
194.0
200.0
206.0
213.0
219.0
211.0
226.0
207.0
87.0
63.0
69.0
66.0
63.0
61.0
60.0
58.0
57.0
57.0
57.0
57.0
56.0
54.0
53.0
53.0
53.0
53.0
52.0
52.0
53.0
53.0
0.0


54.0
53.0
54.0
55.0
56.0
56.0
59.0
60.0
59.0
60.0
61.0
61.0
64.0
63.0
63.0
65.0
66.0
69.0
63.0
109.0
157.0
150.0
158.0
155.0
167.0
157.0
157.0
165.0
187.0
194.0
200.0
205.0
210.0
216.0
220.0
211.0
239.0
191.0
82.0
66.0
68.0
65.0
64.0
62.0
60.0
59.0
58.0
57.0
57.0
56.0
54.0
53.0
53.0
53.0
55.0
53.0
52.0
53.0
53.0
53.0
0.0


54.0
53.0
54.0
55.0
55.0
56.0
59.0
60.0
61.0
62.0
61.0
62.0
63.0
64.0
65.0
66.0
65.0
70.0
65.0
82.0
165.0
162.0
164.0
166.0
172.0
163.0
169.0
170.0
182.0
200.0
201.0
206.0
211.0
217.0
221.0
217.0
221.0
220.0
100.0
65.0
69.0
64.0
64.0
62.0
60.0
58.0
58.0
57.0
57.0
56.0
55.0
55.0
53.0
53.0
54.0
54.0
53.0
52.0
54.0
54.0
0.0


54.0
55.0
55.0
55.0
55.0
56.0
59.0
59.0
59.0
62.0
61.0
63.0
64.0
64.0
64.0
66.0
67.0
70.0
73.0
66.0
125.0
190.0
180.0
180.0
183.0
175.0
182.0
185.0
184.0
192.0
200.0
206.0
217.0
223.0
224.0
225.0
213.0
244.0
130.0
69.0
69.0
65.0
63.0
61.0
60.0
58.0
58.0
57.0
57.0
56.0
55.0
55.0
54.0
54.0
53.0
54.0
54.0
53.0
54.0
54.0
0.0


55.0
55.0
55.0
56.0
57.0
56.0
57.0
58.0
59.0
60.0
60.0
61.0
63.0
65.0
65.0
67.0
68.0
68.0
73.0
70.0
77.0
168.0
195.0
199.0
200.0
189.0
184.0
186.0
186.0
193.0
198.0
203.0
215.0
220.0
224.0
224.0
213.0
236.0
167.0
77.0
67.0
67.0
64.0
61.0
59.0
59.0
57.0
57.0
57.0
56.0
56.0
54.0
54.0
54.0
53.0
53.0
54.0
53.0
53.0
54.0
0.0


55.0
55.0
55.0
56.0
56.0
56.0
57.0
58.0
57.0
59.0
61.0
61.0
62.0
66.0
67.0
67.0
69.0
69.0
70.0
77.0
65.0
106.0
203.0
192.0
200.0
198.0
199.0
203.0
198.0
197.0
201.0
207.0
215.0
219.0
221.0
221.0
218.0
213.0
215.0
99.0
66.0
67.0
63.0
62.0
60.0
59.0
57.0
57.0
57.0
56.0
55.0
55.0
54.0
54.0
54.0
54.0
54.0
54.0
52.0
54.0
0.0


55.0
55.0
55.0
56.0
57.0
57.0
58.0
58.0
58.0
59.0
60.0
61.0
63.0
67.0
67.0
67.0
68.0
69.0
70.0
74.0
75.0
75.0
153.0
200.0
193.0
196.0
195.0
199.0
197.0
197.0
203.0
209.0
214.0
215.0
217.0
220.0
220.0
206.0
242.0
129.0
69.0
67.0
64.0
63.0
60.0
59.0
58.0
57.0
57.0
55.0
55.0
55.0
54.0
54.0
54.0
54.0
54.0
53.0
54.0
54.0
0.0


0.0
0.0
0.0
0.0
0.0
0.0
0.0
0.0
0.0
0.0
0.0
0.0
0.0
0.0
0.0
0.0
0.0
0.0
0.0
0.0
0.0
0.0
0.0
0.0
0.0
0.0
0.0
0.0
0.0
0.0
0.0
0.0
0.0
0.0
0.0
0.0
0.0
0.0
0.0
0.0
0.0
0.0
0.0
0.0
0.0
0.0
0.0
0.0
0.0
0.0
0.0
0.0
0.0
0.0
0.0
0.0
0.0
0.0
0.0
0.0
0.0


