49.0
48.0
48.0
48.0
50.0
49.0
49.0
50.0
51.0
51.0
52.0
52.0
52.0
53.0
53.0
52.0
52.0
53.0
52.0
53.0
53.0
52.0
53.0
53.0
54.0
53.0
53.0
53.0
53.0
54.0
0.0


48.0
48.0
48.0
49.0
49.0
50.0
50.0
50.0
50.0
51.0
51.0
52.0
53.0
53.0
51.0
54.0
52.0
54.0
52.0
50.0
54.0
54.0
52.0
52.0
53.0
53.0
53.0
54.0
54.0
55.0
0.0


48.0
48.0
49.0
50.0
48.0
49.0
50.0
50.0
51.0
51.0
51.0
50.0
48.0
51.0
50.0
97.0
103.0
53.0
51.0
51.0
49.0
50.0
52.0
52.0
52.0
52.0
50.0
50.0
50.0
52.0
0.0


49.0
48.0
50.0
50.0
49.0
49.0
49.0
50.0
51.0
51.0
49.0
55.0
74.0
53.0
50.0
120.0
139.0
52.0
50.0
48.0
76.0
86.0
50.0
51.0
52.0
51.0
49.0
47.0
48.0
50.0
0.0


49.0
49.0
49.0
50.0
49.0
49.0
49.0
50.0
51.0
52.0
47.0
71.0
154.0
64.0
49.0
123.0
147.0
56.0
48.0
49.0
117.0
136.0
51.0
51.0
52.0
51.0
49.0
47.0
48.0
50.0
0.0


49.0
49.0
49.0
50.0
49.0
49.0
50.0
50.0
49.0
51.0
45.0
75.0
162.0
68.0
52.0
139.0
151.0
57.0
44.0
56.0
127.0
128.0
51.0
49.0
50.0
51.0
50.0
49.0
50.0
52.0
0.0


50.0
49.0
50.0
51.0
50.0
49.0
49.0
49.0
50.0
51.0
46.0
80.0
166.0
77.0
54.0
146.0
150.0
57.0
42.0
71.0
155.0
122.0
50.0
49.0
50.0
52.0
52.0
52.0
52.0
53.0
0.0


49.0
49.0
50.0
50.0
49.0
49.0
49.0
47.0
48.0
50.0
44.0
80.0
187.0
81.0
58.0
155.0
148.0
55.0
44.0
87.0
175.0
106.0
46.0
52.0
51.0
51.0
52.0
53.0
52.0
52.0
0.0


50.0
50.0
50.0
50.0
49.0
44.0
71.0
101.0
47.0
48.0
43.0
74.0
189.0
85.0
65.0
179.0
148.0
54.0
50.0
109.0
175.0
89.0
46.0
53.0
51.0
52.0
52.0
53.0
52.0
52.0
0.0


50.0
49.0
49.0
49.0
51.0
43.0
74.0
178.0
62.0
44.0
43.0
73.0
184.0
96.0
79.0
184.0
153.0
52.0
68.0
151.0
179.0
77.0
47.0
52.0
51.0
51.0
51.0
51.0
51.0
51.0
0.0


49.0
49.0
49.0
48.0
50.0
44.0
59.0
180.0
98.0
43.0
43.0
79.0
196.0
119.0
82.0
153.0
139.0
50.0
85.0
147.0
165.0
62.0
50.0
52.0
51.0
51.0
50.0
50.0
50.0
50.0
0.0


48.0
49.0
49.0
48.0
49.0
48.0
47.0
133.0
144.0
51.0
43.0
75.0
153.0
125.0
89.0
163.0
128.0
54.0
101.0
152.0
125.0
50.0
54.0
50.0
48.0
48.0
49.0
49.0
50.0
50.0
0.0


49.0
49.0
49.0
49.0
48.0
50.0
43.0
85.0
181.0
87.0
42.0
71.0
141.0
126.0
97.0
195.0
114.0
62.0
127.0
169.0
93.0
48.0
54.0
49.0
61.0
66.0
49.0
48.0
49.0
50.0
0.0


48.0
49.0
49.0
48.0
47.0
48.0
46.0
59.0
158.0
133.0
48.0
66.0
153.0
131.0
102.0
166.0
102.0
85.0
148.0
165.0
68.0
52.0
50.0
61.0
113.0
120.0
51.0
47.0
50.0
50.0
0.0


48.0
49.0
48.0
48.0
48.0
49.0
48.0
47.0
99.0
128.0
72.0
67.0
135.0
108.0
106.0
117.0
99.0
100.0
125.0
145.0
60.0
54.0
52.0
97.0
141.0
96.0
43.0
49.0
49.0
51.0
0.0


49.0
49.0
49.0
49.0
49.0
48.0
49.0
45.0
75.0
116.0
97.0
73.0
100.0
110.0
121.0
120.0
110.0
120.0
140.0
138.0
61.0
51.0
75.0
123.0
149.0
64.0
42.0
49.0
49.0
51.0
0.0


49.0
49.0
48.0
49.0
49.0
48.0
49.0
47.0
60.0
110.0
86.0
80.0
108.0
121.0
130.0
119.0
124.0
129.0
145.0
135.0
59.0
54.0
100.0
143.0
152.0
52.0
47.0
49.0
50.0
51.0
0.0


49.0
49.0
49.0
48.0
48.0
48.0
50.0
50.0
54.0
97.0
92.0
99.0
115.0
129.0
130.0
127.0
120.0
105.0
124.0
147.0
68.0
64.0
119.0
179.0
114.0
44.0
51.0
50.0
51.0
52.0
0.0


49.0
49.0
49.0
49.0
48.0
49.0
51.0
53.0
51.0
95.0
109.0
110.0
125.0
130.0
126.0
120.0
107.0
100.0
102.0
137.0
97.0
87.0
138.0
190.0
72.0
46.0
52.0
51.0
51.0
52.0
0.0


50.0
49.0
49.0
48.0
49.0
49.0
52.0
55.0
50.0
86.0
131.0
109.0
122.0
134.0
124.0
111.0
109.0
102.0
85.0
94.0
104.0
107.0
145.0
148.0
54.0
51.0
52.0
51.0
51.0
51.0
0.0


49.0
50.0
49.0
49.0
50.0
50.0
53.0
55.0
52.0
73.0
124.0
104.0
119.0
132.0
115.0
104.0
92.0
88.0
81.0
80.0
84.0
103.0
168.0
126.0
48.0
54.0
52.0
51.0
51.0
49.0
0.0


51.0
50.0
50.0
50.0
50.0
51.0
53.0
56.0
56.0
66.0
124.0
110.0
111.0
123.0
106.0
86.0
81.0
84.0
84.0
90.0
109.0
147.0
239.0
88.0
50.0
55.0
51.0
51.0
51.0
48.0
0.0


51.0
50.0
50.0
51.0
51.0
51.0
52.0
56.0
58.0
61.0
120.0
120.0
112.0
119.0
91.0
79.0
87.0
96.0
103.0
118.0
143.0
219.0
116.0
53.0
57.0
53.0
51.0
50.0
50.0
49.0
0.0


51.0
50.0
51.0
51.0
51.0
52.0
53.0
56.0
60.0
57.0
104.0
145.0
120.0
110.0
91.0
87.0
101.0
113.0
129.0
143.0
206.0
131.0
57.0
59.0
55.0
52.0
49.0
48.0
49.0
50.0
0.0


52.0
52.0
53.0
52.0
52.0
53.0
54.0
56.0
60.0
60.0
78.0
149.0
133.0
115.0
107.0
105.0
115.0
138.0
152.0
202.0
158.0
67.0
67.0
61.0
55.0
52.0
50.0
48.0
50.0
51.0
0.0


53.0
53.0
52.0
51.0
52.0
52.0
54.0
56.0
61.0
66.0
65.0
116.0
151.0
134.0
132.0
136.0
146.0
165.0
194.0
186.0
86.0
75.0
75.0
67.0
62.0
59.0
56.0
55.0
55.0
55.0
0.0


52.0
51.0
52.0
52.0
52.0
52.0
53.0
56.0
60.0
66.0
69.0
83.0
159.0
159.0
157.0
161.0
176.0
201.0
254.0
156.0
81.0
84.0
77.0
69.0
66.0
63.0
60.0
60.0
59.0
58.0
0.0


52.0
52.0
51.0
52.0
52.0
53.0
53.0
56.0
60.0
66.0
73.0
71.0
114.0
207.0
186.0
187.0
192.0
205.0
229.0
197.0
97.0
82.0
77.0
70.0
68.0
65.0
62.0
62.0
61.0
60.0
0.0


52.0
52.0
52.0
52.0
53.0
52.0
53.0
56.0
59.0
65.0
71.0
75.0
81.0
159.0
193.0
178.0
183.0
197.0
205.0
241.0
117.0
82.0
78.0
72.0
69.0
67.0
64.0
64.0
64.0
62.0
0.0


53.0
52.0
52.0
52.0
53.0
54.0
55.0
58.0
61.0
66.0
73.0
78.0
79.0
126.0
176.0
167.0
175.0
181.0
194.0
241.0
151.0
84.0
80.0
75.0
72.0
68.0
66.0
66.0
66.0
63.0
0.0


0.0
0.0
0.0
0.0
0.0
0.0
0.0
0.0
0.0
0.0
0.0
0.0
0.0
0.0
0.0
0.0
0.0
0.0
0.0
0.0
0.0
0.0
0.0
0.0
0.0
0.0
0.0
0.0
0.0
0.0
0.0


