49.0
50.0
49.0
49.0
49.0
49.0
51.0
50.0
50.0
50.0
51.0
51.0
51.0
51.0
51.0
51.0
52.0
53.0
52.0
54.0
120.0
124.0
135.0
156.0
55.0
51.0
50.0
53.0
50.0
64.0
138.0
136.0
153.0
200.0
113.0
43.0
54.0
50.0
52.0
52.0
51.0
53.0
50.0
104.0
117.0
143.0
123.0
53.0
53.0
53.0
51.0
49.0
48.0
48.0
48.0
49.0
50.0
51.0
52.0
54.0
0.0


49.0
49.0
50.0
49.0
49.0
50.0
51.0
51.0
51.0
51.0
51.0
51.0
51.0
51.0
51.0
51.0
52.0
53.0
52.0
52.0
122.0
143.0
147.0
158.0
57.0
51.0
51.0
52.0
48.0
74.0
141.0
136.0
155.0
188.0
122.0
43.0
53.0
51.0
50.0
51.0
53.0
49.0
60.0
131.0
126.0
145.0
155.0
61.0
51.0
53.0
51.0
49.0
50.0
49.0
49.0
50.0
52.0
51.0
52.0
54.0
0.0


49.0
49.0
50.0
50.0
49.0
50.0
50.0
50.0
50.0
51.0
50.0
50.0
52.0
51.0
52.0
51.0
52.0
52.0
51.0
54.0
127.0
145.0
153.0
171.0
61.0
49.0
51.0
53.0
48.0
84.0
145.0
141.0
157.0
192.0
116.0
43.0
53.0
50.0
51.0
50.0
54.0
47.0
75.0
145.0
137.0
165.0
151.0
57.0
51.0
53.0
51.0
49.0
50.0
49.0
49.0
51.0
52.0
52.0
53.0
55.0
0.0


50.0
50.0
49.0
49.0
50.0
50.0
50.0
50.0
51.0
51.0
51.0
50.0
51.0
51.0
52.0
52.0
51.0
52.0
50.0
55.0
132.0
145.0
148.0
187.0
71.0
47.0
52.0
53.0
46.0
99.0
170.0
152.0
160.0
203.0
103.0
41.0
52.0
51.0
51.0
50.0
52.0
47.0
99.0
143.0
139.0
178.0
137.0
51.0
52.0
53.0
51.0
50.0
50.0
50.0
50.0
50.0
52.0
53.0
53.0
55.0
0.0


51.0
50.0
50.0
49.0
49.0
50.0
49.0
49.0
52.0
51.0
51.0
51.0
51.0
51.0
51.0
52.0
51.0
52.0
49.0
62.0
140.0
140.0
146.0
192.0
84.0
46.0
54.0
52.0
49.0
116.0
163.0
156.0
164.0
211.0
94.0
41.0
54.0
51.0
50.0
53.0
49.0
59.0
122.0
133.0
141.0
190.0
127.0
49.0
52.0
53.0
52.0
51.0
50.0
50.0
51.0
52.0
52.0
53.0
53.0
54.0
0.0


50.0
50.0
51.0
50.0
49.0
49.0
50.0
50.0
51.0
51.0
51.0
50.0
51.0
51.0
52.0
50.0
51.0
53.0
47.0
66.0
143.0
135.0
148.0
197.0
99.0
43.0
54.0
50.0
55.0
133.0
152.0
153.0
159.0
206.0
93.0
41.0
55.0
50.0
50.0
53.0
47.0
81.0
132.0
135.0
143.0
197.0
115.0
47.0
54.0
52.0
52.0
52.0
52.0
50.0
51.0
51.0
52.0
52.0
53.0
54.0
0.0


49.0
50.0
49.0
49.0
49.0
49.0
49.0
50.0
52.0
48.0
47.0
48.0
52.0
50.0
51.0
50.0
50.0
53.0
47.0
65.0
146.0
136.0
150.0
196.0
112.0
44.0
52.0
48.0
62.0
149.0
153.0
159.0
163.0
205.0
84.0
44.0
53.0
51.0
53.0
51.0
51.0
109.0
138.0
140.0
147.0
198.0
97.0
44.0
52.0
52.0
51.0
51.0
51.0
52.0
51.0
50.0
51.0
53.0
54.0
55.0
0.0


49.0
50.0
50.0
49.0
49.0
49.0
49.0
51.0
49.0
65.0
72.0
52.0
48.0
51.0
49.0
49.0
50.0
52.0
47.0
59.0
151.0
149.0
162.0
206.0
120.0
44.0
54.0
46.0
70.0
162.0
157.0
165.0
169.0
201.0
75.0
45.0
52.0
51.0
53.0
48.0
62.0
142.0
148.0
151.0
161.0
191.0
73.0
45.0
51.0
51.0
50.0
50.0
51.0
53.0
52.0
50.0
51.0
52.0
53.0
54.0
0.0


49.0
50.0
50.0
49.0
50.0
48.0
51.0
50.0
55.0
106.0
135.0
110.0
49.0
49.0
51.0
49.0
49.0
51.0
49.0
55.0
147.0
153.0
158.0
201.0
127.0
46.0
55.0
43.0
86.0
174.0
158.0
168.0
172.0
191.0
66.0
46.0
52.0
51.0
53.0
48.0
87.0
143.0
137.0
153.0
192.0
157.0
54.0
47.0
53.0
50.0
50.0
51.0
52.0
52.0
51.0
51.0
52.0
52.0
53.0
54.0
0.0


50.0
49.0
49.0
49.0
49.0
50.0
53.0
49.0
62.0
121.0
128.0
165.0
71.0
44.0
52.0
49.0
48.0
50.0
48.0
56.0
145.0
153.0
162.0
198.0
133.0
46.0
55.0
45.0
105.0
177.0
164.0
172.0
180.0
171.0
56.0
48.0
53.0
51.0
51.0
53.0
117.0
136.0
144.0
157.0
208.0
119.0
45.0
51.0
51.0
51.0
51.0
51.0
51.0
52.0
53.0
51.0
52.0
53.0
53.0
55.0
0.0


49.0
50.0
49.0
49.0
50.0
50.0
52.0
50.0
55.0
132.0
142.0
171.0
103.0
44.0
51.0
49.0
48.0
50.0
46.0
57.0
142.0
152.0
164.0
196.0
134.0
48.0
53.0
51.0
130.0
172.0
174.0
173.0
191.0
154.0
51.0
51.0
51.0
52.0
47.0
74.0
136.0
131.0
151.0
164.0
209.0
86.0
43.0
54.0
52.0
51.0
51.0
52.0
51.0
52.0
51.0
51.0
53.0
54.0
54.0
54.0
0.0


49.0
49.0
49.0
50.0
49.0
49.0
50.0
50.0
43.0
117.0
160.0
165.0
145.0
53.0
48.0
48.0
49.0
50.0
47.0
55.0
144.0
152.0
162.0
191.0
145.0
53.0
48.0
60.0
155.0
179.0
181.0
176.0
195.0
151.0
51.0
52.0
52.0
50.0
48.0
110.0
136.0
139.0
152.0
174.0
181.0
64.0
45.0
54.0
52.0
52.0
51.0
51.0
51.0
52.0
50.0
52.0
53.0
55.0
53.0
55.0
0.0


49.0
50.0
49.0
49.0
49.0
47.0
48.0
50.0
39.0
104.0
174.0
151.0
198.0
75.0
44.0
49.0
48.0
50.0
47.0
59.0
146.0
148.0
164.0
184.0
159.0
56.0
44.0
71.0
176.0
180.0
177.0
175.0
223.0
138.0
48.0
52.0
53.0
48.0
71.0
135.0
135.0
154.0
161.0
194.0
151.0
51.0
53.0
53.0
52.0
52.0
51.0
52.0
52.0
52.0
51.0
52.0
53.0
53.0
52.0
53.0
0.0


49.0
49.0
49.0
49.0
50.0
49.0
49.0
50.0
39.0
93.0
180.0
149.0
196.0
118.0
44.0
48.0
48.0
49.0
44.0
64.0
154.0
147.0
167.0
177.0
174.0
64.0
41.0
84.0
168.0
160.0
164.0
165.0
228.0
114.0
45.0
54.0
55.0
49.0
117.0
149.0
151.0
158.0
165.0
219.0
119.0
44.0
56.0
53.0
54.0
53.0
51.0
51.0
52.0
52.0
52.0
52.0
52.0
52.0
53.0
54.0
0.0


48.0
49.0
50.0
49.0
50.0
49.0
49.0
50.0
42.0
76.0
178.0
151.0
170.0
173.0
54.0
45.0
49.0
49.0
45.0
72.0
158.0
148.0
176.0
181.0
201.0
78.0
39.0
95.0
163.0
144.0
150.0
155.0
219.0
96.0
45.0
54.0
48.0
68.0
145.0
153.0
166.0
165.0
169.0
231.0
91.0
43.0
56.0
53.0
52.0
53.0
52.0
51.0
53.0
52.0
51.0
52.0
52.0
53.0
54.0
54.0
0.0


50.0
49.0
49.0
49.0
49.0
50.0
49.0
50.0
48.0
55.0
153.0
169.0
168.0
215.0
79.0
40.0
50.0
51.0
44.0
77.0
174.0
158.0
179.0
182.0
232.0
91.0
37.0
105.0
165.0
146.0
155.0
159.0
225.0
81.0
45.0
55.0
48.0
99.0
136.0
152.0
160.0
171.0
189.0
198.0
65.0
50.0
56.0
52.0
52.0
53.0
52.0
52.0
51.0
51.0
52.0
53.0
53.0
53.0
53.0
54.0
0.0


49.0
49.0
49.0
50.0
51.0
50.0
50.0
49.0
51.0
43.0
112.0
187.0
154.0
179.0
126.0
43.0
50.0
51.0
44.0
74.0
169.0
151.0
170.0
171.0
208.0
105.0
38.0
115.0
170.0
150.0
157.0
166.0
199.0
69.0
49.0
52.0
65.0
121.0
130.0
139.0
152.0
169.0
232.0
133.0
45.0
54.0
52.0
53.0
53.0
53.0
52.0
52.0
53.0
51.0
52.0
53.0
53.0
53.0
54.0
54.0
0.0


50.0
50.0
50.0
50.0
51.0
50.0
50.0
50.0
53.0
43.0
79.0
174.0
152.0
162.0
172.0
66.0
43.0
54.0
46.0
66.0
155.0
136.0
154.0
160.0
201.0
112.0
40.0
121.0
173.0
155.0
160.0
179.0
170.0
60.0
52.0
51.0
88.0
131.0
129.0
141.0
154.0
170.0
226.0
75.0
47.0
55.0
53.0
53.0
53.0
53.0
52.0
52.0
53.0
53.0
53.0
52.0
53.0
53.0
54.0
53.0
0.0


50.0
50.0
50.0
50.0
50.0
50.0
50.0
50.0
52.0
49.0
58.0
152.0
158.0
156.0
180.0
120.0
43.0
50.0
48.0
61.0
151.0
141.0
148.0
158.0
205.0
114.0
42.0
126.0
183.0
160.0
162.0
199.0
144.0
54.0
52.0
58.0
116.0
135.0
133.0
152.0
161.0
216.0
140.0
48.0
55.0
53.0
54.0
53.0
53.0
53.0
52.0
52.0
52.0
52.0
53.0
53.0
53.0
54.0
53.0
54.0
0.0


50.0
50.0
50.0
50.0
50.0
50.0
49.0
49.0
51.0
51.0
47.0
116.0
172.0
154.0
164.0
176.0
70.0
44.0
50.0
56.0
147.0
145.0
153.0
167.0
208.0
116.0
44.0
130.0
192.0
176.0
173.0
226.0
118.0
51.0
53.0
73.0
134.0
132.0
146.0
159.0
164.0
232.0
87.0
46.0
55.0
54.0
53.0
54.0
53.0
52.0
52.0
52.0
52.0
53.0
52.0
52.0
53.0
53.0
52.0
55.0
0.0


49.0
49.0
49.0
49.0
50.0
49.0
48.0
48.0
50.0
52.0
45.0
86.0
178.0
154.0
172.0
210.0
104.0
44.0
52.0
51.0
134.0
162.0
143.0
142.0
226.0
110.0
50.0
147.0
172.0
165.0
165.0
216.0
99.0
53.0
52.0
91.0
151.0
142.0
156.0
156.0
191.0
165.0
57.0
52.0
55.0
54.0
55.0
54.0
54.0
52.0
53.0
53.0
53.0
52.0
52.0
53.0
53.0
53.0
53.0
54.0
0.0


49.0
49.0
48.0
49.0
48.0
47.0
50.0
49.0
49.0
51.0
46.0
67.0
167.0
168.0
172.0
176.0
136.0
55.0
49.0
48.0
126.0
146.0
107.0
126.0
169.0
120.0
73.0
168.0
174.0
172.0
172.0
208.0
88.0
50.0
63.0
126.0
157.0
151.0
157.0
160.0
232.0
106.0
46.0
54.0
56.0
55.0
55.0
54.0
53.0
53.0
53.0
52.0
52.0
53.0
53.0
54.0
53.0
52.0
53.0
54.0
0.0


49.0
49.0
48.0
50.0
48.0
47.0
49.0
50.0
49.0
51.0
49.0
47.0
123.0
168.0
150.0
151.0
165.0
77.0
45.0
48.0
118.0
130.0
115.0
137.0
140.0
151.0
125.0
142.0
158.0
158.0
144.0
153.0
91.0
64.0
113.0
156.0
158.0
161.0
159.0
183.0
192.0
67.0
49.0
56.0
54.0
56.0
55.0
54.0
53.0
53.0
53.0
52.0
52.0
53.0
52.0
52.0
54.0
53.0
53.0
54.0
0.0


47.0
48.0
48.0
49.0
48.0
48.0
50.0
49.0
49.0
49.0
51.0
43.0
86.0
148.0
136.0
140.0
165.0
114.0
49.0
48.0
120.0
146.0
135.0
144.0
146.0
157.0
144.0
139.0
144.0
133.0
122.0
106.0
101.0
104.0
121.0
130.0
142.0
160.0
171.0
225.0
131.0
49.0
56.0
58.0
57.0
55.0
55.0
53.0
53.0
52.0
52.0
53.0
52.0
52.0
52.0
52.0
53.0
55.0
53.0
53.0
0.0


48.0
48.0
47.0
48.0
48.0
48.0
50.0
49.0
49.0
49.0
51.0
45.0
69.0
144.0
137.0
138.0
147.0
154.0
60.0
48.0
133.0
150.0
154.0
157.0
155.0
155.0
166.0
151.0
137.0
133.0
124.0
114.0
104.0
108.0
114.0
119.0
128.0
142.0
170.0
231.0
93.0
46.0
59.0
56.0
57.0
57.0
55.0
54.0
54.0
52.0
52.0
52.0
52.0
53.0
52.0
53.0
53.0
54.0
53.0
53.0
0.0


48.0
47.0
47.0
47.0
47.0
48.0
49.0
49.0
49.0
50.0
51.0
48.0
54.0
132.0
141.0
138.0
138.0
174.0
87.0
55.0
120.0
127.0
161.0
159.0
161.0
159.0
201.0
193.0
136.0
123.0
126.0
108.0
105.0
118.0
121.0
128.0
136.0
141.0
172.0
193.0
73.0
50.0
60.0
57.0
57.0
56.0
56.0
55.0
53.0
52.0
52.0
52.0
52.0
52.0
52.0
53.0
54.0
53.0
54.0
54.0
0.0


48.0
48.0
47.0
47.0
47.0
49.0
49.0
49.0
50.0
50.0
51.0
52.0
44.0
109.0
145.0
137.0
141.0
149.0
127.0
93.0
102.0
133.0
155.0
155.0
163.0
181.0
197.0
197.0
184.0
134.0
113.0
109.0
123.0
134.0
134.0
148.0
138.0
153.0
192.0
174.0
61.0
54.0
59.0
57.0
58.0
57.0
55.0
54.0
53.0
53.0
53.0
52.0
52.0
52.0
52.0
52.0
53.0
53.0
53.0
53.0
0.0


48.0
48.0
47.0
47.0
47.0
48.0
50.0
49.0
49.0
50.0
50.0
54.0
43.0
84.0
149.0
134.0
138.0
136.0
107.0
88.0
104.0
138.0
153.0
162.0
170.0
177.0
182.0
182.0
204.0
180.0
114.0
124.0
139.0
133.0
142.0
136.0
133.0
175.0
205.0
155.0
55.0
57.0
58.0
57.0
57.0
57.0
55.0
54.0
54.0
53.0
53.0
52.0
52.0
52.0
52.0
52.0
53.0
53.0
52.0
53.0
0.0


48.0
47.0
46.0
46.0
46.0
47.0
49.0
50.0
50.0
50.0
50.0
52.0
46.0
67.0
142.0
141.0
136.0
116.0
98.0
96.0
119.0
143.0
152.0
160.0
171.0
178.0
183.0
186.0
189.0
209.0
156.0
125.0
133.0
139.0
140.0
112.0
147.0
162.0
214.0
129.0
51.0
59.0
60.0
57.0
56.0
57.0
55.0
54.0
54.0
53.0
52.0
52.0
53.0
52.0
52.0
52.0
53.0
53.0
53.0
54.0
0.0


48.0
48.0
48.0
47.0
46.0
47.0
50.0
50.0
49.0
50.0
49.0
51.0
49.0
60.0
137.0
138.0
119.0
112.0
112.0
114.0
133.0
151.0
157.0
161.0
167.0
184.0
189.0
195.0
194.0
197.0
206.0
147.0
137.0
147.0
116.0
139.0
156.0
154.0
234.0
98.0
60.0
68.0
57.0
58.0
57.0
56.0
55.0
54.0
54.0
53.0
53.0
52.0
52.0
53.0
53.0
51.0
53.0
53.0
53.0
55.0
0.0


48.0
48.0
47.0
47.0
47.0
48.0
49.0
48.0
49.0
50.0
50.0
51.0
50.0
53.0
120.0
125.0
121.0
120.0
118.0
122.0
140.0
153.0
158.0
164.0
166.0
176.0
181.0
186.0
192.0
197.0
205.0
193.0
142.0
120.0
136.0
143.0
144.0
177.0
201.0
77.0
58.0
68.0
58.0
58.0
57.0
57.0
54.0
54.0
55.0
54.0
53.0
52.0
52.0
53.0
52.0
53.0
52.0
52.0
54.0
54.0
0.0


49.0
48.0
47.0
46.0
46.0
49.0
48.0
49.0
49.0
49.0
50.0
50.0
51.0
51.0
116.0
130.0
121.0
119.0
121.0
126.0
139.0
151.0
159.0
166.0
171.0
171.0
180.0
182.0
181.0
192.0
196.0
222.0
155.0
109.0
110.0
119.0
162.0
159.0
175.0
74.0
57.0
61.0
59.0
57.0
55.0
56.0
55.0
54.0
54.0
54.0
53.0
53.0
53.0
52.0
53.0
52.0
52.0
52.0
53.0
54.0
0.0


49.0
49.0
48.0
46.0
49.0
49.0
48.0
48.0
51.0
50.0
51.0
51.0
52.0
48.0
106.0
137.0
118.0
120.0
123.0
131.0
141.0
148.0
158.0
177.0
178.0
165.0
172.0
184.0
182.0
188.0
196.0
194.0
207.0
131.0
126.0
169.0
160.0
159.0
178.0
69.0
60.0
63.0
59.0
56.0
57.0
55.0
55.0
54.0
54.0
53.0
52.0
51.0
52.0
52.0
52.0
52.0
51.0
52.0
52.0
54.0
0.0


48.0
50.0
48.0
47.0
47.0
48.0
48.0
48.0
50.0
50.0
51.0
50.0
52.0
48.0
87.0
144.0
121.0
123.0
128.0
134.0
142.0
153.0
174.0
174.0
167.0
170.0
169.0
176.0
183.0
180.0
188.0
192.0
193.0
198.0
169.0
163.0
156.0
167.0
177.0
66.0
61.0
61.0
58.0
56.0
57.0
56.0
54.0
53.0
53.0
54.0
54.0
53.0
53.0
53.0
52.0
52.0
52.0
53.0
53.0
53.0
0.0


49.0
49.0
48.0
47.0
48.0
49.0
48.0
49.0
49.0
50.0
51.0
50.0
53.0
47.0
74.0
138.0
121.0
127.0
138.0
149.0
151.0
155.0
160.0
158.0
170.0
181.0
173.0
160.0
170.0
177.0
179.0
185.0
186.0
187.0
184.0
170.0
160.0
170.0
186.0
75.0
61.0
63.0
58.0
56.0
57.0
57.0
55.0
53.0
53.0
53.0
54.0
55.0
53.0
53.0
53.0
53.0
53.0
53.0
52.0
53.0
0.0


49.0
49.0
49.0
48.0
49.0
49.0
49.0
49.0
50.0
51.0
51.0
51.0
54.0
48.0
68.0
138.0
135.0
142.0
140.0
131.0
131.0
141.0
149.0
159.0
176.0
180.0
165.0
151.0
161.0
172.0
175.0
178.0
183.0
185.0
190.0
181.0
159.0
167.0
201.0
83.0
59.0
64.0
57.0
56.0
57.0
57.0
55.0
55.0
54.0
53.0
52.0
53.0
54.0
53.0
53.0
53.0
53.0
53.0
51.0
53.0
0.0


49.0
50.0
48.0
48.0
48.0
51.0
50.0
47.0
50.0
52.0
51.0
52.0
53.0
50.0
65.0
138.0
132.0
125.0
121.0
119.0
131.0
146.0
154.0
165.0
174.0
171.0
154.0
146.0
150.0
157.0
172.0
175.0
179.0
183.0
186.0
186.0
179.0
171.0
204.0
86.0
58.0
64.0
57.0
56.0
56.0
55.0
55.0
54.0
54.0
54.0
52.0
52.0
53.0
54.0
52.0
52.0
53.0
52.0
52.0
52.0
0.0


48.0
48.0
48.0
48.0
47.0
50.0
50.0
48.0
50.0
52.0
52.0
52.0
54.0
51.0
61.0
129.0
125.0
123.0
123.0
122.0
130.0
143.0
154.0
164.0
166.0
160.0
147.0
135.0
126.0
146.0
155.0
174.0
174.0
176.0
181.0
182.0
189.0
181.0
208.0
90.0
60.0
63.0
56.0
56.0
57.0
56.0
55.0
54.0
54.0
54.0
53.0
54.0
53.0
54.0
52.0
51.0
52.0
52.0
51.0
49.0
0.0


49.0
49.0
49.0
48.0
49.0
49.0
49.0
50.0
51.0
52.0
51.0
53.0
54.0
53.0
58.0
123.0
128.0
125.0
122.0
121.0
129.0
140.0
148.0
153.0
161.0
144.0
139.0
113.0
98.0
144.0
151.0
164.0
175.0
174.0
177.0
179.0
188.0
190.0
215.0
85.0
58.0
62.0
56.0
56.0
56.0
56.0
55.0
54.0
54.0
54.0
53.0
53.0
52.0
52.0
53.0
51.0
51.0
50.0
50.0
49.0
0.0


50.0
49.0
48.0
49.0
48.0
49.0
50.0
49.0
51.0
52.0
52.0
53.0
53.0
53.0
56.0
123.0
131.0
124.0
124.0
121.0
126.0
135.0
139.0
152.0
156.0
132.0
132.0
104.0
85.0
121.0
153.0
166.0
170.0
168.0
169.0
177.0
194.0
198.0
199.0
78.0
59.0
61.0
57.0
57.0
56.0
56.0
54.0
53.0
53.0
53.0
53.0
52.0
52.0
52.0
54.0
53.0
51.0
50.0
49.0
49.0
0.0


49.0
50.0
49.0
49.0
49.0
50.0
50.0
51.0
52.0
53.0
53.0
53.0
54.0
54.0
54.0
123.0
133.0
122.0
122.0
116.0
118.0
129.0
134.0
149.0
142.0
120.0
128.0
104.0
94.0
110.0
143.0
167.0
176.0
170.0
168.0
183.0
204.0
208.0
174.0
66.0
59.0
61.0
57.0
57.0
56.0
55.0
54.0
54.0
54.0
53.0
53.0
53.0
52.0
53.0
53.0
52.0
50.0
50.0
49.0
50.0
0.0


50.0
51.0
50.0
49.0
50.0
50.0
50.0
52.0
52.0
53.0
53.0
54.0
54.0
55.0
52.0
115.0
140.0
122.0
120.0
113.0
116.0
129.0
135.0
145.0
117.0
116.0
126.0
103.0
112.0
114.0
139.0
158.0
181.0
185.0
189.0
205.0
203.0
218.0
158.0
62.0
63.0
60.0
58.0
57.0
56.0
55.0
54.0
54.0
54.0
53.0
52.0
52.0
53.0
52.0
53.0
51.0
52.0
51.0
50.0
51.0
0.0


50.0
51.0
50.0
50.0
49.0
50.0
51.0
52.0
53.0
53.0
54.0
55.0
55.0
57.0
52.0
102.0
153.0
125.0
123.0
112.0
119.0
129.0
133.0
138.0
103.0
123.0
124.0
112.0
120.0
128.0
134.0
150.0
171.0
195.0
204.0
215.0
200.0
226.0
143.0
61.0
63.0
59.0
58.0
56.0
56.0
56.0
54.0
54.0
54.0
53.0
52.0
53.0
53.0
52.0
52.0
51.0
51.0
51.0
51.0
50.0
0.0


50.0
51.0
50.0
49.0
51.0
50.0
50.0
51.0
53.0
54.0
55.0
55.0
55.0
58.0
52.0
86.0
159.0
128.0
123.0
115.0
123.0
126.0
130.0
124.0
104.0
138.0
121.0
120.0
122.0
135.0
140.0
148.0
170.0
189.0
208.0
216.0
198.0
244.0
126.0
56.0
64.0
59.0
58.0
56.0
55.0
55.0
55.0
54.0
53.0
52.0
52.0
52.0
51.0
51.0
51.0
50.0
49.0
51.0
53.0
52.0
0.0


49.0
49.0
51.0
50.0
49.0
51.0
51.0
52.0
53.0
54.0
56.0
56.0
56.0
57.0
54.0
72.0
154.0
140.0
129.0
123.0
126.0
121.0
127.0
117.0
115.0
139.0
120.0
127.0
127.0
135.0
148.0
156.0
172.0
188.0
205.0
216.0
198.0
249.0
108.0
56.0
64.0
59.0
57.0
56.0
54.0
53.0
53.0
53.0
52.0
53.0
52.0
51.0
50.0
50.0
50.0
48.0
48.0
50.0
52.0
52.0
0.0


50.0
50.0
50.0
50.0
50.0
51.0
52.0
52.0
54.0
55.0
56.0
56.0
56.0
57.0
57.0
59.0
134.0
151.0
132.0
134.0
130.0
119.0
119.0
109.0
120.0
135.0
124.0
134.0
134.0
140.0
151.0
165.0
182.0
195.0
207.0
211.0
199.0
244.0
93.0
59.0
64.0
59.0
58.0
55.0
55.0
55.0
52.0
52.0
53.0
51.0
50.0
50.0
50.0
50.0
50.0
49.0
49.0
52.0
50.0
51.0
0.0


50.0
52.0
50.0
51.0
51.0
51.0
52.0
52.0
53.0
55.0
56.0
56.0
57.0
58.0
61.0
53.0
102.0
161.0
135.0
142.0
135.0
116.0
118.0
104.0
123.0
135.0
130.0
138.0
142.0
151.0
158.0
168.0
187.0
205.0
211.0
208.0
204.0
211.0
81.0
62.0
63.0
59.0
58.0
55.0
54.0
52.0
51.0
52.0
51.0
49.0
48.0
49.0
50.0
50.0
49.0
50.0
48.0
50.0
50.0
51.0
0.0


50.0
50.0
51.0
50.0
52.0
51.0
52.0
52.0
53.0
55.0
55.0
56.0
57.0
57.0
62.0
56.0
74.0
157.0
144.0
144.0
136.0
118.0
118.0
104.0
131.0
139.0
137.0
146.0
152.0
165.0
171.0
182.0
196.0
206.0
213.0
200.0
231.0
168.0
67.0
63.0
63.0
60.0
56.0
53.0
52.0
52.0
51.0
52.0
51.0
50.0
49.0
49.0
50.0
50.0
49.0
49.0
51.0
51.0
49.0
52.0
0.0


51.0
50.0
51.0
50.0
51.0
52.0
51.0
51.0
53.0
55.0
56.0
57.0
59.0
59.0
61.0
61.0
60.0
123.0
155.0
143.0
135.0
133.0
124.0
114.0
139.0
150.0
142.0
157.0
162.0
171.0
181.0
192.0
203.0
212.0
217.0
194.0
255.0
118.0
60.0
64.0
63.0
60.0
56.0
54.0
52.0
52.0
52.0
51.0
52.0
51.0
50.0
49.0
48.0
50.0
50.0
49.0
50.0
50.0
50.0
52.0
0.0


51.0
51.0
51.0
51.0
52.0
52.0
52.0
52.0
53.0
54.0
56.0
57.0
60.0
61.0
61.0
64.0
57.0
89.0
154.0
144.0
140.0
147.0
132.0
134.0
144.0
156.0
150.0
162.0
171.0
179.0
188.0
201.0
209.0
217.0
211.0
208.0
234.0
84.0
60.0
66.0
62.0
60.0
57.0
55.0
53.0
52.0
52.0
52.0
52.0
53.0
50.0
49.0
50.0
51.0
49.0
49.0
50.0
50.0
51.0
50.0
0.0


50.0
52.0
52.0
52.0
53.0
52.0
52.0
53.0
54.0
54.0
55.0
58.0
59.0
61.0
61.0
64.0
62.0
71.0
140.0
143.0
142.0
150.0
145.0
157.0
152.0
155.0
158.0
169.0
177.0
191.0
198.0
205.0
212.0
220.0
203.0
244.0
168.0
71.0
64.0
66.0
62.0
59.0
56.0
55.0
53.0
52.0
52.0
52.0
52.0
53.0
51.0
51.0
51.0
51.0
51.0
50.0
50.0
50.0
50.0
51.0
0.0


50.0
51.0
52.0
52.0
52.0
53.0
53.0
54.0
53.0
53.0
55.0
58.0
60.0
62.0
61.0
62.0
67.0
60.0
113.0
152.0
148.0
154.0
158.0
167.0
156.0
155.0
156.0
177.0
193.0
196.0
203.0
211.0
216.0
218.0
205.0
245.0
166.0
72.0
64.0
66.0
61.0
60.0
57.0
55.0
54.0
54.0
53.0
52.0
52.0
51.0
51.0
52.0
51.0
51.0
51.0
49.0
50.0
50.0
50.0
50.0
0.0


50.0
50.0
52.0
52.0
52.0
54.0
53.0
52.0
54.0
55.0
56.0
59.0
61.0
61.0
63.0
63.0
68.0
60.0
86.0
173.0
160.0
165.0
165.0
168.0
159.0
170.0
168.0
173.0
193.0
201.0
205.0
210.0
217.0
219.0
215.0
225.0
200.0
87.0
64.0
65.0
63.0
60.0
57.0
56.0
54.0
53.0
53.0
53.0
52.0
52.0
52.0
52.0
52.0
52.0
52.0
51.0
50.0
51.0
50.0
52.0
0.0


51.0
50.0
52.0
51.0
51.0
54.0
53.0
52.0
53.0
54.0
55.0
59.0
60.0
62.0
63.0
65.0
67.0
69.0
67.0
132.0
187.0
180.0
182.0
182.0
175.0
177.0
180.0
180.0
189.0
198.0
204.0
215.0
223.0
225.0
224.0
211.0
240.0
108.0
64.0
64.0
62.0
59.0
56.0
56.0
55.0
53.0
53.0
53.0
53.0
53.0
52.0
52.0
52.0
52.0
51.0
52.0
52.0
51.0
51.0
51.0
0.0


51.0
50.0
52.0
52.0
51.0
53.0
53.0
53.0
53.0
54.0
53.0
56.0
61.0
64.0
64.0
66.0
67.0
70.0
67.0
80.0
174.0
194.0
199.0
196.0
187.0
180.0
182.0
184.0
190.0
196.0
201.0
212.0
221.0
221.0
223.0
209.0
241.0
139.0
66.0
66.0
60.0
58.0
56.0
55.0
55.0
54.0
53.0
53.0
53.0
52.0
53.0
52.0
52.0
52.0
52.0
51.0
51.0
51.0
50.0
52.0
0.0


51.0
51.0
51.0
52.0
52.0
53.0
54.0
54.0
53.0
55.0
56.0
57.0
60.0
63.0
64.0
65.0
66.0
69.0
74.0
66.0
114.0
197.0
187.0
197.0
194.0
197.0
199.0
195.0
194.0
199.0
203.0
213.0
217.0
218.0
221.0
213.0
221.0
182.0
78.0
62.0
62.0
59.0
57.0
55.0
55.0
55.0
54.0
54.0
53.0
54.0
52.0
52.0
51.0
51.0
51.0
52.0
51.0
52.0
51.0
52.0
0.0


50.0
51.0
52.0
51.0
52.0
53.0
54.0
54.0
54.0
54.0
55.0
59.0
61.0
62.0
63.0
64.0
68.0
69.0
72.0
71.0
78.0
159.0
193.0
189.0
192.0
192.0
194.0
191.0
191.0
198.0
201.0
210.0
215.0
216.0
219.0
218.0
207.0
230.0
101.0
59.0
61.0
57.0
58.0
56.0
55.0
54.0
53.0
54.0
54.0
52.0
51.0
52.0
51.0
51.0
52.0
51.0
51.0
52.0
52.0
51.0
0.0


50.0
50.0
51.0
54.0
53.0
53.0
53.0
53.0
54.0
54.0
55.0
57.0
60.0
64.0
65.0
66.0
68.0
70.0
70.0
74.0
69.0
119.0
199.0
182.0
189.0
183.0
185.0
187.0
187.0
187.0
190.0
203.0
211.0
213.0
213.0
217.0
205.0
243.0
133.0
64.0
62.0
58.0
57.0
56.0
55.0
55.0
54.0
54.0
54.0
54.0
52.0
53.0
51.0
52.0
53.0
51.0
52.0
52.0
51.0
51.0
0.0


51.0
51.0
51.0
52.0
53.0
53.0
54.0
55.0
54.0
55.0
56.0
58.0
61.0
62.0
64.0
67.0
66.0
69.0
70.0
74.0
71.0
95.0
175.0
175.0
177.0
176.0
176.0
180.0
182.0
181.0
187.0
197.0
206.0
208.0
212.0
212.0
209.0
225.0
178.0
76.0
62.0
63.0
59.0
56.0
57.0
56.0
56.0
55.0
55.0
54.0
52.0
53.0
53.0
52.0
53.0
53.0
51.0
52.0
53.0
52.0
0.0


52.0
51.0
51.0
51.0
52.0
52.0
54.0
54.0
54.0
56.0
57.0
58.0
62.0
62.0
63.0
67.0
69.0
69.0
71.0
75.0
71.0
87.0
157.0
167.0
164.0
165.0
169.0
177.0
179.0
179.0
181.0
184.0
198.0
206.0
207.0
209.0
214.0
212.0
230.0
94.0
60.0
66.0
61.0
59.0
58.0
56.0
56.0
54.0
56.0
54.0
55.0
54.0
52.0
53.0
54.0
54.0
52.0
53.0
53.0
53.0
0.0


0.0
0.0
0.0
0.0
0.0
0.0
0.0
0.0
0.0
0.0
0.0
0.0
0.0
0.0
0.0
0.0
0.0
0.0
0.0
0.0
0.0
0.0
0.0
0.0
0.0
0.0
0.0
0.0
0.0
0.0
0.0
0.0
0.0
0.0
0.0
0.0
0.0
0.0
0.0
0.0
0.0
0.0
0.0
0.0
0.0
0.0
0.0
0.0
0.0
0.0
0.0
0.0
0.0
0.0
0.0
0.0
0.0
0.0
0.0
0.0
0.0


