50.0
48.0
49.0
50.0
50.0
50.0
50.0
51.0
52.0
52.0
52.0
53.0
54.0
54.0
54.0
53.0
53.0
54.0
53.0
53.0
54.0
54.0
54.0
55.0
53.0
52.0
53.0
52.0
54.0
57.0
0.0


49.0
49.0
49.0
50.0
50.0
50.0
51.0
51.0
52.0
52.0
52.0
53.0
53.0
54.0
54.0
53.0
55.0
57.0
52.0
53.0
53.0
54.0
54.0
53.0
52.0
53.0
54.0
54.0
55.0
56.0
0.0


49.0
50.0
49.0
50.0
49.0
50.0
51.0
51.0
52.0
52.0
52.0
53.0
53.0
49.0
52.0
50.0
71.0
134.0
66.0
49.0
53.0
52.0
52.0
52.0
52.0
53.0
53.0
54.0
55.0
56.0
0.0


49.0
50.0
49.0
49.0
49.0
50.0
51.0
52.0
52.0
52.0
52.0
52.0
55.0
90.0
65.0
45.0
81.0
171.0
75.0
47.0
55.0
52.0
53.0
50.0
50.0
50.0
49.0
51.0
53.0
55.0
0.0


49.0
50.0
51.0
49.0
50.0
50.0
50.0
51.0
52.0
52.0
53.0
51.0
61.0
155.0
85.0
42.0
89.0
164.0
77.0
47.0
54.0
50.0
105.0
93.0
47.0
50.0
48.0
50.0
52.0
55.0
0.0


49.0
50.0
51.0
50.0
50.0
50.0
50.0
52.0
52.0
52.0
53.0
49.0
67.0
151.0
85.0
44.0
111.0
174.0
72.0
47.0
51.0
58.0
150.0
112.0
45.0
50.0
49.0
50.0
53.0
54.0
0.0


50.0
51.0
50.0
50.0
50.0
49.0
50.0
47.0
48.0
51.0
52.0
48.0
76.0
163.0
90.0
50.0
128.0
158.0
66.0
48.0
48.0
81.0
161.0
92.0
45.0
51.0
50.0
52.0
54.0
54.0
0.0


50.0
51.0
50.0
50.0
51.0
50.0
48.0
65.0
59.0
48.0
52.0
47.0
79.0
182.0
86.0
57.0
145.0
147.0
59.0
48.0
53.0
116.0
174.0
70.0
46.0
52.0
51.0
52.0
54.0
54.0
0.0


50.0
51.0
51.0
50.0
50.0
50.0
44.0
106.0
115.0
45.0
51.0
47.0
83.0
182.0
81.0
75.0
176.0
136.0
54.0
47.0
71.0
141.0
143.0
53.0
51.0
52.0
52.0
52.0
53.0
52.0
0.0


50.0
50.0
51.0
50.0
50.0
51.0
44.0
89.0
162.0
56.0
46.0
46.0
91.0
184.0
85.0
94.0
181.0
129.0
50.0
56.0
109.0
169.0
109.0
46.0
53.0
52.0
52.0
52.0
52.0
52.0
0.0


49.0
50.0
51.0
50.0
50.0
51.0
44.0
70.0
194.0
84.0
43.0
49.0
103.0
193.0
96.0
98.0
168.0
112.0
46.0
79.0
148.0
195.0
78.0
47.0
53.0
51.0
51.0
51.0
51.0
51.0
0.0


49.0
50.0
50.0
51.0
50.0
50.0
48.0
53.0
144.0
124.0
49.0
50.0
98.0
155.0
102.0
109.0
181.0
90.0
53.0
104.0
150.0
146.0
53.0
52.0
52.0
51.0
51.0
51.0
51.0
51.0
0.0


50.0
50.0
50.0
51.0
50.0
50.0
51.0
46.0
105.0
179.0
72.0
46.0
98.0
160.0
105.0
128.0
190.0
71.0
75.0
135.0
177.0
85.0
47.0
55.0
51.0
50.0
50.0
51.0
51.0
51.0
0.0


50.0
50.0
49.0
50.0
50.0
50.0
51.0
46.0
82.0
173.0
105.0
43.0
103.0
152.0
110.0
132.0
145.0
71.0
115.0
179.0
143.0
54.0
55.0
54.0
51.0
50.0
50.0
51.0
51.0
51.0
0.0


50.0
50.0
50.0
49.0
49.0
49.0
50.0
48.0
59.0
125.0
130.0
63.0
98.0
130.0
141.0
130.0
107.0
98.0
127.0
178.0
100.0
50.0
57.0
53.0
50.0
49.0
49.0
50.0
51.0
52.0
0.0


50.0
50.0
50.0
49.0
49.0
49.0
50.0
51.0
50.0
105.0
133.0
94.0
88.0
145.0
179.0
173.0
114.0
121.0
130.0
169.0
76.0
55.0
56.0
52.0
50.0
50.0
49.0
50.0
51.0
52.0
0.0


50.0
50.0
50.0
50.0
49.0
49.0
51.0
52.0
47.0
87.0
120.0
95.0
113.0
141.0
177.0
213.0
170.0
126.0
135.0
151.0
68.0
59.0
55.0
51.0
50.0
50.0
49.0
50.0
51.0
51.0
0.0


50.0
50.0
50.0
50.0
50.0
50.0
51.0
54.0
49.0
77.0
116.0
105.0
125.0
147.0
171.0
198.0
225.0
137.0
136.0
146.0
66.0
62.0
54.0
52.0
50.0
51.0
51.0
50.0
51.0
51.0
0.0


50.0
50.0
50.0
50.0
50.0
51.0
52.0
55.0
50.0
71.0
127.0
120.0
133.0
156.0
162.0
175.0
203.0
192.0
181.0
151.0
69.0
59.0
55.0
53.0
52.0
51.0
51.0
51.0
52.0
52.0
0.0


50.0
50.0
50.0
51.0
51.0
52.0
54.0
55.0
54.0
63.0
130.0
126.0
129.0
159.0
158.0
148.0
180.0
189.0
192.0
170.0
74.0
56.0
56.0
54.0
53.0
52.0
52.0
52.0
52.0
52.0
0.0


51.0
51.0
51.0
52.0
52.0
53.0
54.0
56.0
57.0
60.0
120.0
125.0
124.0
153.0
151.0
122.0
138.0
182.0
186.0
183.0
73.0
56.0
56.0
53.0
53.0
53.0
52.0
52.0
50.0
49.0
0.0


52.0
52.0
52.0
52.0
53.0
53.0
54.0
56.0
58.0
60.0
121.0
127.0
118.0
141.0
131.0
107.0
115.0
173.0
193.0
180.0
70.0
56.0
56.0
53.0
53.0
52.0
52.0
51.0
49.0
46.0
0.0


52.0
53.0
52.0
53.0
54.0
54.0
55.0
57.0
60.0
57.0
114.0
142.0
122.0
128.0
126.0
119.0
128.0
160.0
231.0
175.0
69.0
59.0
57.0
55.0
53.0
53.0
52.0
51.0
50.0
49.0
0.0


53.0
53.0
53.0
54.0
55.0
55.0
56.0
57.0
61.0
59.0
93.0
162.0
134.0
116.0
126.0
133.0
145.0
172.0
241.0
156.0
66.0
62.0
59.0
57.0
55.0
54.0
52.0
52.0
53.0
53.0
0.0


54.0
55.0
54.0
54.0
55.0
56.0
56.0
57.0
61.0
63.0
71.0
143.0
148.0
129.0
139.0
155.0
172.0
195.0
246.0
120.0
66.0
66.0
60.0
58.0
55.0
54.0
53.0
54.0
55.0
55.0
0.0


56.0
55.0
54.0
54.0
55.0
56.0
57.0
58.0
61.0
66.0
64.0
112.0
161.0
155.0
159.0
172.0
201.0
213.0
231.0
95.0
69.0
68.0
62.0
60.0
59.0
58.0
58.0
58.0
59.0
58.0
0.0


55.0
54.0
54.0
54.0
55.0
57.0
58.0
59.0
61.0
67.0
69.0
87.0
175.0
185.0
180.0
186.0
206.0
213.0
246.0
105.0
70.0
71.0
67.0
65.0
63.0
63.0
63.0
63.0
63.0
62.0
0.0


55.0
55.0
54.0
54.0
56.0
57.0
59.0
59.0
62.0
67.0
72.0
73.0
127.0
218.0
199.0
196.0
198.0
207.0
248.0
132.0
73.0
73.0
69.0
68.0
67.0
66.0
66.0
66.0
64.0
64.0
0.0


54.0
55.0
54.0
55.0
56.0
56.0
58.0
59.0
61.0
67.0
72.0
74.0
99.0
181.0
176.0
180.0
182.0
193.0
236.0
170.0
80.0
74.0
72.0
70.0
69.0
68.0
69.0
68.0
66.0
65.0
0.0


54.0
54.0
54.0
55.0
55.0
56.0
59.0
61.0
63.0
68.0
74.0
78.0
95.0
160.0
161.0
165.0
170.0
179.0
208.0
214.0
96.0
75.0
77.0
74.0
72.0
71.0
70.0
69.0
69.0
68.0
0.0


0.0
0.0
0.0
0.0
0.0
0.0
0.0
0.0
0.0
0.0
0.0
0.0
0.0
0.0
0.0
0.0
0.0
0.0
0.0
0.0
0.0
0.0
0.0
0.0
0.0
0.0
0.0
0.0
0.0
0.0
0.0


