1.7013123230669605 -0.9377484548073576 -3.174126599598888 -4.7428343214216815 2.920797665762329 1.8555329250590318 -1.4629250323828304 -1.6472200725586534 1.7020602005800247 -2.5666952890437913 0.9456437121682436 2.5252743000948974 1.4253300620295126 0.011104245744547497 3.2599791136505845 
0.7705755655285275 3.3946112785283034 0.6878763845391992 1.6415595754766896 2.9443304696719945 1.4844968188021503 -1.7325355954057093 -1.7361972758946822 1.0665551932495885 0.11667792391490138 -3.572091408799449 2.6852473552083693 -4.2839170980634735 2.266756703719807 3.41019905536415 

0.1271127555160965 -1.3664782769106008 1.2002644060049874 0.35485389375979404 0.4641071079798946 0.9083481763229986 0.2625346635610299 0.10480835356772021 1.4249086921392384 1.3695363014816386 1.1515662652260445 1.1023238876600274 1.207094554546386 1.1279087790910112 1.3882858135397513 
0.3170151765178007 -1.9419732250074673 1.432363058834744 0.6214004279836346 0.3079260845855393 0.13237874349643247 0.9958182610720376 1.108483691141404 1.2528576212722962 1.2304642877706087 0.7186836334710138 1.2066530839849363 -0.0032069417381653353 1.1305942746033069 0.17974121162603632 
0.6028029358805572 3.305678663408506 0.19128170170187414 0.5981193436847808 1.169480200803784 1.4073891871535011 1.320651422010484 0.5672264286449321 0.91562433455692 1.4517047748914393 0.9819645346816106 0.7255947973298522 -1.425607038421289 0.4420072200087405 0.3771930575276699 
1.3332050036009107 3.9609682352787616 0.25436958848911245 0.5477022699588895 1.3820685348811124 0.5408378652552239 0.49466683459426075 1.0653054395289137 0.21034294770817397 1.1721598702115998 0.2780610021458696 1.3075860583195122 -2.15691423993966 0.44977007003145275 0.9458347472431584 
1.1654544904878954 0.2595764062785756 1.1242895460730773 1.2509258887479937 0.8996655122895456 0.5355914013636606 0.9031481703207336 0.3012487906683508 1.2437190208553148 0.8781851586639022 1.090009111938826 0.4450792755569984 1.9707175671339812 0.0817282211643646 0.873522864304121 
1.0323633762234987 -0.734547655332731 0.9342369593734208 1.2055326562699853 1.0034647579209364 0.44422537784087757 0.7316335972190293 0.6895044046407202 0.47380771772018093 1.4815330394663393 1.36707664162898 1.009935707027366 1.462289158185833 0.5880598542478518 0.7147343309295742 
0.777141323904949 1.9927043550711543 1.3129744883102956 1.0131708764121294 1.2891357601184588 1.3330585764113487 1.2411270480893721 0.873302707756007 0.5564585947826148 0.4050446113249873 1.4546169163171312 0.5093625334977605 -4.0774510227978675 0.02295598774916502 1.1534910305475907 
0.8905715064329658 1.4698205511115725 0.2662726021318115 0.03643249863910357 0.5310957036920387 0.8793601563024126 0.15742150513255898 0.18583015431695638 1.0843525868008432 0.5337652202496643 0.9586317191310186 0.28115419690437143 -3.348088484590199 0.6807579620250593 0.5215509374993808 
1.046514474107831 -0.9125069626893751 0.583632052630663 0.49600271285406916 0.9959442448460956 1.411964177682793 0.6714567216643545 0.5148657233151627 0.3563567933958238 0.9350530366019929 0.28398181635104897 0.7016864312754817 1.0785277931004238 -0.028785085455340052 1.2869753461785232 
0.37154243999842296 3.393997967395981 1.0605438502731612 1.38913556593038 0.342063190437914 1.1602516113858183 0.42808027287323824 0.5201247673022353 0.9991495713390703 1.437624645212183 1.4849397720727893 1.165388857988204 -2.6202239777697813 0.33703120169794826 0.1869372560797617 
1.4293452264353965 3.4236142032811214 1.2749946735304791 0.9066451459744809 1.4686537378689448 0.651802950281609 0.6496309158671575 0.13419344091352992 0.33737357858499745 1.1894573693080355 0.44730675551931515 0.1706368027708632 -2.731490488127134 -0.03126959489760617 0.3027320222298803 
0.3603270206065576 0.2778773307281043 0.7601403044007575 0.8667545074852218 0.8540370864264607 0.25045973431754726 0.47246860000863594 0.2291571096613071 0.9029275554959599 0.7180008907829429 0.5888383328395962 0.6284834811830967 1.2058565201428333 0.4587142058366917 1.1089943581914168 
1.4246427323169983 3.571627636471751 1.3014646866588422 0.09990334150339905 0.6417127389226084 1.3633394303185795 1.3764864354480606 0.15966029974221915 1.1628737542123533 1.2372693145822844 1.0956215793632493 0.8675041921759549 -1.030048144760052 1.057943455585827 1.0063253570961588 
0.15765880711156435 -1.5953038779769697 0.29453938998931495 0.22847026461291436 1.3961136884478584 1.156281541099448 1.2734710331101335 0.6133397902429132 0.13008579901803524 1.2998739714693581 1.225792159049586 1.3608327990855575 1.0740743774861916 0.7596948227534696 1.2506249910570846 
1.0111034959276102 0.7466749572127067 1.4671163296468563 0.314011201517473 0.8696685063068373 0.5355881068869981 1.0862414115282244 0.052115961933761 1.2601141108540095 1.14708907859337 0.5885932594830577 1.3738510818631713 2.1110374066422226 0.7872676346214192 0.46853327885997254 

-0.2521656779710789 -0.06074462906649091 -1.0420860490290298 
-7.155663081480143 -0.11732913355640025 8.278268040589358 
-0.6435450790793821 -0.39443517321399935 -1.1303840599918582 
0.04775336319360511 0.06507222389905482 -0.8315746654927038 
0.024920473118129206 -0.10605190736024271 -0.6523819550089109 
0.552097003889575 -0.17778980984760004 -0.3276996469077929 
0.6189252822119994 -0.03604194721224896 -0.9829175458439319 
0.26284012156830094 0.044630384537371025 -1.2382282244425542 
-0.5896718491637313 -0.4798469506628638 -1.4411958984546898 
0.6633876308156731 -0.7587257638690705 -1.3600533844238258 
0.5378992907282851 -1.0628978578201886 -0.6078279274501729 
0.5127909537735725 -0.8345052579837252 -0.2719050635138351 
1.326680514253344 9.316659870196535 8.102253299032247 
0.2513050439811548 0.3354453551407158 -1.0574907959282134 
0.10271879249736789 -0.8460521035852339 -1.3070312362807541 
